target_id,best_seed_id,q0,q1,q2,q3,q4,q5,pos_err_mm,rot_err_deg,pose_cost,limit_score,total_loss,iters,success_loose,success_medium,success_strict,near_limit,success_rank
0,14,3.937000663715144,5.086950937747508,-0.98433489477874425,0.73719229584025392,1.8671765287520012,0.80005974389990764,3.82764223557,0.0367058657836,1.5061262403085201e-05,0,7.5306312015426004e-06,17,1,1,1,0,0
1,0,-2.5049843669074634,-4.2898662036719291,1.2631112240304991,2.7076684315261641,2.8042412118708593,-4.1258030339129039,0.0704345977573,0.0193120963574,1.1857025161171432e-07,0,5.9285125805857162e-08,14,1,1,1,0,0
2,10,5.1374038829958133,-5.92974706510046,0.43173560413250189,4.16108268550484,-3.327838239555827,-6.0512931602820652,0.665457322107,0.162061266231,8.4432608904992322e-06,0,4.2216304452496161e-06,10,1,1,1,0,0
3,12,5.9235827192368573,2.5083138522127624,-2.6131188554680707,-6.1961709520134214,1.4223697981677033,-5.2057528002573719,4.99047077745,0.184430034005,3.5266188749967713e-05,0,1.7633094374983857e-05,37,1,1,1,0,0
4,2,-2.1475901205948307,-0.41935481827276111,0.34826477608256595,5.4479564474863942,-4.523797866661206,-0.70883148874313229,0.0914351400544,0.437400003042,5.8287388223417606e-05,0,2.9143694111708803e-05,23,1,1,1,0,0
5,2,3.1350169172734192,-5.8368378738470952,-1.7645962310648311,5.5132394547503907,-5.8563566282315715,-4.701478676599125,0.0640065268652,0.0694411928551,1.4729861792344937e-06,0,7.3649308961724687e-07,16,1,1,1,0,0
6,4,5.2242161223131607,-4.7109537142117013,1.5827344304025033,-1.2773292061702874,-1.1521503836179658,-3.9134835369080037,0.0228564143449,0.0410214246258,5.1311959592964644e-07,0,2.5655979796482322e-07,32,1,1,1,0,0
7,2,4.0441249392928302,1.3638988906244589,1.2063243277187625,-0.84507345633732966,-1.3306250085826434,-2.5795858656969735,0.0478583388661,0.0545818272834,9.097992870847734e-07,0,4.548996435423867e-07,17,1,1,1,0,0
8,8,-5.0641504987574839,-4.6315204718330207,2.7936286635842924,-0.85295111165535797,-4.4594732867220914,2.7808072210871848,0.156804986628,0.020492486628,1.5250945482945978e-07,0,7.6254727414729889e-08,10,1,1,1,0,0
9,15,-3.2873161445998571,2.3527400907228966,-2.8820940439180318,5.1588864535769954,1.8027645959793901,1.9010466049504033,0.176198685658,0.0245848009101,2.1516053350515245e-07,0,1.0758026675257623e-07,17,1,1,1,0,0
10,6,6.0716865354416045,-5.8500345291569928,-2.9721749540541924,-3.3626060927183068,4.0827622937051045,-4.7360999010528548,3.76063833135,0.239433908697,3.1605689845815732e-05,0,1.5802844922907866e-05,34,1,1,1,0,0
11,14,0.64700711128949195,2.0951512695943375,2.8718125846382652,-2.0259932311452489,-1.6598152841022042,-5.5099789124777514,0.100170785566,0.0333961626032,3.4977511453175411e-07,0,1.7488755726587706e-07,25,1,1,1,0,0
12,7,4.5643273034876408,-4.5491373214340527,2.6048024397539749,5.2188332802313866,-3.0810013879651268,2.8366264112749082,3.30030588963,0.087697965903,1.3234811199431044e-05,0,6.6174055997155218e-06,54,1,1,1,0,0
13,10,5.2488675150915851,-0.091787304743153553,-1.9985890705357314,-5.1162263487936572,1.7859422017369764,-0.73615309900071679,0.0316225811528,0.000392555482794,1.0469291243836848e-09,0,5.2346456219184242e-10,17,1,1,1,0,0
14,2,-4.6037418671185062,0.50664780743614479,-1.4802503317971742,5.3169204535932746,-4.2788891118633199,1.4781190617014157,0.0458424359928,0.152268963528,7.0649114488235938e-06,0,3.5324557244117969e-06,12,1,1,1,0,0
15,2,5.2376363550723752,-0.77294968545179543,0.835071312621952,-2.5844807486652663,-0.26807380502463779,-0.09426099975917987,0.113153392722,0.175518822764,9.3971090253637187e-06,0,4.6985545126818594e-06,28,1,1,1,0,0
16,6,-0.047718135671878832,0.54235636580186841,-1.4713374341708054,-3.5083151369234264,5.0918397370980708,1.842734573409208,0.0267158148266,0.148856748799,6.7505275526915931e-06,0,3.3752637763457965e-06,24,1,1,1,0,0
17,6,-1.8697635496850222,-3.0446636560219753,2.3203970346548974,-3.8030636133252624,4.6940178865556952,-2.6632122260323197,0.0261565760012,0.0177149540385,9.6279082258789216e-08,0,4.8139541129394608e-08,15,1,1,1,0,0
18,6,1.2455424693899655,4.582911340795178,-1.461460337225545,3.9004710234168543,-0.94004328443879281,5.5789907239539875,0.148375366632,0.034681038993,3.884013037293252e-07,0,1.942006518646626e-07,27,1,1,1,0,0
19,13,-2.9988027091475327,0.16759081760700717,0.76579516423608096,5.2734873120618078,-4.6771653088977496,1.6808918311744252,0.0169118052564,0.826042123102,0.00020785463877539423,0,0.00010392731938769711,38,1,1,1,0,0
20,4,-2.2978402384251275,2.6057075878697917,2.5853574245395894,5.1945863645593811,-5.2000909091733405,0.85114256094160978,0.0586503976024,0.000444928108405,3.5001715145496665e-09,0,1.7500857572748332e-09,32,1,1,1,0,0
21,7,-3.4547367940674523,2.9797212139329945,1.9647405073426554,-2.2599615462366627,-3.2466429776915069,5.52373760853225,0.560414494818,0.0626173176087,1.5084475180300987e-06,0,7.5422375901504936e-07,7,1,1,1,0,0
22,8,-3.6512432264840728,-0.43480616487209417,-0.27321410099686327,-1.3205003907641604,1.8369100005735755,3.3880261515191843,0.0512752177495,0.402494234333,4.9351141182771944e-05,0,2.4675570591385972e-05,19,1,1,1,0,0
23,12,-1.1803307008078441,-0.40195544455879961,-2.2930555362041782,-0.74019274967815785,-1.6626516700996088,2.1238503026208355,78.552860708,0.667143384446,0.0063061311365904182,0,0.0031530655682952091,60,0,0,0,0,3
24,15,4.2809969153020173,-5.7065298193762359,2.8825218951188782,-2.4520765960102398,-1.2994363387149168,-2.6940752410803088,0.864312738326,0.0026785571891,7.492220386741393e-07,0,3.7461101933706965e-07,21,1,1,1,0,0
25,1,-3.815963888396797,-2.4975864900163507,-1.2037428832646948,1.9355282495785917,-4.6590129558059896,2.6405633608409831,0.134659572794,0.0440697718379,6.0974433528075125e-07,0,3.0487216764037562e-07,12,1,1,1,0,0
26,14,-2.2283321940796532,-3.2428577418498281,2.554359977159693,-2.3232760584203755,-1.8843133602708597,2.0914494676671436,0.667699243607,0.0651382877803,1.7383129365530781e-06,0,8.6915646827653903e-07,16,1,1,1,0,0
27,0,2.2676038456518883,2.2131787645566865,0.11241046122812984,6.082949456988767,5.3712261240202599,-1.4642530278277943,0.0284648492751,0.508034934483,7.8622412357621743e-05,0,3.9311206178810871e-05,53,1,1,1,0,0
28,5,-1.5344604104508162,-4.1709463700337475,-1.0421235325013691,-4.248181657751779,4.7016805296120676,-3.1680191787405239,57.7569798735,0.100358771072,0.003338936795094925,0,0.0016694683975474625,60,0,0,0,0,3
29,5,-4.944925409449926,0.33992490489908284,-2.8681214572966645,3.1021306559284123,4.1130403915039064,5.9297044830057697,0.228510877839,0.774610215802,0.00018282906192392223,0,9.1414530961961114e-05,35,1,1,1,0,0
30,14,2.2734891313529455,-2.5057126154601876,2.0870737225086691,5.0733800107021585,1.3897165152628066,-3.6887992568016523,0.0441194711178,0.00362248518544,5.9438390317564167e-09,0,2.9719195158782084e-09,23,1,1,1,0,0
31,15,5.2156298839140867,-2.2057310794924274,3.0300024942882002,2.9804118260753176,1.7474248464878341,-0.31003756526237897,0.706852627621,0.00793832721343,5.188367249812354e-07,0,2.594183624906177e-07,30,1,1,1,0,0
32,0,-3.7962317306596409,-2.8428982035191694,2.3237991770902671,-4.0899462321676188,-1.5240931389460426,5.4296475061081777,0.0348094500677,0.000167305678394,1.220224418095098e-09,0,6.1011220904754898e-10,60,1,1,1,0,0
33,14,5.9464459430144894,2.0428634016808749,-2.9646945059671332,1.2148177624523424,-1.5507666321237779,1.4918998598676758,4.97827833403,0.0102665264085,2.4815362323689134e-05,0,1.2407681161844567e-05,14,1,1,1,0,0
34,13,0.76707788617610229,2.947655183281134,-2.3465498316546616,1.2304228180148797,4.6296681043640966,-5.120140141799018,0.0152053295849,0.000716955166296,3.8778292879684316e-10,0,1.9389146439842158e-10,22,1,1,1,0,0
35,6,0.50307481305719981,-4.3624192611788306,2.5263157747628346,-5.9557669886067055,-4.1992151347705535,3.7972080604060965,0.212252213933,0.0605570090317,1.162129182350926e-06,0,5.81064591175463e-07,16,1,1,1,0,0
36,7,-4.7734399595544632,-5.7575211090100966,1.458158587401206,4.2811686908215325,3.9244684028757431,-0.72903414172569725,0.173918005655,0.00172608780756,3.1155043470986325e-08,0,1.5577521735493162e-08,13,1,1,1,0,0
37,3,-0.81773674436340105,4.018535293371901,-2.5567411066113146,-4.6650812520087115,-1.6366762570836324,2.148871169239583,0.103026291104,0.107822068002,3.5519741889870975e-06,0,1.7759870944935487e-06,15,1,1,1,0,0
38,14,0.086074905969141344,-0.78975610688111397,-2.4051419399465099,-1.8751683507627708,-0.45334797513632491,-3.9657763029637358,0.0932253225548,0.00298960167246,1.1413545410122705e-08,0,5.7067727050613525e-09,25,1,1,1,0,0
39,1,-3.4094168386625863,1.0081832393748864,0.77826446533919158,-4.3313952276783976,-4.0003737592588768,-2.5961405760098639,0.389184890564,0.00790728299936,1.7051112111929766e-07,0,8.5255560559648828e-08,32,1,1,1,0,0
40,2,2.2569366571640628,-0.48740165003280339,-0.76751950412662517,-1.8237215870125503,-5.0553746089022207,-1.1441601355489763,0.0977674067911,0.157030829422,7.5210223659056656e-06,0,3.7605111829528328e-06,13,1,1,1,0,0
41,5,1.1102565118235999,-0.051164310691318438,2.3056711842060742,-0.26643104220030323,5.8742735759513351,1.3912231048831443,0.0543771657243,0.0682453596932,1.421690917422685e-06,0,7.1084545871134248e-07,12,1,1,1,0,0
42,15,1.2284266038061238,-4.5156171565035539,-1.7440469123831175,-2.3617877294432126,-4.4463062912426867,-1.3759176003415454,0.0403168518414,0.00298580746055,4.3411269105342921e-09,0,2.170563455267146e-09,21,1,1,1,0,0
43,10,0.97145976688044333,0.88560684616995133,1.3825914771980925,5.8155212734864605,-1.379400934292158,-5.3406412358615016,0.46291595961,0.033727238879,5.6080161640929906e-07,0,2.8040080820464953e-07,25,1,1,1,0,0
44,11,1.3941149856175938,1.6937089059115993,0.82452756882257994,3.1403948003111739,5.3782614123216579,-3.4471372320482345,0.450565736921,0.332835887337,3.3948444360661949e-05,0,1.6974222180330974e-05,15,1,1,1,0,0
45,9,-2.1488006076002901,1.6177152199807754,1.9453639109490819,-5.3301627464518351,-4.5077808845187635,-5.5990811318262903,0.0250817212798,0.035258549734,3.7931890773636835e-07,0,1.8965945386818417e-07,16,1,1,1,0,0
46,7,0.19906621679842029,4.4637406066042864,-0.47021106981016914,-1.4584850909297158,5.8973494289305517,-4.8317073127154107,0.531647645107,0.000770270933547,2.8282995333655122e-07,0,1.4141497666827561e-07,38,1,1,1,0,0
47,9,4.6672646392161266,-3.1179978973089635,1.2201309984157314,3.617039848822591,-2.512615015922711,-1.9114881510453698,2.0082761924,0.0866420343351,6.3198881403851645e-06,0,3.1599440701925823e-06,6,1,1,1,0,0
48,10,-5.3847571302349886,2.1695984624194469,-1.732435382429528,2.7016843693891972,5.7612033047017217,5.2677205437438737,0.302367542099,0.0425601564868,6.4320004802790805e-07,0,3.2160002401395402e-07,26,1,1,1,0,0
49,1,3.6108424604588074,0.90473888300658389,2.2583619111734796,5.5852532578298693,-1.854804131523911,-1.668585621175128,0.0171034205798,0.0637684718386,1.2389942861222344e-06,0,6.1949714306111721e-07,32,1,1,1,0,0
50,2,-1.6732270594950023,0.37017147889590152,-2.7054619327620162,4.1637737534780133,5.0823676685772128,3.5235961790514332,1.36605751473,0.0278966735195,2.1031738402992004e-06,0,1.0515869201496002e-06,53,1,1,1,0,0
51,12,-0.77587322922484769,2.0215865396885651,0.63074670064036165,-3.3475260570289613,1.4868960261591424,5.2802954440170291,0.234749494253,0.00147568456921,5.5770673637329402e-08,0,2.7885336818664701e-08,25,1,1,1,0,0
52,0,0.77497700229579281,5.0456534627318002,-3.0552049974171918,-2.364956584133465,2.2616239112307723,4.1831973832409899,15.226736401,0.0667137149439,0.00023320926819643211,3.7496496295321177e-07,0.00011661588304710466,60,1,0,0,1,2
53,12,-3.1000860535760308,0.26074093165305273,1.7527015080886317,1.9825360135114269,1.703679712101325,-4.2512185456742646,0.0202128406435,0.272567672734,2.263139202200722e-05,0,1.131569601100361e-05,11,1,1,1,0,0
54,10,3.6352052539201889,4.9853648919463405,1.4475165222889397,-4.0166603401242247,5.046995845876415,-2.717676498192886,0.0275826839626,0.00149006788026,1.4371472086336512e-09,0,7.185736043168256e-10,12,1,1,1,0,0
55,4,-0.43222197125990874,-2.6565982453303416,2.6631736086949411,4.5037662085854793,-4.1830581892847292,-0.30753917274678894,0.0667735312066,0.568052111054,9.8299382763016298e-05,0,4.9149691381508149e-05,31,1,1,1,0,0
56,9,2.8165560749507361,5.4862734378366014,0.54460805336694429,5.3268926922978519,2.549027881115058,-4.4326913501816811,0.916167553752,0.226189912725,1.6424161833512476e-05,0,8.2120809167562381e-06,10,1,1,1,0,0
57,6,1.5302174883009088,2.348837525123157,-1.0427903703958605,4.393739464782934,0.63692484416711148,-3.7069910989820105,0.0517095458955,0.00445894434108,8.7303369205114861e-09,0,4.365168460255743e-09,10,1,1,1,0,0
58,0,-5.9652422677629389,0.80874102448392138,-0.2012430043644676,0.41629344847382704,5.2120999542434232,-4.6400648939343512,1.01087980594,2.38680434752e-05,1.0218781555834096e-06,0,5.1093907779170479e-07,20,1,1,1,0,0
59,13,2.3951269618998383,1.5900147519062726,2.7484999712863312,1.7335718983791253,-3.0171027284993297,3.7090133335450126,0.240305123414,0.0266027720958,2.7332657982903419e-07,0,1.3666328991451709e-07,16,1,1,1,0,0
60,9,-2.3179217402977108,-5.3402797622234051,2.2955634441844999,4.6426323475594025,4.3702918427127164,3.7995419385162608,0.143362762131,0.0650689084776,1.3102917205495414e-06,0,6.5514586027477072e-07,24,1,1,1,0,0
61,4,1.917335242370295,1.0564454154634881,-0.97819836136231797,4.6238656755772318,-4.7502658411913474,-3.4245945426770699,0.0220599321953,0.000332691632594,5.2035679838881653e-10,0,2.6017839919440827e-10,24,1,1,1,0,0
62,5,-0.91481462759747678,-3.7856611712231945,2.1287956329302453,-2.9832562005850112,4.3908821712876707,-3.4828459787763069,0.0476655403488,0.00501219441568,9.9246308435683533e-09,0,4.9623154217841766e-09,18,1,1,1,0,0
63,15,-0.13331963296170399,5.821307697742351,1.7147347471462284,0.1755162664349908,4.3052226988309412,-4.532644128131011,0.0394289385524,0.020215414319,1.2604050253425479e-07,0,6.3020251267127393e-08,13,1,1,1,0,0
64,2,3.0952478050132632,2.5361879550019264,-0.78392082774465821,-0.99078995400078929,3.8260747635446628,-2.5424020675409471,0.444487169092,0.803762423118,0.00019699078901432528,0,9.849539450716264e-05,25,1,1,1,0,0
65,15,-1.8923868738127927,-1.851807912152478,0.66737352397892225,3.4814362295683523,4.303003536486953,-2.1216658243361857,28.4715868366,4.06847701594,0.0058528126909219826,0,0.0029264063454609913,60,1,0,0,0,2
66,9,2.3155687622655696,1.3201424588550135,1.6627917268472683,5.7532772610125864,4.8506588345406465,-1.2402555190369218,0.0151509020756,0.554445571307,9.3642637528244967e-05,0,4.6821318764122484e-05,21,1,1,1,0,0
67,6,5.4391638741490169,-4.5349736287077587,1.8818262434229491,-3.1344200696034825,5.6484631100312503,-2.9760972663128258,1.30374680616,0.077332305047,3.5214548438856092e-06,0,1.7607274219428046e-06,20,1,1,1,0,0
68,3,-4.2272970901321152,2.5199913728119538,-2.0414678993137247,5.4911929472912826,2.6909094012364947,3.1557340856527891,0.0682427805518,0.509652909757,7.9127840332377701e-05,0,3.9563920166188851e-05,23,1,1,1,0,0
69,4,1.9014233677533963,-4.8429133837138503,-1.3817706199249422,5.212188520294406,-5.309632814507534,-3.6404255579226872,0.0499527275567,0.132072409359,5.3159738826823032e-06,0,2.6579869413411516e-06,19,1,1,1,0,0
70,3,-4.143711504300672,-3.4263230360368531,2.5841663936015649,0.12912437253676057,-4.5309603459470642,-3.9122273566177497,1.8879522627,0.0388434409281,4.0239744397109157e-06,0,2.0119872198554578e-06,39,1,1,1,0,0
71,15,-3.269042440827703,-5.4363454349389819,2.1641379358187698,5.0153928816977205,-1.7172557917046887,-1.6522052546940875,0.0478121205364,0.0402074235024,4.9474176151333688e-07,0,2.4737088075666844e-07,14,1,1,1,0,0
72,14,2.1734737181804689,-2.9076422448682271,-0.33961730668511259,-4.1389529416631214,-4.185270637716962,3.2025756588512384,0.235981259957,0.0321364891061,3.7028199311238368e-07,0,1.8514099655619184e-07,16,1,1,1,0,0
73,12,-0.752517132114495,-4.6977965763712541,-2.8892206679320327,2.2872461160314841,4.7624749704757727,1.7504752210110195,3.63859957879,0.295364960656,3.9814370715915616e-05,0,1.9907185357957808e-05,23,1,1,1,0,0
74,6,-1.0133780382155793,-1.6750395370989075,0.95320257552487297,-4.1464348292394746,4.2352148200688902,2.765320510823337,0.276868447342,0.000145640396687,7.6662598411585989e-08,0,3.8331299205792994e-08,19,1,1,1,0,0
75,9,1.2446142255704,5.1528168609478291,-2.2980654981509714,3.2909259757584803,5.7757653981133625,2.6687029667788922,0.157247496956,0.199657010293,1.2167667146697518e-05,0,6.0838335733487588e-06,17,1,1,1,0,0
76,8,1.8758553011359631,4.1823949893421251,0.89325434865254372,1.3545266217150029,-1.8340467530876285,5.3615770144037258,0.484979765878,0.0322111452855,5.5126357777880437e-07,0,2.7563178888940219e-07,21,1,1,1,0,0
77,6,0.1302244385125042,-4.0584216144684637,-2.5800846884858508,-4.7501394845600773,-1.9552502225426931,-4.0269436718765146,0.692897561636,0.00497942571704,4.8765992251048219e-07,0,2.4382996125524109e-07,29,1,1,1,0,0
78,10,-1.7508957347959042,-4.692117226553882,-1.8089451340978524,1.0001101450911112,-2.8194261741594193,3.5713225048643062,0.0367469995735,0.138865491173,5.8754783235631263e-06,0,2.9377391617815631e-06,51,1,1,1,0,0
79,15,-5.0338610264801833,-2.3431473993081546,-1.3330545319192471,1.9994527917965628,-4.7799453541995405,-2.762705551572346,0.327836242746,0.0105922252706,1.4165322541676117e-07,0,7.0826612708380587e-08,13,1,1,1,0,0
80,14,-3.8054928551121043,-5.5564060023202524,2.5590426906264967,3.3961935955718721,1.0164266325342117,0.92359366333984849,0.206309775704,0.0117157998377,8.4375500184382688e-08,0,4.2187750092191344e-08,17,1,1,1,0,0
81,2,2.861265293766587,-1.3507268844586773,1.9345208586019829,6.0924670945071151,-1.4320491485499216,-0.82685984814858471,0.0564028187209,0.00439549488583,9.0666008302254256e-09,0,4.5333004151127128e-09,37,1,1,1,0,0
82,8,2.343086794623316,1.56894184587378,2.2125304545959392,-2.1485596940204381,5.1562097545724814,-0.34717723821331214,0.0624420918997,0.0108865683366,4.0001470334843062e-08,0,2.0000735167421531e-08,24,1,1,1,0,0
83,4,0.4957753286779446,6.176057671595828,0.75223511855970737,-1.7530367089625356,-4.9803741946555915,-2.0956486303353286,0.0372955955645,0.154763720155,7.2975292414878441e-06,0,3.648764620743922e-06,15,1,1,1,0,0
84,11,4.8228448062137153,-2.6931147367718573,2.1689144569414665,0.36579539696242502,1.6198708063761564,5.2169412313847188,0.4057177475,0.23796032692,1.7413603983514682e-05,0,8.706801991757341e-06,54,1,1,1,0,0
85,7,-3.4389865607491386,-1.9350077607259304,1.133697071185745,-1.6358123934737776,-5.290471447883176,-0.56937859556821413,1.6483431742,0.241102874746,2.0424627448391146e-05,0,1.0212313724195573e-05,10,1,1,1,0,0
86,0,-0.21302440301181708,5.4218093630273136,-0.87057931526286181,0.76821389729776579,1.7475239008616492,5.1893888904672991,0.0517666309361,0.0210213749783,1.3728967539166157e-07,0,6.8644837695830785e-08,29,1,1,1,0,0
87,9,-3.3611235913880511,-0.7943531982767752,-1.2143726415569127,0.32117506310616167,1.8215874651113997,-4.2490120884277465,0.132769587738,0.0120897549057,6.2151307644969585e-08,0,3.1075653822484793e-08,60,1,1,1,0,0
88,13,-4.0592581013149713,1.8914515099679605,-0.80427341179254208,5.692429020035604,5.001689292141446,-0.31862586257126257,3.58887035062,0.0637494987284,1.4117955157461871e-05,0,7.0589775787309355e-06,14,1,1,1,0,0
89,10,-3.7171185174001673,-4.4153446379382455,2.1970148787818595,-5.302456016308569,-4.512080451086387,-3.8547136791938339,1.3067960182,0.132596357564,7.0634365686727945e-06,0,3.5317182843363973e-06,15,1,1,1,0,0
90,15,-1.0721359003105235,5.0695841127739572,-1.9419953073512017,1.5758114125412566,1.4420587534009723,-0.37093054716520713,0.415690095719,0.104009645788,3.4681514576218718e-06,0,1.7340757288109359e-06,36,1,1,1,0,0
91,2,-1.820216848444745,-3.0764903032811604,-2.0268752005143784,-2.6694675582297691,1.4104573143220955,0.4842464466455525,0.0913256917539,0.0167153525389,9.3451406113338565e-08,0,4.6725703056669282e-08,10,1,1,1,0,0
92,2,5.417319129617078,-4.3864850056256142,-0.35890445352242634,5.4332314334167684,3.5792596303224755,1.0756198014534251,0.738733451555,0.0240644876586,7.2213092812312587e-07,0,3.6106546406156294e-07,52,1,1,1,0,0
93,7,0.93941703765191997,-6.1533939396478301,-0.18412705922412498,-1.9985955706323046,2.8449827688486709,-3.1262320838638598,4.35308226559,0.325091780825,5.1142715466776833e-05,0,2.5571357733388417e-05,22,1,1,1,0,0
94,11,-1.7883121708746059,-5.6286316504062919,-1.8023046933251767,-6.0649235007273603,-4.1508395219338601,-5.4259956289579216,0.0830085459661,0.00128187532302,7.3909673707841704e-09,0,3.6954836853920852e-09,11,1,1,1,0,0
95,0,-3.4871329001314657,-2.8417351072076689,1.2268272808141116,-0.25144442687487578,1.1010071420684024,2.1042121332365866,1.12768361993,0.385449044978,4.652897474829968e-05,0,2.326448737414984e-05,21,1,1,1,0,0
96,6,-4.3642484885163517,-0.027623341814582099,-2.7681905612416586,-0.13782255395122975,1.7755584312080321,4.5281717051016122,0.850233850934,0.00637249554711,7.3526771853603726e-07,0,3.6763385926801863e-07,18,1,1,1,0,0
97,5,0.12690751811276779,-3.503396309785805,-2.5499577501898001,-1.6337761792421508,-4.1283069972419364,4.1458362402813851,0.235475324845,0.0277749191993,2.9044456022507171e-07,0,1.4522228011253586e-07,18,1,1,1,0,0
98,6,-3.1964258382046151,-0.34024182765293076,0.84660434506043758,-1.0015768604797224,5.0113421314654074,5.3690222825847185,1.31215569226,0.0903330849397,4.2074508824440107e-06,0,2.1037254412220054e-06,37,1,1,1,0,0
99,15,-1.4352755571543592,3.0622669616117109,2.1981144509292889,1.7332565262966604,-0.66848575305196145,-2.0135865758785889,0.0543947242777,0.0179439964564,1.0104163786357982e-07,0,5.0520818931789911e-08,6,1,1,1,0,0
100,1,5.523017165390435,-3.6387036949471745,-2.3120898967359298,0.9720952355870125,-2.6185350187583802,2.7166212836099008,0.0654097963678,0.448622762886,6.1312306366659769e-05,0,3.0656153183329884e-05,10,1,1,1,0,0
101,2,4.8272370848780524,5.9875798437521359,0.37029838879411486,4.4534492059610455,-4.6024650790001065,5.9730739646950859,0.486872683998,0.0478290013225,9.338918919045488e-07,0,4.669459459522744e-07,11,1,1,1,0,0
102,12,-3.9068440860504285,2.572471350453021,1.0052697785756752,0.12161325433507475,-5.2351533867136899,-2.9403186265048604,0.0696886548338,0.00311177262604,7.8061583462790444e-09,0,3.9030791731395222e-09,13,1,1,1,0,0
103,9,-3.4813928614317473,4.7933599724513476,0.38488955327459906,-2.2664746500618769,1.7482157465893962,-5.0605316805418212,0.614564707221,0.00212494645031,3.7906524807204374e-07,0,1.8953262403602187e-07,9,1,1,1,0,0
104,5,-1.645340764096755,-0.60407621105002107,2.4525656685516828,5.418794083292104,-1.4227681032554527,-2.3609227061773406,0.111871872759,0.0827319983355,2.0974946959996422e-06,0,1.0487473479998211e-06,11,1,1,1,0,0
105,7,-5.9974856435093029,-0.79587530855449284,-1.215268463006421,3.0904645215930335,-1.6293661920155817,1.7888916253842948,0.0575645965322,0.00272204633579,5.5707565894793057e-09,0,2.7853782947396529e-09,27,1,1,1,0,0
106,14,-3.3431954323594142,1.2795307455900202,-2.3967735175910558,-0.27316248525431741,-3.9696332778332462,1.7824586365203707,0.0258031157415,0.00820403867183,2.116845715360664e-08,0,1.058422857680332e-08,35,1,1,1,0,0
107,8,-0.071656515039285607,-3.9156388971698104,-0.83233337788848827,-0.1563347369348537,-1.388106149056908,1.289708479298183,0.0851281913804,0.0151589767514,7.7246239835566989e-08,0,3.8623119917783494e-08,16,1,1,1,0,0
108,4,6.110240894588717,1.3694796573731911,-1.7698070363543426,4.7902542319607235,-4.2514164329220359,-2.016624880419168,0.395128772695,0.0543726316482,1.0566925304109768e-06,0,5.2834626520548839e-07,13,1,1,1,0,0
109,6,-3.3526087960165141,-0.55823769658338829,2.4429708066730718,-3.2634623113516481,2.3543922097382919,-4.94935965207923,0.0733559375061,0.0311072480955,3.001474553024081e-07,0,1.5007372765120405e-07,16,1,1,1,0,0
110,14,-0.11584323773709408,3.0999258423961451,-1.5633314203189164,-2.6347280815836331,-4.54528960390466,-1.0144404105083153,0.905897809405,0.0741208156165,2.4941870542812311e-06,0,1.2470935271406155e-06,54,1,1,1,0,0
111,5,-3.3503348896354535,-2.2796118234326763,-2.4970842047441519,4.0168058605037125,-3.8956012137778582,-5.4345556691155883,0.00802145603906,0.236657560419,1.7060711525466336e-05,0,8.5303557627331679e-06,12,1,1,1,0,0
112,5,-1.8325473288190117,0.97236102663128188,1.8672378250951362,4.8842965514912704,5.3688229204837468,-4.2951385293824966,0.0319842796406,0.0179970707481,9.9686917926832121e-08,0,4.984345896341606e-08,17,1,1,1,0,0
113,12,-3.9999596223913438,-2.7771026389470226,-2.2521320740336912,0.047849023255645405,-0.76354285077241391,5.2471849545345801,0.0343473362072,0.0415390581675,5.2679507268899004e-07,0,2.6339753634449502e-07,15,1,1,1,0,0
114,8,4.2061414360299789,2.7646669203472598,-0.014234754726063725,0.14540906296228662,-0.72108691009550485,3.0202744370209706,169.785554775,0.229250302126,0.028843143992377408,0,0.014421571996188704,60,0,0,0,0,3
115,13,5.0284902472199153,-2.329550124026055,-1.679797729736588,5.7947231993078274,4.3621449847314686,2.3899043027514404,0.0469552427933,0.00453139867915,8.4596791534175931e-09,0,4.2298395767087965e-09,8,1,1,1,0,0
116,4,2.9235291537157755,-1.1580087068642819,0.31834143114837948,1.7106521644962427,-1.4999219935277093,-2.1797353115448947,0.831223841651,0.00885919423098,7.1484107133567189e-07,0,3.5742053566783594e-07,35,1,1,1,0,0
117,4,-5.2018249363243756,-0.82295246782802289,0.55872113629266451,1.4248684449549138,-5.1514692012371164,-1.5957255453845838,1.52443222653,0.212034912333,1.6019128499049502e-05,0,8.009564249524751e-06,16,1,1,1,0,0
118,13,-1.2736917240172525,1.1093715969285693,-1.6427842989437531,1.4780254315771681,-0.44898623314012631,2.0754232695873212,0.457817008458,0.0548796285508,1.127035125346853e-06,0,5.6351756267342651e-07,22,1,1,1,0,0
119,0,-2.1902234208006877,-1.3797995076158778,-2.1324610873131955,-1.0864103074923939,-1.2172044190929852,-3.0054136203503234,0.0112377860034,0.11684770601,4.1591856242733107e-06,0,2.0795928121366554e-06,20,1,1,1,0,0
120,5,-4.9312154288879775,-1.0140127456279333,-2.94848174518315,-3.790236634672572,-4.9543422573584195,-3.3236538650989176,0.139076418758,0.0655080787215,1.3265495358018767e-06,0,6.6327476790093835e-07,31,1,1,1,0,0
121,7,2.0017046398804572,6.1465621092735763,1.6588467240786764,-3.2176523333533327,-4.7550941023403519,2.6830688417013246,0.0468972562895,0.000611166411302,2.313134681043313e-09,0,1.1565673405216565e-09,20,1,1,1,0,0
122,3,-1.7569460859685038,2.4337351718024758,2.6178246176979529,-2.1709988429447247,3.8218888382467671,3.2325846785505257,0.063586368148,0.00678839439855,1.8080697084279094e-08,0,9.0403485421395471e-09,21,1,1,1,0,0
123,10,-0.64541250867170574,-0.18108610242978709,2.2281041382399134,-1.1751952202115825,-1.1468598308930866,1.8726097420902952,0.0288043135585,0.00780679625999,1.9394922412642679e-08,0,9.6974612063213396e-09,18,1,1,1,0,0
124,6,-4.5057784898484767,5.9571615378297835,1.1339729404544636,-2.5728189716732386,1.136395763330762,2.901896801683042,0.623955425486,0.0234157338099,5.5634106547221215e-07,0,2.7817053273610607e-07,26,1,1,1,0,0
125,9,1.5604005849887157,0.28422552763156311,2.5135490084302043,-4.0300651517981736,-4.8688094853422417,-2.4866132375252974,0.0146832838525,0.447911787729,6.1114076179095528e-05,0,3.0557038089547764e-05,20,1,1,1,0,0
126,8,-2.7778637506641637,-1.5307868960766575,-2.636934214078785,0.88426743567350963,4.5651084128300328,-6.0722038828909177,0.127184041846,0.131659422979,5.2964761731915217e-06,0,2.6482380865957608e-06,16,1,1,1,0,0
127,3,-4.0577331314141025,3.4635720591897443,0.5798783604448271,4.2304224941059871,-0.85607707397797983,5.8953359424706822,0.0199929932812,0.289733779488,2.5571710977969928e-05,0,1.2785855488984964e-05,34,1,1,1,0,0
128,6,2.4276416689163542,3.3864238819911541,1.1724476207871555,-2.8540053864257926,3.9763984481233954,-0.56965231972252195,0.0495107765537,0.0209088326949,1.3562374267332892e-07,0,6.7811871336664462e-08,9,1,1,1,0,0
129,14,-1.8059582334008815,-0.73796126030915277,1.0580922068542451,-6.1693909761350705,-4.6692966215314797,1.9322502693188415,0.222256327234,0.0814495401042,2.0702382401812057e-06,0,1.0351191200906028e-06,7,1,1,1,0,0
130,8,1.2958192421564494,0.38700890820239975,0.85114842850992034,-2.6687780511594026,1.9876731771404701,2.8363986939672619,0.313548405863,0.231457901308,1.6417508548626193e-05,0,8.2087542743130964e-06,12,1,1,1,0,0
131,4,1.7966238757237347,1.0187025978149782,1.2094877376957849,-1.0635414360488267,-0.74931873737749988,-5.8276326258207174,0.125044255837,0.00179495686849,1.6617503692847144e-08,0,8.3087518464235718e-09,21,1,1,1,0,0
132,1,-1.9947027626471603,5.749231211333016,-2.4677632658332107,-1.9345841356374629,5.0639038376595717,3.6540944553064127,0.0379179755374,0.0522449187601,8.3290062666697857e-07,0,4.1645031333348928e-07,20,1,1,1,0,0
133,14,-3.2253035373264547,-5.3730165179235057,2.5155450575916478,0.32720751850392382,-2.859820923689854,2.06890693648853,0.023373992922,0.940919675109,0.00026968743634370982,0,0.00013484371817185491,23,1,1,1,0,0
134,10,-0.79041785802273334,5.8128663510877709,-2.6925263291293633,-2.1987089229315835,3.9192543734860879,0.35971645464715701,0.189823665454,0.368687940731,4.144292187068288e-05,0,2.072146093534144e-05,16,1,1,1,0,0
135,9,2.3558640552619901,-3.70254249001098,0.978384668530905,-0.28075409947398866,-5.0239068700768748,1.5691945579035462,0.173046123979,0.0221989090547,1.8005785550400672e-07,0,9.002892775200336e-08,9,1,1,1,0,0
136,5,2.8894709989457428,0.89384538063931929,-0.57947064808176774,1.3176434122784098,4.8687834482934047,-1.2212778051262243,0.0982881125578,0.0112237722698,4.8034142777827521e-08,0,2.401707138891376e-08,33,1,1,1,0,0
137,0,-4.0411369246333324,-0.4250314747081696,-1.1319326284769538,5.4412701066826985,1.6483634383263841,-2.7908401412832124,0.239044453148,0.0865376631555,2.3383511754933704e-06,0,1.1691755877466852e-06,20,1,1,1,0,0
138,0,-0.22709627993264944,0.6745754390221762,-1.9726422065467537,-0.84342239025050514,3.2952488463704066,-1.2674858128316915,0.292896612709,0.00355252006766,8.9632819064818731e-08,0,4.4816409532409365e-08,24,1,1,1,0,0
139,2,3.5684659864783299,-3.9457928060576175,-0.68741039373910162,4.7023892298978254,3.4804606831908074,1.7074481160645016,2.38325435728,0.129479453861,1.0786790737926595e-05,0,5.3933953689632976e-06,17,1,1,1,0,0
140,9,5.9554682118651145,4.3224818629713848,-1.9296563562277613,-0.97516633614774961,-1.5505641297463828,1.110403988968377,0.0354417278465,0.10958712777,3.6595098454738742e-06,0,1.8297549227369371e-06,8,1,1,1,0,0
141,10,1.6988811563943991,1.6820690968890428,-0.84882987251843345,0.5139429476578522,-1.5830677912396058,-0.65975168911982407,0.699691918685,0.0263936249757,7.0177241573362857e-07,0,3.5088620786681428e-07,16,1,1,1,0,0
142,6,0.32793422633803759,-2.3474192961311728,-1.3581978168132618,-2.0955857024702391,5.0772675974024262,2.0273047014675751,0.0633471856929,0.00194123535188,5.1607846028345195e-09,0,2.5803923014172598e-09,22,1,1,1,0,0
143,12,-1.5886747018622513,5.8632531373400445,-3.047470596137841,-5.9093487148409087,4.3549015553539334,-2.2434604028603746,30.1147728605,0.215696527601,0.00092107186746302825,0,0.00046053593373151413,60,0,0,0,0,3
144,9,1.1330669235347497,3.9599198604482844,-1.2290082425398046,-2.5455922540869209,-6.1282018053952632,-4.6493957049665235,0.783449315339,0.0239261040183,7.8817364674323408e-07,0,3.9408682337161704e-07,15,1,1,1,0,0
145,8,1.7152218817209932,-4.2900199033804762,-2.0292633309990009,-6.157801033422885,-1.3705370845016267,-1.0209299567044505,0.703535693674,0.0397812553014,9.7703424399106449e-07,0,4.8851712199553224e-07,54,1,1,1,0,0
146,1,-2.7598443025583754,-3.7267639599057616,1.037243324304689,4.6319658089928959,5.2149751001714204,4.6204933538934414,0.114186596944,0.326906687978,3.2566887709933441e-05,0,1.628344385496672e-05,28,1,1,1,0,0
147,7,4.4552920633467714,3.5539465325983977,-1.74961302224298,3.1310701940933576,1.5201111732001762,0.29038404443118637,0.0272862883607,0.00392135683392,5.4286556042580921e-09,0,2.7143278021290461e-09,31,1,1,1,0,0
148,13,-0.14774966138768694,-2.1299734230699778,-1.4675409636313095,2.1444525370021816,1.4924369688876538,4.7916503124820986,0.0437585094431,0.0105633510698,3.5905354846962574e-08,0,1.7952677423481287e-08,25,1,1,1,0,0
149,9,4.1397599511815883,-3.3820359498564159,1.1393100594510237,2.9429044718728816,5.014401864361278,-2.9380643851821646,0.0248117317732,0.151528890864,6.9949376496846604e-06,0,3.4974688248423302e-06,31,1,1,1,0,0
150,11,-5.1743477894714722,5.0351172281798657,-2.4398686964265717,5.6528643858903358,3.7858131813475513,6.0082068245618165,0.82085518675,0.0328054941627,1.001632641031797e-06,0,5.0081632051589849e-07,21,1,1,1,0,0
151,2,3.2544708818363355,-2.598594881755675,-0.96963176738276879,-1.3720926416867536,5.1273368393503489,4.6467552592971755,0.0661194363174,0.0587617000295,1.0561966583949398e-06,0,5.280983291974699e-07,18,1,1,1,0,0
152,1,-3.3472731111028842,-3.0732658052834756,-2.5698860000783808,1.4027912957870063,4.4086759008606515,4.2919096373105772,1.45201406448,0.0189007988805,2.2171664308926145e-06,0,1.1085832154463072e-06,9,1,1,1,0,0
153,0,4.9050031096111226,-3.1396424193835619,0.26950058313041209,-3.9060265622904096,-3.0118322784245128,-5.4300378795189825,2.09719632592,0.0190029854232,4.5082338783538511e-06,0,2.2541169391769256e-06,11,1,1,1,0,0
154,11,6.1349593196772867,-1.9418434611936495,-2.1144874865005665,-1.8805289542138353,-1.3090810026717641,-2.4973833752680918,0.437707267974,0.0804847320597,2.1648359662480568e-06,0,1.0824179831240284e-06,16,1,1,1,0,0
155,9,1.7625879299856706,1.2969607798150384,0.15983707901449737,3.2096768129508875,1.517258951038031,2.8460597141588622,3.26690450117,0.385257894999,5.5885092995788964e-05,0,2.7942546497894482e-05,28,1,1,1,0,0
156,5,4.8717785170158168,1.0929874098669443,2.8084300483929905,3.9642507187194616,4.0073873206659982,-3.7687844866609779,0.277272842395,0.00887230214102,1.0085902558899461e-07,0,5.0429512794497303e-08,17,1,1,1,0,0
157,12,-4.2638791530468927,1.3104585792284451,-1.1976520765328698,1.227389170341324,4.1514720083495762,0.11645703083780377,0.0974834554084,0.182625416739,1.016911625831973e-05,0,5.0845581291598652e-06,17,1,1,1,0,0
158,0,3.5525600946639613,3.8033897976275068,-0.71675527013809093,1.0155595801229893,-2.5836702462139374,-0.62893580841330476,0.0422587758537,0.0967215723099,2.8515008200917469e-06,0,1.4257504100458735e-06,19,1,1,1,0,0
159,15,-3.1087199597336328,-0.41578239986286386,-0.55010622489313632,1.4482348879851488,-1.3080673788036936,-0.40581102031700866,0.266192357381,0.0202313760151,1.9554089328256717e-07,0,9.7770446641283587e-08,9,1,1,1,0,0
160,4,4.5198246808611646,4.3241839590425624,0.63674089705831882,3.1696057154767363,5.1794757438112802,4.1909608509430258,0.252054277454,0.0225499828953,2.1842984329937569e-07,0,1.0921492164968784e-07,11,1,1,1,0,0
161,14,-4.7890409853514928,-3.7429751698738487,-0.23144930741961248,-0.44083580368348363,-1.4828386526416319,-5.4500983342900922,56.525608316,0.025378715616,0.0031953405932378539,0,0.0015976702966189269,60,0,0,0,0,3
162,2,6.1087041799839286,1.6146675778720045,-2.2950771029210513,-4.4814168762588071,-1.3003376066852996,0.79911805385172308,0.0808390692821,0.0924297299499,2.6089592432855818e-06,0,1.3044796216427909e-06,16,1,1,1,0,0
163,14,2.5861703930157951,1.0484782219829212,0.88903274661790532,-5.5129550362943283,-4.4178516548986897,-4.1676578876029478,0.357402343307,0.047946680578,8.280166018304882e-07,0,4.140083009152441e-07,15,1,1,1,0,0
164,14,-5.0768144413979153,3.9818105631034943,-1.3503070812376843,-4.6008770628180535,1.5799213739910667,3.5201926219887802,1.20006052997,0.016597096537,1.524056290774064e-06,0,7.6202814538703201e-07,19,1,1,1,0,0
165,10,-4.4874754802239476,3.0636604194935573,2.5911528235555483,-6.2710725730475181,1.6645739401142436,-4.0917471346754315,3.22757652266,0.348163170082,4.7342240622453239e-05,0.0056081025891743103,0.00019191419798645593,51,1,1,1,1,0
166,1,-4.9222816675555761,5.6952816135860216,1.5018971999901318,-0.80737404009643532,1.5750001352662772,-3.585801138639666,0.0490186662292,0.00426254257762,7.937505549933139e-09,0,3.9687527749665695e-09,14,1,1,1,0,0
167,8,3.2005953441434443,4.0391964785110757,-2.0850832969753461,-3.6457917101246076,-4.7846589609982351,1.395222941745373,0.0464054481974,0.0100457490564,3.2894564348337387e-08,0,1.6447282174168694e-08,30,1,1,1,0,0
168,4,0.23011324347310153,2.7497197602451244,2.911367897092533,1.7097212280940703,4.2999118119431294,0.72141007280997449,0.136609338277,0.00808431093957,3.8570712787284066e-08,0,1.9285356393642033e-08,11,1,1,1,0,0
169,6,-0.21309867913259523,2.9064394933546791,-1.6262299741393293,3.0525152743439152,-4.484944334745161,4.9496800880882192,0.310385096076,0.101205769266,3.2164156472697431e-06,0,1.6082078236348715e-06,57,1,1,1,0,0
170,9,1.2965273186377044,0.6255538883577606,-2.4958641858370259,3.5303478915464983,5.897019243298069,0.24954372457543111,0.0335933308716,0.00361175263085,5.1021721183774884e-09,0,2.5510860591887442e-09,28,1,1,1,0,0
171,3,-1.5886111463202754,-2.6508605533598359,-2.6833330496908729,-1.242917887034876,-0.3275963703481608,5.3656916923937121,0.195048783969,0.0237641430555,2.1007199290915826e-07,0,1.0503599645457913e-07,30,1,1,1,0,0
172,2,-1.384613160985706,5.1171371729835213,-0.45342769490315454,0.98438062426586992,4.1199933476910537,-3.9219532830027619,0.959394221692,0.16372264293,9.0857388317552858e-06,0,4.5428694158776429e-06,8,1,1,1,0,0
173,12,-4.2286309550613463,4.8740430336693992,-2.6905678239883906,1.8417058148911758,-1.8056516948588062,3.1443859122118982,0.228659436652,0.00554524029197,6.1652029165172683e-08,0,3.0826014582586342e-08,13,1,1,1,0,0
174,15,-5.7421989537134701,-0.98056491536411006,2.4889207934226545,-0.4212124273563938,4.467841150168792,1.0909071542695024,0.0749286415956,0.00396662295639,1.0407181568748258e-08,0,5.203590784374129e-09,28,1,1,1,0,0
175,9,-1.4308427208444796,1.4116174178280281,2.2918987182783837,-1.6179273262722706,4.9814119946621496,4.2530001156641815,0.0867231555771,0.279107588138,2.3737536462672529e-05,0,1.1868768231336265e-05,7,1,1,1,0,0
176,14,4.91173568413436,5.6122755741220898,1.1684757352976758,-4.9374046016130819,-3.2690636320639164,-3.4873956909160975,1.8135468009,0.016778522517,3.3747075349861984e-06,0,1.6873537674930992e-06,9,1,1,1,0,0
177,10,-1.3840650166915318,3.5135151726134803,-2.7373811788237807,0.69173554388177183,-1.7174641005056577,-3.714453234400164,1.12505699031,0.0970307410541,4.13371548864698e-06,0,2.06685774432349e-06,19,1,1,1,0,0
178,7,-1.8424643025047873,1.1598512564908443,-2.0407849328896894,-3.9964401617223517,-1.1098109676273014,2.7999927439416568,1.17437790014,0.013443149494,1.4342133849341232e-06,0,7.171066924670616e-07,33,1,1,1,0,0
179,9,0.21265335411167205,3.6436392842671097,0.23479798258146523,-1.653252939048905,-2.1116644425680091,-5.3227578536784081,37.1450884888,0.000473755977238,0.0013797576672073173,0,0.00068987883360365865,60,0,0,0,0,3
180,13,4.8788533174585922,-0.70683804015814078,-1.5154916985140547,2.1908219605223036,5.2713597986210523,-1.7883382223120705,1.03192855114,0.0756306417242,2.8072863382573735e-06,0,1.4036431691286867e-06,22,1,1,1,0,0
181,9,-2.4260811828385025,5.8191451778102312,-2.6153201856047912,-2.4426496591751476,3.3472455019719454,-1.533707324686038,0.0081584357502,0.231852092949,1.6374895676818008e-05,0,8.1874478384090041e-06,16,1,1,1,0,0
182,11,-5.9749777232160159,1.1236497305416926,-1.320873793500271,4.9172377792933757,1.6835799986549391,4.431365344577495,0.0487237076515,0.0132229411267,5.5635189473858413e-08,0,2.7817594736929207e-08,44,1,1,1,0,0
183,6,0.067823981242913431,-0.88270377632806951,-1.7592656483552469,-1.8920883936351363,-1.6657528043759222,1.70466020017273,0.0518854110623,0.0252815653421,1.9739061842536479e-07,0,9.8695309212682397e-08,18,1,1,1,0,0
184,2,-6.055971530875027,2.1427189960178477,-3.0142215913905295,-1.1592347932298503,-4.7441780212380129,4.2680898626131745,0.426823503407,0.0108832774682,2.1825893524584866e-07,0,1.0912946762292433e-07,17,1,1,1,0,0
185,11,-3.5568558764924032,5.0343861302221971,2.1819144881264494,3.1774660542796327,2.147598828193277,2.1899404230605626,0.0763572293101,0.000389646533796,5.8766748313896241e-09,0,2.938337415694812e-09,53,1,1,1,0,0
186,12,2.130102060322085,4.8103778149061727,2.5205431144816894,-3.8731315988128885,-5.01173087318901,-2.699076048419744,0.234334636057,0.0838267329388,2.1954353129975274e-06,0,1.0977176564987637e-06,13,1,1,1,0,0
187,15,5.8297180212921251,2.4256712073805073,0.39346525396385662,-1.4491138747527699,-0.77347125797088367,-4.0114618562480189,0.40971770319,0.00270813968485,1.7010266672461186e-07,0,8.5051333362305931e-08,23,1,1,1,0,0
188,9,4.9760928661479085,-3.3632937798834925,2.9103737156314962,3.7700828471338514,-3.572011988388712,-4.1880157959691475,0.313127378117,0.0249950399321,2.8835910363372003e-07,0,1.4417955181686002e-07,21,1,1,1,0,0
189,2,5.0184354973175234,4.7604739601981079,1.4376864815504542,3.9183007385319302,-4.8428781687587099,0.36712406992129543,0.0297146222296,0.008309431593,2.1915772177484209e-08,0,1.0957886088742105e-08,28,1,1,1,0,0
190,12,0.44265721413838116,-4.8666121738306174,-2.3983808683638932,-4.2673987363306054,4.8747533137621986,0.81225599071419996,0.0319532989328,0.0723422307822,1.5952053167919148e-06,0,7.9760265839595741e-07,18,1,1,1,0,0
191,0,-1.9468016048910926,4.329862387884913,-2.5576094336429942,3.7120017356681321,-5.0654341317779688,-0.30234663699181169,0.0750711265231,0.00578394059243,1.5826335687863945e-08,0,7.9131678439319726e-09,32,1,1,1,0,0
192,13,-1.8537308398872365,-4.1185911386679184,1.2978406959017819,-1.7942776509860587,-0.3377119949275153,-2.6413226576299591,0.0562925226032,0.00256325631439,5.1702707354287366e-09,0,2.5851353677143683e-09,30,1,1,1,0,0
193,6,-3.198326081602858,-3.7102074134977876,1.9868000705558808,4.5279691772744446,-1.7716716380839888,-2.0584225506626175,0.0415174281634,0.0333163898604,3.3984349892119872e-07,0,1.6992174946059936e-07,16,1,1,1,0,0
194,11,0.30538275205127313,-5.2537809584521282,1.661731297336861,5.0231623173210229,-2.1966374034831873,1.0969551058924876,0.0849867489248,0.0119340292834,5.0606681770837746e-08,0,2.5303340885418873e-08,22,1,1,1,0,0
195,9,-1.84730382878619,6.031858409918633,2.2703218404675791,2.5111237411967369,-4.6996169737384692,0.31831230517923914,1.00331595024,0.0341807197995,1.362534009106974e-06,0,6.8126700455348701e-07,11,1,1,1,0,0
196,1,-2.6087103861267074,-2.9464374396152753,-2.8810426951220611,5.4168867055529608,1.7368157015311558,-5.0648789883073571,124.653377465,1.51199115752,0.016234855654592643,0,0.0081174278272963217,60,0,0,0,0,3
197,2,-2.697057032660644,2.1715913524051396,-1.9768419210201793,4.5291668952977933,-5.734726115535258,-4.4352478195528899,0.313864594448,0.0577766159327,1.1153657696816845e-06,0,5.5768288484084223e-07,18,1,1,1,0,0
198,2,-1.1523464224474889,0.3487116238541319,2.810079181245106,5.789642005760804,-1.5240109778731172,-3.8342306349000963,96.3984895008,1.3994769726,0.0098892728990374774,0,0.0049446364495187387,60,0,0,0,0,3
199,6,-1.9221488229777848,-4.7558474284280621,-1.7581765823597484,-3.9614098645752343,4.2746414484368147,3.349265452710978,0.0253662780761,0.000987918852821,9.4074968762599117e-10,0,4.7037484381299559e-10,38,1,1,1,0,0
200,8,5.4036277724886457,5.5285954125624936,-2.2415282329927115,4.5423840834886411,-1.6219990593839386,-3.4084335111132953,2.86955698316,0.215776296651,2.2417164680356627e-05,0,1.1208582340178314e-05,30,1,1,1,0,0
201,4,1.2979894428598862,-0.6949834269159394,1.3616703224776034,0.80444014155448296,4.5336272310626198,-0.5671324075416514,0.0074891851783,0.00380397930037,4.4639807079153624e-09,0,2.2319903539576812e-09,13,1,1,1,0,0
202,3,3.5241412511786363,-1.1747149958944079,0.69992863994339927,-4.2657124862877653,-2.0832502631437286,4.4785148225739233,0.162710962903,0.0129621967099,7.7656232659772172e-08,0,3.8828116329886086e-08,9,1,1,1,0,0
203,13,-1.3752041376567115,0.92963989986195528,-0.14051624631876758,-2.045778892759595,2.5387148320102524,-6.1629171200144972,37.5816915267,0.000534351461606,0.0014123836249889991,0,0.00070619181249449953,60,0,0,0,0,3
204,8,-3.8562664299173846,-0.35486167729931911,-1.6049291145888849,3.5617779676871963,-1.7677594707826572,5.2867269403099622,1.20090551368,0.0446801175541,2.0502857388823947e-06,0,1.0251428694411973e-06,12,1,1,1,0,0
205,3,-2.5820456536899132,1.7432773779430577,1.5896631938731656,-0.61635571361013353,5.4053312516604493,-2.9551026126875626,0.0259626700306,0.0297631477743,2.7051786793703174e-07,0,1.3525893396851587e-07,14,1,1,1,0,0
206,10,-2.2936058620358288,5.6348398873210854,-2.0610511493810471,-2.2186236972279052,4.0339051097863816,-2.7605619727813591,0.429714426589,0.0587280779938,1.235276053359789e-06,0,6.176380266798945e-07,45,1,1,1,0,0
207,3,2.8143382455410042,-0.81360083976069442,1.1482792267663946,-3.9034316066574903,5.3663509292788003,4.8705080423147509,0.232277709191,0.182980132304,1.0253070776675817e-05,0,5.1265353883379086e-06,25,1,1,1,0,0
208,0,-4.216433512644671,6.1811277702382696,2.0554734639904693,-0.61157110960146055,-1.5072193363804294,5.6885939578888367,0.0856022979805,0.00731416007726,2.3623852528638073e-08,0,1.1811926264319036e-08,6,1,1,1,0,0
209,3,1.9030291261459622,-5.0897332848085242,-0.27299959506731436,-2.7302426906124526,-4.8666484681730235,2.4988017899310524,72.1429443579,0.0356581935759,0.0052049917437366052,0,0.0026024958718683026,60,0,0,0,0,3
210,3,-0.014340922329637025,-2.3276251159701675,1.4323021992581051,0.60984843106600428,3.9857338358849437,1.18493903799362,0.415907866184,0.858113904899,0.00022448090229165818,0,0.00011224045114582909,15,1,1,1,0,0
211,12,0.013205948731986182,-0.8288204765500361,2.2234986566318073,-4.2136151660365728,1.284477968813293,-0.62726970760543799,0.353489747239,0.134388817934,5.626453554833107e-06,0,2.8132267774165535e-06,12,1,1,1,0,0
212,8,1.7320253510966468,-2.6473538282158859,-2.4702885850331224,-2.0707167288202295,-5.2249850070237533,3.4861103003368106,0.145359580517,0.00914481553439,4.6603846966543521e-08,0,2.3301923483271761e-08,14,1,1,1,0,0
213,14,-3.396437482814072,-2.9454660856327251,2.745437396269176,-6.0883840085369316,-4.66853260957246,1.0416355783651026,3.16054277765,0.00645702193433,1.0001731103723097e-05,0,5.0008655518615485e-06,60,1,1,1,0,0
214,14,2.9711014738020336,1.2981810375539955,2.598653951676646,1.3669790142123839,1.5504251662643362,1.505901302439083,0.0919627430954,0.0596324364842,1.0916850620836579e-06,0,5.4584253104182897e-07,12,1,1,1,0,0
215,8,-6.0803049968091498,-1.639632282179353,-2.1007517825854651,-1.2541309248589141,-1.4999529584946028,0.51761184969396479,0.00155693278645,0.0347114590689,3.6703150289007775e-07,0,1.8351575144503888e-07,46,1,1,1,0,0
216,5,1.5564875398935771,-1.7488890394726093,0.45128823241082094,1.6932496246652249,-3.4883277874862415,-1.9254302124666756,0.617559619757,0.845293598396,0.00021803700476942035,0,0.00010901850238471017,28,1,1,1,0,0
217,1,-0.050270363209376515,2.7300422929172043,-2.6130955206137148,1.8878873294751566,5.0155991997233373,-3.470369875725738,0.0114675105442,0.100969398899,3.1056511193394112e-06,0,1.5528255596697056e-06,16,1,1,1,0,0
218,7,-5.5038808723662234,2.6375266136605084,0.024090765589208779,5.5746682633462257,-1.7342973923784588,-5.423626411065217,3.6349505026,0.00082510027167,1.3213072536985342e-05,0,6.6065362684926708e-06,60,1,1,1,0,0
219,4,3.6845631684969393,0.2918911392460895,2.1033912917772599,4.86098792496154,3.2842482782447635,-3.5644528849250432,0.565453948103,0.310275334693,2.9645495782840293e-05,0,1.4822747891420147e-05,14,1,1,1,0,0
220,4,2.7639982469335189,-4.9596199267176546,-1.9271685812588502,1.4617911990005608,-2.1447562055247502,-0.95608437670669288,0.287377817673,0.00136911984739,8.3157012140556725e-08,0,4.1578506070278363e-08,13,1,1,1,0,0
221,14,2.8556680072703178,1.9977376632122303,1.1008539837260851,5.0458803811872386,4.0446958049307273,4.2967762698846732,0.0224632948914,0.0134725565645,5.5795640583959929e-08,0,2.7897820291979965e-08,26,1,1,1,0,0
222,10,-4.9481541409690948,4.8508388802212332,-2.3106985633959236,-1.4185848716143765,-1.1515935545947749,-0.0077234443125936093,0.0245767482175,0.121789685884,4.5189112227214826e-06,0,2.2594556113607413e-06,20,1,1,1,0,0
223,11,0.71950480280470896,2.136792654109815,0.56208539996415452,0.36011997268517337,2.4072379161834565,1.4182999095457278,0.556088665288,0.0950334826956,3.0603450470858813e-06,0,1.5301725235429406e-06,11,1,1,1,0,0
224,3,3.7632111193702813,3.4569766264132156,-1.1121057110901971,2.411338393268756,1.514485832111425,1.6975304091207775,0.828889497317,0.206760822012,1.3709463923596073e-05,0,6.8547319617980363e-06,15,1,1,1,0,0
225,12,3.1340972512167786,-2.3871500188341308,2.2379363396608651,3.2668256986300839,3.660749068307239,-0.22681228225073788,0.0927857903178,0.0145343531072,7.2958846976311955e-08,0,3.6479423488155978e-08,13,1,1,1,0,0
226,12,3.553969611855134,4.306770512464877,1.6246130008387207,-4.6630313360834501,4.7326362928711898,4.3117248968166466,0.860709419406,0.00646213853447,7.53541294900602e-07,0,3.76770647450301e-07,16,1,1,1,0,0
227,14,6.1891819618335271,1.4439578160857378,2.9243180876135479,-6.1950582535431256,2.3294328182398027,4.7337792133608456,26.9608905769,0.00629568202453,0.0007269016943982498,0,0.0003634508471991249,60,1,0,0,0,2
228,10,-5.2188107471710179,1.0673050185473918,1.4452673998400238,-4.4482003276367452,1.6997538317650667,3.7308288818335558,1.02112854224,0.0020080258202,1.0439317682950164e-06,0,5.219658841475082e-07,13,1,1,1,0,0
229,8,-5.6104716302505739,0.64068637216877466,1.5209911769163313,-2.2932269677700892,-3.9062256077242306,3.1808067706800025,0.0887300328633,0.197186525479,1.1852167712028204e-05,0,5.926083856014102e-06,59,1,1,1,0,0
230,9,0.73765938597595271,-2.9415672319885058,-0.81105952039556828,1.6893954587925544,-5.0394649065402346,3.36010553228276,0.00437952625222,0.115924432267,4.0936124548947418e-06,0,2.0468062274473709e-06,22,1,1,1,0,0
231,9,-2.0526157086858174,1.4350764371626004,1.2853481402646652,4.3444700620448655,5.0063443906239202,-2.3648582553755255,0.0292552734048,1.8413993972e-05,8.5597431019228523e-10,0,4.2798715509614261e-10,19,1,1,1,0,0
232,15,-2.8057395269805778,-3.2873704355486439,-0.6029700485616506,4.8911875749613554,5.9077803008275787,0.15064127772318858,3.1128444092,7.64649916293,0.01782035031902476,0,0.0089101751595123801,60,1,0,0,0,2
233,14,-6.0337051178722341,3.8973534449434251,1.1001548447474292,3.8077500620410145,-1.5120793469474318,1.0681436421273807,0.650646330217,0.0547582716736,1.3367263289635566e-06,0,6.6836316448177829e-07,21,1,1,1,0,0
234,15,1.9801345888995014,-3.1786234395563264,1.8685578130928955,2.8434580758777641,3.5101225346340157,5.2692931132089331,0.0238045364923,0.00229205987239,2.1669752876330597e-09,0,1.0834876438165298e-09,21,1,1,1,0,0
235,1,1.4000334925291908,-2.4865893228980833,-2.6082040678966765,0.014936624223659973,4.8238597599256199,-0.2003537762896688,0.0563602446821,0.000882883475096,3.413921351093183e-09,0,1.7069606755465915e-09,6,1,1,1,0,0
236,14,-3.6782778936210958,-5.4713614650999256,-0.77151435828322124,-2.1757985827204998,-4.3961743579474577,-4.3740306552850381,0.262996734471,0.00393383530455,7.3881255252455043e-08,0,3.6940627626227522e-08,12,1,1,1,0,0
237,1,5.5649736774447387,2.0037471528541375,-0.48085810993325601,-0.89824020766755597,0.11792172378794842,2.9268016310428777,1.42757093321,0.0152077578831,2.1084094372012383e-06,0,1.0542047186006192e-06,7,1,1,1,0,0
238,8,5.4698105740204337,1.6511642002062574,-0.82833764763584883,-0.27853592133827565,3.7893073501158581,0.76086211186242114,0.332580945988,0.0648850110421,1.3930691188696909e-06,0,6.9653455943484546e-07,15,1,1,1,0,0
239,1,-4.5952391467287867,1.249118782503408,-0.59755368304665391,6.0795739078237716,-0.9643713859148163,1.1767180228189003,0.286320341264,0.00549913219907,9.1191107179228668e-08,0,4.5595553589614334e-08,19,1,1,1,0,0
240,2,-5.2628786015471736,-1.2802085205148801,-0.58848409652194822,1.804032688445079,1.9087646166738659,3.6521057927069855,84.6337224005,1.68982395489,0.0080327035322009018,0,0.0040163517661004509,60,0,0,0,0,3
241,2,0.63130653924846925,4.704237833179989,2.4041838480404669,-2.8551088682413823,-4.4045640470486331,-2.089937541002052,0.0366869439822,0.10159965793,3.1457563511356047e-06,0,1.5728781755678023e-06,13,1,1,1,0,0
242,15,4.0649604036607228,0.9361452985666977,-1.2470692876699099,2.4528101989887028,-0.3194375469888393,-2.8458207630022638,0.0278018327352,0.0202637852292,1.2585524894073452e-07,0,6.2927624470367261e-08,12,1,1,1,0,0
243,5,5.1734569345492405,-3.4004118428379257,-1.9959200396583658,-4.7854368730031718,3.1181621856378707,4.7742055753297219,1.02939169171,0.0255981945556,1.2592531697378144e-06,0,6.2962658486890721e-07,15,1,1,1,0,0
244,3,-4.1667558726299534,1.067125217722475,0.49816255406958504,-0.3226150828660786,-1.0339764279431232,-0.63566344774062822,0.872215859692,0.318868572208,3.1733396568263765e-05,0,1.5866698284131882e-05,36,1,1,1,0,0
245,5,-3.219292318924265,-4.4384082639666085,1.8878717551645259,-5.4318796730323227,-4.5382790112365399,1.7470529886860731,0.0189886418957,0.018992806498,1.1024420471815721e-07,0,5.5122102359078603e-08,14,1,1,1,0,0
246,10,5.6485729773783344,3.3222690155399919,-1.6086418966982012,3.1744915797585636,-4.9647525008017697,-1.6163043543380664,0.235839515083,0.0210873273865,1.9107614264720125e-07,0,9.5538071323600624e-08,43,1,1,1,0,0
247,11,-5.0965067294249478,-1.6830644172044853,-1.6340250488562358,5.8306380742646811,-1.0009954593866428,-4.8980672267249794,0.665379578383,0.142055249602,6.5898162832358249e-06,0,3.2949081416179124e-06,20,1,1,1,0,0
248,2,2.1178413605464472,5.4915682425131367,-0.81573537064739376,3.0173897534886818,4.6130277418283363,-0.40889539985320938,0.42163590357,0.0036643504334,1.8186707464710723e-07,0,9.0933537323553616e-08,30,1,1,1,0,0
249,0,0.05049527183560322,-2.358880552105695,0.99560399999931692,2.9290140844953432,4.8700561377174418,-5.1851457313748126,0.7807100747,0.00753498789578,6.2680319233691923e-07,0,3.1340159616845961e-07,47,1,1,1,0,0
250,9,0.47131731084009421,0.58881193007666555,0.30254397515369186,-2.3455304293625021,1.0190107980380534,-2.1300307763584803,1.36105745933,0.00311419478758,1.8554316510463568e-06,0,9.2771582552317842e-07,29,1,1,1,0,0
251,2,1.83024239347758,-3.1661940818730687,2.6088957276682425,-3.9465299273640309,2.3666224117641552,-2.2070667602960619,0.11739820539,0.00547659416105,2.29187543680333e-08,0,1.145937718401665e-08,14,1,1,1,0,0
252,15,-2.5843629487238875,-0.29298861913251506,1.1493024072415414,3.7245983258556246,1.3846805385166001,-0.71954448162268858,0.034592112039,0.0754898738533,1.7371263178885347e-06,0,8.6856315894426736e-07,17,1,1,1,0,0
253,4,3.2591388147321956,-0.39136107265102615,-2.4845843182996128,-0.24301460261298172,-3.9646406027804968,1.5256094770277073,84.0109870628,1.76902958632,0.0080111357071898405,0,0.0040055678535949202,60,0,0,0,0,3
254,9,-3.472408437511973,4.2144350896913387,2.7830929907995259,-1.6849438022409737,-2.1320519070430959,3.9451858837355038,0.397343501643,0.00504204327993,1.6562590340004177e-07,0,8.2812951700020886e-08,15,1,1,1,0,0
255,11,-4.1837097324985928,-4.5406558857016304,0.37486759427581223,-5.0092574218463781,6.0173331528255174,5.0067042557896926,2.36406278667,0.0858751363598,7.8352059152695449e-06,0,3.9176029576347724e-06,14,1,1,1,0,0
256,13,1.1420200148973318,2.7435092178884912,2.2879779423994431,5.9678357559904454,1.7437199005053796,3.6360859585285454,0.427153234806,0.000821863162276,1.8266564260067889e-07,0,9.1332821300339447e-08,13,1,1,1,0,0
257,7,-1.0156334857339022,4.8457461512513547,-2.5834731875400041,-5.4949254619909027,-0.36057938410218443,-4.4946009070152222,0.271633824634,0.0390111325198,5.3737257837202098e-07,0,2.6868628918601049e-07,14,1,1,1,0,0
258,13,-5.2111025365031498,2.8225395965090776,-0.82832462314962096,-3.4604834523077761,1.641838559886982,-2.76234928480054,0.0319860196303,0.00476600578811,7.9424326220334692e-09,0,3.9712163110167346e-09,20,1,1,1,0,0
259,0,4.239927677961318,1.8997708683844496,0.56617459712723761,5.177858962904347,4.4775357678670655,2.8529764823306203,0.441572619902,0.136227682534,5.8480708161428241e-06,0,2.9240354080714121e-06,35,1,1,1,0,0
260,10,-4.5993189726080166,3.0633551553411893,0.27448977546924674,-1.2616038770881941,4.7597156590074938,-5.7460130082985579,3.4624745664,0.0778607892647,1.3835413070008552e-05,0,6.9177065350042762e-06,19,1,1,1,0,0
261,1,4.5739549868873848,5.5097566559445186,1.2353222199814973,-2.7268944875639121,1.4168141343823137,-0.35330030640511212,0.0415386664012,0.00185190925705,2.7701669299543077e-09,0,1.3850834649771539e-09,25,1,1,1,0,0
262,5,-1.4365297890405309,5.4277723067371006,1.7313546289947634,-3.5293316470893847,0.34792145380912998,-5.6302638740434983,0.524155068621,0.000545606401036,2.7482921640686052e-07,0,1.3741460820343026e-07,17,1,1,1,0,0
263,9,-5.5866993566763767,-3.5633815174495567,1.1056829435274314,6.0507139190797412,-5.1097200790662116,-3.3717949085006063,0.177370687944,0.00751890154847,4.8681565748861838e-08,0,2.4340782874430919e-08,55,1,1,1,0,0
264,10,1.4804759965434244,-2.2262594098551114,0.86036532595188031,0.42832887240365713,-4.2821824741870866,2.3700202740024543,0.200351139432,0.00179295316324,4.1119826917300767e-08,0,2.0559913458650383e-08,20,1,1,1,0,0
265,8,1.4858657786547522,-5.4750639002444368,1.2936619652989347,6.0844952279470963,-2.2824322842552216,0.28647029301745741,1.23693783444,0.095981641311,4.3362957134067328e-06,0,2.1681478567033664e-06,20,1,1,1,0,0
266,0,-2.2567806060774349,5.5170168043593133,1.2831867908884034,-5.4892323663079248,-1.4030867623591319,3.9946330867255644,0.0181266775839,0.0286525807751,2.5041045686324065e-07,0,1.2520522843162032e-07,19,1,1,1,0,0
267,4,-5.3179829276931692,0.40411311081563672,-1.1107835367653813,4.8781757751981552,-4.2893569055112462,3.2399489490880762,1.48135831059,0.0239717870346,2.369469800904605e-06,0,1.1847349004523025e-06,48,1,1,1,0,0
268,8,5.1431008150112349,-4.2210698830850442,2.79966587966064,-0.95507445673946445,-5.3618553247114411,0.52296789317096803,1.20962725228,0.0154870322707,1.5362600196944344e-06,0,7.6813000984721719e-07,17,1,1,1,0,0
269,12,4.7524611857604322,-0.50667249975543061,2.2693111120929341,-1.3516060281770572,4.8444567068985434,-4.1615218009553709,0.0232305321386,0.305105103712,2.8357108515397975e-05,0,1.4178554257698987e-05,8,1,1,1,0,0
270,15,-3.4837340156439907,0.35677437604712314,-0.061331881562048607,-2.6806729809290188,1.033107537428803,-3.2586838489612062,4.2924282039,0.0284970498469,1.8672314163437463e-05,0,9.3361570817187313e-06,13,1,1,1,0,0
271,3,-0.63259466492166994,0.91120972738705264,2.3769547522347887,-4.3208939755211553,1.4488654084041732,-0.80390501090062516,0.471558795389,0.0345210481521,5.8538111909332561e-07,0,2.9269055954666281e-07,28,1,1,1,0,0
272,11,-3.0384748517633273,1.2623869648134596,2.4951089250018685,-5.7168909514098889,-4.7708050112043328,1.4630239448166378,0.0752062815497,0.0342709421045,3.6342837447373128e-07,0,1.8171418723686564e-07,13,1,1,1,0,0
273,15,-1.1212475933876322,-4.2430763242894791,-2.2626091372524351,-0.831168929864877,-4.4195309190272969,0.35834109010292298,0.615990920061,0.0164589808723,4.6196507902660328e-07,0,2.3098253951330164e-07,23,1,1,1,0,0
274,8,-4.7596904986313282,-3.6921489198715292,-0.38280084887219196,0.93378754974049816,0.92607338181876397,-3.2912950312070355,1.16468316842,0.00535139328464,1.365210336763621e-06,0,6.8260516838181052e-07,11,1,1,1,0,0
275,9,-5.5668002175317692,-6.1097715714012351,-0.47523401963200984,3.6076222951514088,5.8092597838093214,4.3924033460159571,0.0334042746694,0.743129459959,0.00016822346446420121,0,8.4111732232100604e-05,58,1,1,1,0,0
276,0,-3.7782542310682921,-4.0460153540172916,-1.3960517635908569,-2.5128331900972642,1.3560243038011195,1.7003495824131312,0.0415522453468,0.123102790599,4.6179894561640588e-06,0,2.3089947280820294e-06,11,1,1,1,0,0
277,12,2.762415195048749,3.4989500444760009,1.4564819955216137,4.3168098362330296,-5.9547200542359855,-1.6740961352526629,0.0330161744977,0.00969530388805,2.972377548445648e-08,0,1.486188774222824e-08,23,1,1,1,0,0
278,4,-3.945614390265594,-0.87620279332061035,-2.467986428935796,3.3785402007962402,-1.7791702942336933,0.60973406721352019,0.391305693563,0.143571180861,6.4321027528366649e-06,0,3.2160513764183324e-06,16,1,1,1,0,0
279,4,5.3591181807374682,1.8045861215746615,0.25443038631750359,-2.7970897107159134,1.2457061428686997,-0.99074324168443884,120.130557388,2.34412382849,0.016105198111529426,0,0.0080525990557647129,60,0,0,0,0,3
280,8,2.5268429662718273,-1.9630780792389428,-2.0111664163838872,3.0284231007998148,-4.8927140941034626,-3.7601154527106746,0.057821031009,0.00610657860258,1.4702547275168937e-08,0,7.3512736375844685e-09,40,1,1,1,0,0
281,0,3.1089730731507865,-4.763348445034242,2.7017405323650712,1.7942383387265504,-3.4644290701546261,-2.285707645419448,0.0268107376562,0.343616661193,3.5967631651914133e-05,0,1.7983815825957067e-05,17,1,1,1,0,0
282,15,3.517676344884042,0.16105689280201613,0.9807728291373693,3.7672622393675042,-4.6820981732697673,0.81608092136140309,0.536114466081,0.311292313978,2.9805731532944399e-05,0,1.4902865766472199e-05,18,1,1,1,0,0
283,2,-5.199613204950718,5.1577553177221152,-1.8939000926624991,-1.0335029735513015,-1.239853655640605,0.31793792693675976,0.267011204234,0.00287009286112,7.380424878244829e-08,0,3.6902124391224145e-08,11,1,1,1,0,0
284,8,-4.0768163762289102,0.81630736030137185,2.2544290591942096,0.71103273520883548,-3.7414993696542678,2.1126655043793203,0.0045508466274,0.495986880153,7.4936815347150068e-05,0,3.7468407673575034e-05,21,1,1,1,0,0
285,14,3.255311078480505,3.9060009587858415,-1.4820989375213154,-0.95654705940642692,4.6953675238930916,4.601532869884803,0.113612897392,0.00461118099955,1.9384967668749602e-08,0,9.692483834374801e-09,26,1,1,1,0,0
286,4,-0.39210759850069909,-4.195228860279312,0.040818785392838286,-1.1682223942869248,5.246068695115726,3.1899685393750987,40.347939491,0.00942752343796,0.0016279832950150787,0,0.00081399164750753936,60,0,0,0,0,3
287,0,0.27511049582348301,-1.6281083842074353,-2.5555997907865944,-0.24232043114841109,-1.450404866179055,-4.8440777250650058,0.081886044616,4.49812714183e-05,6.7059406397813183e-09,0,3.3529703198906592e-09,25,1,1,1,0,0
288,2,4.3687154045264114,-3.6759433626041904,0.72249860863461302,3.245406293379971,5.2572376675014674,-4.5575404560416857,0.495538659537,0.0114104205154,2.8521904941567173e-07,0,1.4260952470783587e-07,15,1,1,1,0,0
289,0,-1.8591311924320069,4.8782665652379906,0.27287682552894332,1.6433022240148496,-2.1860564081096503,3.0843372310104993,0.11286564603,0.000289655799883,1.2764211602320325e-08,0,6.3821058011601625e-09,16,1,1,1,0,0
290,14,3.5767506829955851,3.7179930916303494,-2.2876737055199867,-5.9008554848665904,5.8423203601809721,-1.9565731885349182,0.733910735813,0.0125414046453,5.8653727660821987e-07,0,2.9326863830410994e-07,14,1,1,1,0,0
291,6,-3.4915710519990277,3.8960283377606095,-2.4973792151902279,3.4266740153324737,-4.5961273631921671,-4.4985401933503963,0.0667795223195,0.009528215359,3.2114772152147221e-08,0,1.6057386076073611e-08,13,1,1,1,0,0
292,8,1.8156240985685572,2.7436474070317995,-0.86763623203591256,0.88698165042972443,-2.254624518947355,0.74087374783817239,0.0772377322979,0.0285442474001,2.541600390461881e-07,0,1.2708001952309405e-07,13,1,1,1,0,0
293,0,-2.198352317263137,2.0633449750081057,0.96245257077581647,1.4728204655770081,1.6233347370640225,0.75014374481621204,0.0549751682448,0.110207737691,3.7028279085600302e-06,0,1.8514139542800151e-06,43,1,1,1,0,0
294,11,2.0088558112519403,-2.8656150791028581,0.55408718621553288,3.9061175058741395,-1.3349780603152706,-0.78037586063220421,0.292764882476,0.207464712061,1.3196934468188007e-05,0,6.5984672340940037e-06,18,1,1,1,0,0
295,1,1.3315129621582489,4.1548078076156401,-0.79933530573205414,-0.22213452218965124,3.8422889605464374,0.44939886334338347,0.0219464020601,0.81650616972,0.0002030835313614038,0,0.0001015417656807019,59,1,1,1,0,0
296,2,1.031322354122717,0.10169702368503256,-2.2954098659848166,1.3546731573085078,2.6582962022147503,-1.8522806695508707,0.156652335467,0.00562549231261,3.4179926957832032e-08,0,1.7089963478916016e-08,25,1,1,1,0,0
297,2,-1.552549862907467,1.0797179127857455,2.443442245448701,-0.67134247081966936,-2.5745839455357067,4.5714359150706914,0.0696752438064,0.0192706917756,1.1797723103928411e-07,0,5.8988615519642053e-08,36,1,1,1,0,0
298,11,-3.7597885313076702,3.4805229900980579,-2.6373126053630145,1.225892456110381,-1.4865952173223755,-0.32669269800443401,0.0631113680112,0.000267681530531,4.0048716466110259e-09,0,2.0024358233055129e-09,16,1,1,1,0,0
299,7,-0.88502751863487195,-2.3857403070493062,-2.0695824201898207,-3.2504003906787258,1.664916785516279,-0.65671937350132059,0.0291424224571,0.00979344788618,3.0065631455370098e-08,0,1.5032815727685049e-08,34,1,1,1,0,0
300,9,-4.8602924537602092,2.3902286112079931,1.1222797753999647,1.3225832543869813,1.7426989284593157,3.3847076083982373,0.0886988919453,0.0565144969604,9.8078152678058925e-07,0,4.9039076339029462e-07,16,1,1,1,0,0
301,12,-2.6191403203088996,3.7455659979453113,1.0387949618227816,-3.1405733953090196,4.053020087090732,3.6415399735267249,0.0700440784541,0.00964898014435,3.3266913067532214e-08,0,1.6633456533766107e-08,29,1,1,1,0,0
302,9,3.2553320705336422,-4.9420349874670535,-0.74869095588993329,-1.8544308717682039,1.0132077010277614,-0.12231732753080871,0.0560977462899,0.242288388971,1.788530544319351e-05,0,8.9426527215967549e-06,11,1,1,1,0,0
303,9,-1.056896138544432,-4.1072696686994812,-0.70232110768056533,6.0334589956281066,5.2399053957488233,1.3895059003259584,0.700888795616,0.0145147369175,5.554211670172038e-07,0,2.777105835086019e-07,14,1,1,1,0,0
304,2,-2.2426077664973829,1.5745114683440724,-1.4393921849819316,2.8691618520785998,-5.5444129829017461,-4.9279310642188729,0.351299954167,0.0304917757092,4.0662921216083084e-07,0,2.0331460608041542e-07,18,1,1,1,0,0
305,2,-5.0216927332643193,2.8050034568771824,-1.7298980947075155,-2.7245674311023071,-0.7085312903309785,3.8795170172461195,2.2752898772,0.0541708379453,6.0708376549396788e-06,0,3.0354188274698394e-06,38,1,1,1,0,0
306,10,-5.2287869585949593,4.6767887489993916,-2.4685988320340928,-3.3609357002982496,2.1911187606437506,-2.8548876138396051,0.278653329757,0.00366299505985,8.1734892408694511e-08,0,4.0867446204347256e-08,15,1,1,1,0,0
307,6,2.6814108768244962,0.70584711403641165,-0.64848837884354971,-6.0497895939464925,3.1404687029438905,3.0685033175763792,0.739801536928,0.139211445345,6.4507390629346699e-06,0,3.2253695314673349e-06,40,1,1,1,0,0
308,5,3.4185393583509267,-5.8809374982531217,-0.48854329261099305,1.6086032081414712,-0.85743132478320772,-1.553482243457192,1.52067813517,0.065478956817,3.6185072851719572e-06,0,1.8092536425859786e-06,22,1,1,1,0,0
309,14,-3.9811019838466732,1.9889342414816251,-1.5373968961290292,-2.2437569903339969,1.4924556841647172,2.4013427913692666,1.0642170008,0.0744027744143,2.8188506639949627e-06,0,1.4094253319974813e-06,20,1,1,1,0,0
310,5,-4.1968509664706533,-0.38699823049963189,-1.2319740501561809,-3.8943070067249206,4.4297141107252065,-0.73262443549906386,0.0800495306898,0.153588761431,7.192182878091501e-06,0,3.5960914390457505e-06,13,1,1,1,0,0
311,14,-5.7849196695552507,-0.67220314451153096,-1.1183747536415594,-2.9285861230003376,4.2970127375594647,-4.8276709366981034,0.926810338236,0.00860694980519,8.8154333508767788e-07,0,4.4077166754383894e-07,8,1,1,1,0,0
312,3,-4.9159568740152473,2.2737041767434798,-0.57507151094452635,4.3724134561153321,1.186957266883049,3.3207602767496298,1.68632100302,0.109587875464,6.5019821740515213e-06,0,3.2509910870257606e-06,19,1,1,1,0,0
313,6,-4.5363055382124795,5.2275966552614772,1.0235286651612674,-1.4232086964417299,-4.7606069328422356,3.0167563758398797,0.213687212071,0.0083114502723,6.6705258599617386e-08,0,3.3352629299808693e-08,15,1,1,1,0,0
314,11,1.9652143714246131,4.5830699426844852,-1.8675344326171619,-4.7771584317659519,-4.4600589804307571,-3.658247930220957,0.556096298207,0.0455232954951,9.4052322694229854e-07,0,4.7026161347114927e-07,8,1,1,1,0,0
315,7,4.5997004580686536,5.1798177320100987,0.57148171298092187,-4.4511025995083759,4.9696988996643388,-2.9113037529071817,0.36482536926,0.0190151337372,2.4323968836455708e-07,0,1.2161984418227854e-07,11,1,1,1,0,0
316,3,-1.3570783476941153,-4.389011143866659,-0.053875435436898933,3.5252187157603245,-5.0096905033219743,-0.49283248185000816,153.55702271,0.0158296189788,0.023579835553623352,0,0.011789917776811676,60,0,0,0,0,3
317,6,-5.6989685190179378,3.9493022507459958,-0.49024515266428509,4.0891279153320257,4.8723040654284731,1.5250140041284836,0.209678853049,0.0691952661927,1.502468816506221e-06,0,7.5123440825311048e-07,19,1,1,1,0,0
318,6,4.1282229581624996,0.45351436054397548,0.45825639765136972,-4.2041944961797233,-2.1040680478224525,-4.6444575495812996,0.0231144037086,0.506111089399,7.8027809570564995e-05,0,3.9013904785282497e-05,24,1,1,1,0,0
319,12,0.19497353985400506,1.1008879375648757,-1.3156469977064993,3.9424809492533215,-4.1165919262439097,4.5055808109262392,0.758363512924,0.00659090399271,5.8834780315373131e-07,0,2.9417390157686566e-07,20,1,1,1,0,0
320,3,0.98345854471421668,2.4664418154994125,-2.7904355336302369,-1.5289374682552281,-4.2796217587703662,3.6173513971788278,0.163084500063,0.0132809172396,8.0325816236473383e-08,0,4.0162908118236691e-08,48,1,1,1,0,0
321,2,0.2751224767114453,-4.6546385588816603,-1.5736016603680085,-5.3040767658061396,4.4797749781405889,1.151520653905614,0.084201233629,0.0126811930787,5.6076184663169389e-08,0,2.8038092331584695e-08,8,1,1,1,0,0
322,6,4.3797201278353368,2.3424770525725922,1.3078854160528179,-2.8156659822601515,-0.32240498517979538,-1.5303405258504943,0.147753449086,0.0282877479727,2.6558493133438073e-07,0,1.3279246566719036e-07,18,1,1,1,0,0
323,7,0.38992854677723598,3.0741950411528332,0.30501060267587549,5.8869638355515317,-1.7198550436081845,2.5554572449124362,1.56925064915,0.015087645841,2.5318898128250471e-06,0,1.2659449064125235e-06,12,1,1,1,0,0
324,3,-2.4803539946463418,6.0368559564422739,1.2321611017100482,-5.4226541531539825,4.0432401534498101,-1.7821962031273457,0.276058853681,0.0580094751967,1.1012763301622486e-06,0,5.5063816508112429e-07,40,1,1,1,0,0
325,5,-0.51802579385525815,0.050154682321111817,-1.332993820104303,5.3778847563206797,2.0119973773692723,4.1596196859135208,0.372430715667,0.0453467662026,7.6509833464249395e-07,0,3.8254916732124698e-07,20,1,1,1,0,0
326,14,-1.3917597311151908,3.3507968817361715,-2.0142319806763496,-0.83843775129506493,2.1501708960882375,2.1685872076959787,0.0208905721776,0.125579014023,4.8042801647646941e-06,0,2.402140082382347e-06,42,1,1,1,0,0
327,7,-1.8372946906580485,4.8376819372896094,-2.3270423397909039,5.3116302134415978,5.0170266248526758,-2.6285584387363987,0.0508645225911,0.0341460905034,3.5775755463836507e-07,0,1.7887877731918254e-07,15,1,1,1,0,0
328,9,-0.8832099822715086,4.748460125615634,-1.8538935490023094,4.6962035510441646,-1.7685900414246651,1.6326667786278704,0.014781460225,0.0504923884653,7.7683490481441435e-07,0,3.8841745240720717e-07,17,1,1,1,0,0
329,6,4.9121091932115082,0.89179228180101977,0.5667961414315843,0.13254303773764375,4.3878351686863475,-3.0574743292207982,0.279474160129,0.02480390329,2.655166835881784e-07,0,1.327583417940892e-07,23,1,1,1,0,0
330,13,2.4290553628035738,-1.0649841392871342,1.9309941150108858,5.564850266789831,-1.486631708587004,-1.2292142787331086,0.547868483787,0.000578027937729,3.0026165317121789e-07,0,1.5013082658560895e-07,10,1,1,1,0,0
331,12,1.2019451115624837,-1.9436876355965074,-1.4520148529707708,-1.5123290861424685,-2.4284067313393871,0.18541880962665677,0.0601945071012,0.00649945207398,1.6491294961054997e-08,0,8.2456474805274983e-09,44,1,1,1,0,0
332,2,-5.5186845852535775,-1.129274092555326,-0.91155948673138454,2.0005737970672266,2.7675480414764535,-1.7175238562463386,4.77813202874,0.129567875378,2.7944412461396342e-05,0,1.3972206230698171e-05,42,1,1,1,0,0
333,5,2.9344155173625968,-5.9973065946842761,-0.40234219841400837,5.0454850227117838,-0.77130047248898725,-2.5239754222857629,0.0295178476477,0.580390877182,0.00010261233673879815,0,5.1306168369399077e-05,38,1,1,1,0,0
334,12,2.6129016102888243,2.741267104839487,-3.0243145571733376,1.2372103055199424,-1.3089582527624926,5.3717124947922184,1.14553397085,0.0457158211833,1.9488790835533354e-06,0,9.7443954177666771e-07,8,1,1,1,0,0
335,13,5.5663802767669681,-0.23033066737855906,-3.0507577542335365,3.2894835042407911,2.08630598091474,0.49345653335036044,2.14025682449,0.151223509325,1.1546857900728763e-05,0,5.7734289503643816e-06,18,1,1,1,0,0
336,14,-1.8554051339488362,-4.9149458883726167,-0.95719662783762627,-3.2019169381930417,-3.0551710123746982,0.92865027194408423,0.0713062395804,0.370781157149,4.1883481243657756e-05,0,2.0941740621828878e-05,10,1,1,1,0,0
337,5,-3.3764627738070234,-2.544412691272945,2.8532384469793075,3.8585149847258973,-0.83756185744016043,-0.86043347894092193,0.127738396187,0.0549607263817,9.3646928545116069e-07,0,4.6823464272558034e-07,16,1,1,1,0,0
338,2,-2.4326299437474481,1.4189277209942688,-2.5537070729165703,1.8644726148232225,4.8087356862985118,3.4124598956039054,0.025320423575,0.000848836130724,8.6060763919167427e-10,0,4.3030381959583713e-10,33,1,1,1,0,0
339,6,0.57807387532189491,2.0084696624269847,-2.3260837766050182,-2.0673729977255402,-5.2910041487607531,3.6556793015743287,0.315880706669,0.0503580872271,8.7227119104348878e-07,0,4.3613559552174439e-07,17,1,1,1,0,0
340,3,3.5291815614440436,1.5789119702415408,-1.8427069291426146,-1.2422719184372208,-4.6513625846424178,-4.4041067020403615,0.00109705252601,0.00856030532798,2.2323210823873662e-08,0,1.1161605411936831e-08,23,1,1,1,0,0
341,11,-1.9365581594473857,1.2406887189759919,-2.246095503003112,-3.70807511847678,-1.6603959352260453,3.571146316114755,0.0616260467202,0.00814994605659,2.4030952357779931e-08,0,1.2015476178889965e-08,19,1,1,1,0,0
342,10,4.0739831783376337,-2.8503660259491297,-0.29934372246993995,-1.1637148746662258,-0.84144312056321147,-1.801697586436368,0.0682262063561,0.0229199314881,1.6467743107222508e-07,0,8.2338715536112542e-08,48,1,1,1,0,0
343,14,-0.28243772875263295,-1.642119437226953,0.61334513198876084,2.6417542441848818,-3.2258806131773321,-0.12587533424267641,2.83544824791,0.387224731144,5.3715014229541756e-05,0,2.6857507114770878e-05,35,1,1,1,0,0
344,11,-4.2856912551938917,-1.6671000682254007,0.77242923829543408,-1.0391729166933525,-3.0894682550365089,2.5047818905766737,0.24906222431,0.0208481581829,1.9443264311750788e-07,0,9.7216321558753941e-08,22,1,1,1,0,0
345,2,-0.30408818771428725,1.2001733443122307,2.8328008986910067,-5.5802585151848403,0.84693562593380056,5.0282449321202174,123.884324846,1.44063033925,0.01597953374074788,0,0.0079897668703739402,60,0,0,0,0,3
346,9,-3.5600996620038696,-1.5496782574991566,0.44513434542509056,4.7519714324690243,-4.0657141078969037,3.6666383858471225,0.0100250790807,0.599710286521,0.00010955649506617426,0,5.477824753308713e-05,12,1,1,1,0,0
347,5,0.31490151256547766,5.065132914320853,0.057254840546550501,-0.73157665254444715,-5.1535033426330497,4.0249683234652789,2.93136191434,0.012222281561,8.6383876921915463e-06,0,4.3191938460957732e-06,19,1,1,1,0,0
348,5,5.9935038248169992,0.0017777776516908501,-0.72821496364790028,-4.6617742708065784,5.0052467728324528,-3.6827113472145818,0.0460274908466,0.0132554722239,5.564210856673122e-08,0,2.782105428336561e-08,10,1,1,1,0,0
349,4,-5.1972048105181976,1.0191613003516959,0.52246688644954697,-1.4982763935763754,5.2917383626444963,-6.048542876295846,0.146123978465,0.0475338087146,7.0962399738525829e-07,0,3.5481199869262914e-07,21,1,1,1,0,0
350,13,-2.5142896866344522,4.0434538887211859,-2.3857788800884832,-2.5394960984232591,-5.2114901390772346,1.3304783638552398,0.0497609654975,0.143971661639,6.3165370957702231e-06,0,3.1582685478851116e-06,19,1,1,1,0,0
351,8,4.5160750030333796,-4.1735558914579443,-1.2243051562243061,3.8399174552082025,-5.3748442880527394,-5.4056274803300441,0.025146680412,0.245768453703,1.8400174209573552e-05,0,9.2000871047867759e-06,22,1,1,1,0,0
352,8,-0.55476978444000791,5.7996794240692084,-2.7120001201148503,1.7486492044081303,2.6525887600835891,4.2089578827278116,0.100081646892,0.0253859085627,2.0632531222015978e-07,0,1.0316265611007989e-07,20,1,1,1,0,0
353,3,-4.7249880131235509,0.60403112281558868,-0.80468191712943382,-2.2221340674231964,1.5151332915312707,-2.5339559744817417,0.21329223418,0.0227271168857,2.0283512791597033e-07,0,1.0141756395798516e-07,21,1,1,1,0,0
354,5,2.0406674846900636,5.0046795015651391,-2.764928568823767,-4.817544209414665,1.3890469839903599,3.6885023321208985,0.197995707017,0.0317133676373,3.45567519162738e-07,0,1.72783759581369e-07,27,1,1,1,0,0
355,15,-3.8987829600404185,5.0193059395290804,-2.4194969421818882,-0.38989582099671521,-2.5284486396106352,-0.20318500593514841,0.0427730596423,0.00431249560246,7.4946931383545469e-09,0,3.7473465691772735e-09,16,1,1,1,0,0
356,2,4.0961247671465735,5.2801249779637764,0.8431974889267545,2.2288854862276879,4.5421388977008155,-2.3566872220234156,0.162342162115,0.0207630317226,1.5767660926248334e-07,0,7.8838304631241668e-08,27,1,1,1,0,0
357,3,-0.53027135169096817,-4.7479037775399133,1.8447093005662667,-1.2778119514857489,-1.4638947447548947,-4.6810598454727268,0.540535007087,0.0193345500726,4.0605164799037941e-07,0,2.030258239951897e-07,25,1,1,1,0,0
358,3,2.8885523686296088,-0.52497638585734407,2.1051384542520122,1.9368840541163392,-4.1686001743315027,-5.23162839769551,0.0536820432677,0.00796584541881,2.2211166696392127e-08,0,1.1105583348196064e-08,18,1,1,1,0,0
359,14,-1.1048527758214102,1.4502841337235914,1.7527051874262174,4.6079724480421742,-1.8259131286147394,-3.4840591400503884,0.0200138741315,0.0124250481324,4.7427947160854276e-08,0,2.3713973580427138e-08,15,1,1,1,0,0
360,3,0.45884009715799157,-4.1092693066355857,-1.9725425154045284,-5.4801312956631456,-1.6221735334834999,1.0981967280173104,0.227776868478,0.0248608833471,2.4015521678355668e-07,0,1.2007760839177834e-07,29,1,1,1,0,0
361,7,1.0710435383398433,-2.7092043376979902,1.8010461695187403,2.6180708676129529,4.3901304546526365,0.26785871711742271,0.0484215128555,0.0240533494289,1.7858519963336027e-07,0,8.9292599816680136e-08,10,1,1,1,0,0
362,15,4.6361591212253588,-0.15049539720844141,0.96727781862542317,3.8760715082890345,1.9113274206513771,5.6653576598572215,0.0747830093256,0.0406595832202,5.0918653705096556e-07,0,2.5459326852548278e-07,21,1,1,1,0,0
363,10,-0.053846799409714693,0.0035352699746613518,-0.66040195969296778,5.3102489836371438,2.1429873351404329,-1.0728563388616574,0.0188832713536,0.0599683091614,1.0958211653221175e-06,0,5.4791058266105875e-07,20,1,1,1,0,0
364,5,4.9969012367720653,-2.2859274726227126,-1.634633585180379,-1.3559723272079056,-2.7984851413246159,-3.8651798802339123,0.0660539735255,0.00068439773371,4.5058102964963209e-09,0,2.2529051482481604e-09,25,1,1,1,0,0
365,11,0.86816596568354198,3.2637234511385147,-2.5358154164330116,1.2194314869700849,-1.1751182324793756,0.32584347465843355,0.153471978065,0.0155294301728,9.7016160237549369e-08,0,4.8508080118774685e-08,12,1,1,1,0,0
366,9,-5.0357853793408198,2.9520521321561528,-1.0752749367029444,-3.5019813153456876,-5.2933736644811749,-2.3096344611692969,0.532126777309,0.0147561225295,3.4948726430045531e-07,0,1.7474363215022765e-07,14,1,1,1,0,0
367,10,-0.85700808258596528,-2.1868832783442906,2.9303476540745126,-4.6174109982382658,-1.8797089444707278,2.2732656213930196,19.4167261108,0.127359339,0.00038195026963273952,0,0.00019097513481636976,60,1,0,0,0,2
368,11,-0.5689044462604016,3.2951600323388219,1.3477465162712241,-2.7165326707133279,-1.7918390067807839,2.4845860072813921,0.420870273552,0.0205283591289,3.0550168888237181e-07,0,1.527508444411859e-07,11,1,1,1,0,0
369,3,4.7461328989412879,-1.9741625973808967,-1.1553816263052337,-1.6400743147912942,-0.6196784237734122,3.5552940425202966,0.111887771068,0.0197867398264,1.3178118464682831e-07,0,6.5890592323414153e-08,51,1,1,1,0,0
370,12,-2.5416828117833825,6.1337244959917054,1.943074075838009,-5.6759829858767192,-2.0694096473732873,4.5803522314005898,0.027736922537,0.0195036805573,1.1664384018566002e-07,0,5.8321920092830012e-08,27,1,1,1,0,0
371,8,-1.6688492423414707,2.1246432474924783,2.9593343544805584,2.5952255900963599,4.7283902728536695,2.5776967280858614,0.0412391433993,0.0107432022185,3.6858511061481052e-08,0,1.8429255530740526e-08,16,1,1,1,0,0
372,14,2.4319410862003656,-5.8840331990646417,2.7368959035634504,4.7749637272637484,4.3124021470549074,-5.6256138839087981,0.0102492712788,0.495643192284,7.4833082647997163e-05,0,3.7416541323998582e-05,24,1,1,1,0,0
373,15,0.80928554969006028,-1.9510582516148327,-1.003433086319276,1.1065692336977597,0.40127828498106788,4.0240433983099706,0.187506075964,0.0235489520062,2.0408507534532194e-07,0,1.0204253767266097e-07,24,1,1,1,0,0
374,14,-0.22006201369360182,-5.2055315369942639,-0.94977429331216934,-5.8927887320472463,4.0982811588562509,2.6600633725209932,0.118541792957,0.00457578126368,2.0430167422126667e-08,0,1.0215083711063333e-08,24,1,1,1,0,0
375,9,-5.4619541951090449,4.0267642576019815,-1.3509067218051409,-2.7731143186490113,1.5761503911985169,2.9848680115289699,0.0207352111581,0.000127023080124,4.3486394207193881e-10,0,2.1743197103596941e-10,35,1,1,1,0,0
376,0,-5.9576297936570191,1.4781105029294794,-0.89043095114026782,3.2456583242113144,-4.4170436069165904,3.9933979881200026,0.14432906921,0.0578574069244,1.0405314592701373e-06,0,5.2026572963506867e-07,17,1,1,1,0,0
377,2,-0.73860911142100127,5.3112065557444978,-2.1995400014152229,-5.1483166363191337,-4.1861790196455768,-1.2599497137637843,0.167612670012,0.0704514016717,1.5400321077590135e-06,0,7.7001605387950675e-07,27,1,1,1,0,0
378,0,-1.8335787371297407,-5.7914439588380837,1.8254712909336903,-4.4436165779481742,1.2818749076471698,6.1148496667391878,0.433691826932,0.0245328120609,3.7142529607527854e-07,0,1.8571264803763927e-07,17,1,1,1,0,0
379,13,-1.9405641539384797,-3.6055476525353689,-1.9086588899682513,-1.7927926773624752,2.0401892123357777,-0.17555997616854196,0.0284300269619,0.686339780318,0.00014349458883771563,0,7.1747294418857813e-05,47,1,1,1,0,0
380,14,4.0439958206348674,-5.0947695754338556,-1.8767787739327433,5.3343616680424475,-4.5755901719324221,-4.0541441363869168,0.0222644526087,0.0706299483884,1.5201070010229478e-06,0,7.6005350051147388e-07,8,1,1,1,0,0
381,8,-3.4308212117548558,-3.6454644430668557,2.1520039776225262,3.2395895866149469,-1.1430164839648422,-1.4830113717662585,0.0814852920421,0.023679186916,1.7744002596949101e-07,0,8.8720012984745503e-08,10,1,1,1,0,0
382,12,1.052744694992251,-3.2018828023090578,-2.8542517262893758,-4.7390233882639601,-1.6185601378968109,0.2461496739287439,0.0956104494325,0.0630363458961,1.2195633203115818e-06,0,6.0978166015579089e-07,8,1,1,1,0,0
383,9,3.2713963610110359,2.8148405120903615,-0.68314829730467819,-0.86513526359391335,4.6758530489508221,-1.4797525021422429,0.0435202333053,0.0478167521088,6.9838400690477408e-07,0,3.4919200345238704e-07,18,1,1,1,0,0
384,12,0.08465586362155425,1.2542080713113897,1.5205238029502006,3.1513270312240338,2.5743747611999357,4.803460956322013,0.16105458756,0.000739220900304,2.6105037613560346e-08,0,1.3052518806780173e-08,26,1,1,1,0,0
385,4,-0.057350308975572514,1.3076360878984197,0.4200577707577432,-3.1387223774902537,-4.3997879820241304,-0.5097903933836041,0.333437243062,0.0204776581008,2.3891698278052671e-07,0,1.1945849139026335e-07,25,1,1,1,0,0
386,7,-0.82901009312143936,1.3957655585645814,-0.093720386135874884,-2.950802783919356,-4.6313232394938684,-1.0383012500742477,2.94409996119,0.00072134121194,8.6678830840082388e-06,0,4.3339415420041194e-06,28,1,1,1,0,0
387,9,0.51739230182233076,-3.9971600435034413,0.75899810871669715,-1.0847262940032545,5.2329533292353556,-5.0387583363354773,0.232866273507,0.2469951948,1.8637907780806306e-05,0,9.3189538904031532e-06,11,1,1,1,0,0
388,6,-6.133227107503866,-3.0775710637755531,-0.68738097859977543,4.2894382287479909,3.4302456135625445,0.81518893317959407,0.390888210353,0.18948065174,1.1089447649236152e-05,0,5.5447238246180762e-06,8,1,1,1,0,0
389,11,1.0959123451553043,2.8123162420618657,1.5598864808793869,5.5344494558380974,0.2635771002252732,4.9335174089780978,0.112471053803,0.00614164025722,2.4139829355465607e-08,0,1.2069914677732803e-08,21,1,1,1,0,0
390,15,1.0771462421530611,2.627633881156346,-2.712008104415256,-4.3521014413916621,-1.4298729820541471,0.53922645146295289,0.425104348459,0.0330629339423,5.1370855487755986e-07,0,2.5685427743877993e-07,10,1,1,1,0,0
391,7,-1.7580108346452723,-5.8711565647278388,-0.051657009905392376,-1.0808942129029702,-3.5077190580985991,-4.4675659024336278,2.3074787274,0.398131813335,5.3609042633791572e-05,0,2.6804521316895786e-05,13,1,1,1,0,0
392,0,1.6909989105074477,-5.2081782632103257,1.8089995609520726,2.1611217084613461,1.3980818843802207,-3.2215445388724411,0.201561214759,0.0100395287798,7.1329964344057245e-08,0,3.5664982172028623e-08,12,1,1,1,0,0
393,13,-4.5452289231180414,1.664923374510892,1.8233493226700168,-2.3108479029273865,3.5719219186158861,-1.3048586871319778,0.0235119717522,0.000802745414184,7.4910834190951238e-10,0,3.7455417095475619e-10,9,1,1,1,0,0
394,13,-1.0709761294394999,-4.1253082370962186,-1.7595724927957936,-4.4031560355589709,-1.9523176692554192,-3.1150836143476734,0.372727546217,0.000924605601233,1.3918623977549906e-07,0,6.9593119887749531e-08,10,1,1,1,0,0
395,9,4.7481685644122109,4.7175917075220868,1.7546176148419801,3.2240506425533924,2.305633121242193,4.6834628326651355,0.189591518507,0.029832949084,3.0705592521446809e-07,0,1.5352796260723405e-07,11,1,1,1,0,0
396,0,-2.2667047063778107,2.3075099068799321,-2.7480732033238886,-2.4011306933519383,2.0919343295253729,-5.2298351847913747,0.0102590637451,0.126567843986,4.8798993706704729e-06,0,2.4399496853352364e-06,19,1,1,1,0,0
397,0,0.32652391142936221,4.0100364123961443,1.4916086650746996,-2.6757784359311811,-1.3704895084372315,0.95577060459641672,71.736658927,3.93095159243,0.0098532124877308731,0,0.0049266062438654366,60,0,0,0,0,3
398,9,3.8094724312618493,1.3992236220699499,-0.3760971881461298,-0.66553644549165158,-2.0173738918969506,3.9957811602494027,1.85737650701,0.301669726723,3.1171441246749828e-05,0,1.5585720623374914e-05,23,1,1,1,0,0
399,2,3.070061071193714,1.4922598153890709,0.68894119409341681,-2.5954092370692918,0.98976526472842397,-5.2246233441233425,0.0430809094203,0.76198108979,0.00017686735435030126,0,8.8433677175150629e-05,35,1,1,1,0,0
400,4,3.547867222716913,-2.271320618283883,-1.4140987090938966,-1.4079764475431094,0.82027209762010267,-2.6024891089025379,1.08059563875,0.0340411812412,1.5206782159589639e-06,0,7.6033910797948194e-07,10,1,1,1,0,0
401,11,5.3922505015199036,1.9063293612489745,2.4795246836391942,-5.5043772509194762,2.3682850828615409,5.2339130947805224,0.0289219153072,0.0991750495623,2.9969591256138508e-06,0,1.4984795628069254e-06,21,1,1,1,0,0
402,8,1.3854563104586379,3.3974778848201477,2.9180282777392827,2.3415111186400881,-1.2430537391147258,0.70224241181229097,0.05113634158,0.124333847087,4.7116668411460459e-06,0,2.3558334205730229e-06,35,1,1,1,0,0
403,3,-4.3734589851083463,0.48237116468924301,-1.7456929294079961,4.5700052574672831,1.353736149456904,-3.4570606852558425,0.147567461445,0.00531969358952,3.0396566651585155e-08,0,1.5198283325792578e-08,10,1,1,1,0,0
404,4,1.6216704414547163,1.5785533127041576,1.5065871566862088,2.0521923824167527,-4.3935637577891855,2.6201733267150713,0.0659349578273,0.00948942749675,3.1777984044347512e-08,0,1.5888992022173756e-08,45,1,1,1,0,0
405,15,-0.72971320929358041,5.7123689997748883,-1.3964884915464091,-5.3164182312783588,0.97624931846273022,5.2976443959837827,0.130752155858,0.00700354903481,3.2037519037595294e-08,0,1.6018759518797647e-08,42,1,1,1,0,0
406,13,-1.8846775011742598,0.065991812692231949,-1.1810159636395887,2.7010223039809729,5.113596374716133,-2.2123888430155949,0.70113734457,0.00147011207595,4.9225192410946802e-07,0,2.4612596205473401e-07,13,1,1,1,0,0
407,11,-3.9980288916861566,0.65361510220846497,0.84346829189301697,2.5223414321626794,2.490013791347149,1.143805954621677,0.0644742319396,0.0140410413959,6.4212507834407689e-08,0,3.2106253917203844e-08,22,1,1,1,0,0
408,7,-4.0520296776588003,-4.5633333277919128,-1.243151088899574,0.20415908187460821,-1.3824810725975187,4.2597095758410832,0.0193665245417,0.183759534421,1.0286564039099131e-05,0,5.1432820195495656e-06,21,1,1,1,0,0
409,13,2.4823203995453542,-2.2835099226322817,1.5947300029703986,-5.5892394310522864,1.6152112075149829,3.8747258549049772,1.77048438527,0.0606898742254,4.2566003699826709e-06,0,2.1283001849913354e-06,21,1,1,1,0,0
410,15,-2.8948169340808723,-3.9893620654864077,0.18466955808076468,3.6022292759226882,0.36055444917846718,-5.2188599264453774,1.45825087475,0.895721628835,0.00024652630200489766,0,0.00012326315100244883,9,1,1,1,0,0
411,12,1.0627776805682059,-0.27452046969159022,0.94548682070731949,-0.83820687910681824,-1.797885351472166,6.1593001996006187,0.0804028863721,0.0394514630577,4.8057664033469699e-07,0,2.4028832016734849e-07,12,1,1,1,0,0
412,8,-1.6057812848017465,-2.2435892070059782,1.6576804831272718,5.0308769779714568,1.0945005950732067,5.486534042080776,0.0093638873201,0.0514285825965,8.057700242253515e-07,0,4.0288501211267575e-07,36,1,1,1,0,0
413,0,2.1944369176713803,1.0513871205369125,-0.41897611652675953,-4.5989968953424887,3.9929111733112919,-5.0879607475203752,0.554528199053,0.0939092083573,2.9939040931824155e-06,0,1.4969520465912077e-06,20,1,1,1,0,0
414,10,-1.7341670729508252,2.4485317965819786,2.1824546306977908,-5.1261862748030609,-4.6457635916181079,4.346671073663753,0.0570207117148,0.166417870832,8.4396026961951565e-06,0,4.2198013480975782e-06,8,1,1,1,0,0
415,3,4.425390110803284,1.4876123722749903,-1.9017491203622605,-4.2814150446939125,-0.99855037855767415,2.9065878883574725,0.162835345358,0.0110444688179,6.3672671350193478e-08,0,3.1836335675096739e-08,14,1,1,1,0,0
416,5,-0.057636092101785878,3.1271339439597892,0.77356351625531394,1.0223484820470363,1.2849345592942751,-0.8290971581870501,0.475115863239,0.0206010941198,3.5501626358947951e-07,0,1.7750813179473976e-07,34,1,1,1,0,0
417,15,2.4801685213958984,-2.5056521328262473,0.39676576915836725,1.1446139362738721,-3.8507999152181207,-3.5733860204814936,0.856991081952,0.0655605482518,2.043735887383181e-06,0,1.0218679436915905e-06,29,1,1,1,0,0
418,13,2.3792491374634257,5.8016051498516443,-1.2422960999730803,-0.92657586228662958,2.7342590446212047,-3.7720773266956487,4.35866721004,0.241255630731,3.6728017246814238e-05,0,1.8364008623407119e-05,33,1,1,1,0,0
419,13,2.8351228372588202,-2.2679425083629265,-2.1136759235260261,-2.6792839405141176,-4.3227870918712679,-3.9899474008550873,0.163625128613,0.0106569334825,6.1368653521664058e-08,0,3.0684326760832029e-08,27,1,1,1,0,0
420,3,5.279817171342513,5.0487914593099852,1.0009977666873384,-1.9483699413675066,-5.5263818759920049,-0.66617914965584701,0.179926769791,0.013843600188,9.0752128981012985e-08,0,4.5376064490506492e-08,17,1,1,1,0,0
421,5,-0.43121231794040993,4.1019410063657524,-2.7327193813364454,-5.1405134201825753,5.0012375195534791,-5.4064092433570181,0.260649001974,0.0647646975971,1.345645329239077e-06,0,6.7282266461953852e-07,32,1,1,1,0,0
422,13,-1.8029318199167179,-0.90552186639407795,-1.3428856071738724,-5.7310101795910864,1.369642535119594,-0.0094364070544652734,0.163745191805,0.00486249192325,3.4014809628389338e-08,0,1.7007404814194669e-08,13,1,1,1,0,0
423,10,5.8053002754862746,0.85071262969519668,-0.54109508088413016,-1.7290770467191656,-4.7361857801974336,-1.4803953121349858,0.37618849707,0.00109428143188,1.4188255002123655e-07,0,7.0941275010618277e-08,7,1,1,1,0,0
424,9,-1.1483853855541497,-0.71081752658080011,-3.0048946175368716,-0.70651864527406549,5.2111088834367685,2.5628245093679669,0.259955179151,0.0356270525269,4.54223587010397e-07,0,2.271117935051985e-07,7,1,1,1,0,0
425,12,2.4581593814030631,-5.4399963610122244,1.2162762317907223,-0.57166251134181179,4.6694041604763035,-0.71192723401734914,0.241242703207,0.0390587565156,5.2291825312349776e-07,0,2.6145912656174888e-07,20,1,1,1,0,0
426,15,-2.2526052083032959,3.4620250492793958,-1.8646204536628628,3.0196771040764472,-4.4214273790627159,0.64267601767694194,0.0802192514527,0.00730918081239,2.2709047156005731e-08,0,1.1354523578002865e-08,14,1,1,1,0,0
427,9,5.0548194116002252,1.8219578838844737,0.42597586221017708,5.9134558328493068,4.822251541226084,3.5923350837506991,0.112602391142,0.488921288927,7.2829653947459704e-05,0,3.6414826973729852e-05,15,1,1,1,0,0
428,8,4.3340931808016672,-3.764130536194692,1.8995628258941506,-1.2436710121940104,-6.0036369676236818,3.0472828647584391,0.0380546766457,0.0501722063625,7.6824644710080363e-07,0,3.8412322355040182e-07,41,1,1,1,0,0
429,14,-4.8077707368745966,-1.7455454886210915,-1.4298010219103294,-4.1662498830290762,1.9378271681729944,2.7642731087337769,0.424584061512,0.469772257504,6.7405063584156233e-05,0,3.3702531792078117e-05,30,1,1,1,0,0
430,13,-6.1084546231007657,-1.6016750727768843,0.3051228712305174,5.8091440272791939,-4.2603332948187873,6.1474859531373358,0.0308891706992,0.645226663306,0.00012681850067087751,0,6.3409250335438755e-05,19,1,1,1,0,0
431,11,-0.18150899971206513,1.71441989725083,-1.6410998152175216,-2.4669989790520819,-4.8478935175806877,-0.49214403117677596,0.0505960007122,0.0371681766847,4.233808051259389e-07,0,2.1169040256296945e-07,11,1,1,1,0,0
432,14,1.5445609088990915,-4.1357076198467118,2.8135086534227867,3.2911427728128007,6.1918986822379525,-1.7771597229919696,0.495238559627,0.0104038585419,2.7823310348624048e-07,0,1.3911655174312024e-07,15,1,1,1,0,0
433,10,5.4982007092324086,-2.0846577187158868,2.2891687882616938,4.6639954892097322,-4.3934043944070185,4.989587408411146,1.80393387632,0.0638607092044,4.4964652001856578e-06,0,2.2482326000928289e-06,31,1,1,1,0,0
434,2,-5.4073074273541106,-3.0792236133789448,-2.8124175606544339,2.1619706071982474,-3.0912220960785408,-2.9916838459977293,0.285248018048,0.011178772699,1.1943293519200435e-07,0,5.9716467596002177e-08,12,1,1,1,0,0
435,12,-0.026456905825036355,-3.1437741181769785,-2.4301576753112011,5.7783922757480779,1.2034817960845499,5.8985998081904265,0.0316503353833,0.0209375168227,1.3453980962831584e-07,0,6.726990481415792e-08,7,1,1,1,0,0
436,14,-4.5276738050097256,0.031534046080471327,-0.42081805050341231,2.2893654129326526,-1.5675174951873119,0.087540725499249461,0.0542560380221,0.0953379638294,2.7717111617418927e-06,0,1.3858555808709463e-06,16,1,1,1,0,0
437,2,6.1936049860846216,-4.4838311862267552,-0.04052821910293395,3.5578015135525001,1.8720151846394675,4.5510055762104784,16.1716782612,0.0504187768726,0.00026229753142893454,0,0.00013114876571446727,60,1,0,0,0,2
438,14,-1.3012142852073916,-2.7516468398267855,-1.2303096556125985,-3.7102963579495927,1.4440743224776893,5.6919984781935584,0.0225702991145,0.0763463726747,1.7760538761365042e-06,0,8.8802693806825212e-07,28,1,1,1,0,0
439,10,4.8638332468812031,-3.6408009501717284,-1.0921465138979833,6.0776822407426199,-1.3661869011537775,-2.9202392131923105,0.500021084051,0.124210762923,4.9497541729147141e-06,0,2.474877086457357e-06,19,1,1,1,0,0
440,12,3.5340510566764487,-2.1128717403803168,2.0427503368347875,2.3669662790565904,5.0298386987340624,3.7943607097259835,0.0683822684883,0.0638539517582,1.2467010122693636e-06,0,6.233505061346818e-07,16,1,1,1,0,0
441,15,3.672955415358222,0.51763311383031085,-1.907825744712691,-5.5481647157666876,0.93990224559396207,0.39416320753346246,0.0486096365845,0.0708075388347,1.5296255559902217e-06,0,7.6481277799511087e-07,35,1,1,1,0,0
442,6,4.383562721139568,-2.5761834316509997,-0.35674538469239869,-1.5291897209270278,4.069764503357443,2.8148538724780301,0.586789648887,0.0363719932913,7.4730714657444452e-07,0,3.7365357328722226e-07,12,1,1,1,0,0
443,5,0.88153725905121094,-1.2118978609935562,-1.2248708847421836,5.0675781113354175,-1.5705621301066908,-4.4062225510968842,0.0407093480864,0.264255187124,2.1273336563346611e-05,0,1.0636668281673305e-05,10,1,1,1,0,0
444,10,5.4085001835453701,-2.2378814172044375,-1.51249156098364,-0.27945906609481713,5.9707004252957878,-5.206031426948214,0.250277538281,0.00194372634382,6.3789712742984418e-08,0,3.1894856371492209e-08,9,1,1,1,0,0
445,12,2.1429743860832842,3.0927283053424337,-0.69536480522315114,2.2745654928006953,-5.2062746372669979,-3.7622641241715953,0.434216657066,0.038435761405,6.3855778176672879e-07,0,3.192788908833644e-07,32,1,1,1,0,0
446,5,3.3032712859419369,-2.903572578290833,2.7040375917828632,-1.4850280488981498,1.3298114068572395,0.086517823926008181,1.06812788512,0.423596119582,5.579951952626659e-05,0,2.7899759763133295e-05,19,1,1,1,0,0
447,9,-2.7971001611642494,-2.9636015624779897,-0.41874379365423053,-3.0284888744419312,-5.4898411088284762,-3.7047295899855395,0.956611821532,0.0593818553689,1.9892495687796343e-06,0,9.9462478438981715e-07,5,1,1,1,0,0
448,14,-4.073905526931842,5.1823325855088589,2.4488589586586227,-5.5907020878822991,-2.9635082205640995,5.6504370789294773,0.115892082945,0.0891042923306,2.431963798704894e-06,0,1.215981899352447e-06,55,1,1,1,0,0
449,12,-4.3145114145656462,-3.2100467892702902,-1.9992361954925331,-4.8328713915568358,4.7766799040308703,-0.070444734606254722,0.243770404592,0.0205087595919,1.8754890548934656e-07,0,9.3774452744673279e-08,10,1,1,1,0,0
450,4,5.1405807768774165,-3.6130046210217057,1.7063741528359,3.1726867131202297,-0.96158194486432957,-3.0538642297816434,0.179241575888,0.193107603155,1.1391477568248825e-05,0,5.6957387841244127e-06,12,1,1,1,0,0
451,11,-4.3427493581087182,0.95304591069162847,-2.7602233038081203,-0.27550944291439128,1.8253212089777855,2.4004248497538749,0.3256819929,0.0327789090648,4.3336704279747113e-07,0,2.1668352139873556e-07,12,1,1,1,0,0
452,14,-1.4858910354593085,-3.5357140004848717,3.0033575034793123,2.1075381877097286,4.7028205751347496,-2.8702834871793947,1.52571905604,0.00445929032062,2.333876037643327e-06,0,1.1669380188216635e-06,12,1,1,1,0,0
453,7,-5.8318322838619796,-5.0836302968534959,-0.58855854075871439,-4.4855518179379645,-1.5179458845646809,2.00138494569743,1.13779055871,0.0570009020232,2.2843006766338629e-06,0,1.1421503383169315e-06,31,1,1,1,0,0
454,12,4.6280537448765493,-4.8564452488317853,2.2302854123122784,-1.7618690456025801,4.1600657230816829,2.9133513379137708,0.0498527801125,0.072085876749,1.5853912260888487e-06,0,7.9269561304442436e-07,16,1,1,1,0,0
455,15,-1.2723714770084078,-0.91180005366593986,1.4741263214205786,-5.6708342395579772,-1.5886310579113252,2.8127245287921228,0.0482635259792,0.0166438363498,8.6713659580398727e-08,0,4.3356829790199363e-08,13,1,1,1,0,0
456,7,3.8229592633755036,-3.3222483231676998,1.8692435224993555,3.0082172617196505,-1.6335275424215983,3.7157429026539597,0.0731364707315,0.0740059156028,1.6737006401224468e-06,0,8.3685032006122341e-07,37,1,1,1,0,0
457,2,-1.4368834439980094,1.5606754434906256,2.8517479028956787,-0.0025012550452157903,1.4781438245878282,-6.0572119245773486,1.16446728264,0.0647539006956,2.6332655024909194e-06,0,1.3166327512454597e-06,19,1,1,1,0,0
458,6,-3.0065928824429431,0.81057219674669145,2.4174827113575992,-1.6332786122950631,-1.8063415091412391,-1.8766423836297985,1.68049889176,0.0124134802923,2.8710163920676935e-06,0,1.4355081960338467e-06,24,1,1,1,0,0
459,7,4.3291408468655774,-3.0580998043029455,2.3011871181356458,-5.7718143897092489,1.4941597729812459,-0.69044528087846502,0.00908100450864,0.0240887572279,1.7684227406160826e-07,0,8.8421137030804129e-08,19,1,1,1,0,0
460,5,-0.20177241885558658,-5.8170714080161714,-0.72995590931790888,-0.88616213664712984,2.332111188878867,-3.273363176847492,0.0469312500782,0.990527926757,0.00029887623563322447,0,0.00014943811781661223,13,1,1,1,0,0
461,2,-3.5587164600877021,-4.2624737504913606,-2.3078525835667376,4.3311993832581948,0.85490819529244944,-3.238079257128287,0.367165958759,0.0435899400923,7.1360918472117402e-07,0,3.5680459236058701e-07,7,1,1,1,0,0
462,8,-4.0764653171277958,3.4461983166448373,1.0598849038592204,-5.2357584766496839,0.2030676782067993,3.1562787571809192,0.0953829310355,0.00491812818154,1.6465985055618538e-08,0,8.2329925278092688e-09,28,1,1,1,0,0
463,13,5.8198274357327922,3.468144054408973,0.63551446476814122,-3.3667471371153486,-2.2520733699099642,-4.9435612301938399,0.3152016204,0.118981814302,4.4117209999077255e-06,0,2.2058604999538627e-06,22,1,1,1,0,0
464,12,-4.4388991718722703,-0.4563954059058698,2.2493072257283697,-3.7447388793018708,1.0307640890996612,-3.8482530280605989,0.097926667812,0.00990166487656,3.9455228004355753e-08,0,1.9727614002177876e-08,41,1,1,1,0,0
465,9,0.87028875629163183,2.0513951227720622,-1.719935262999218,4.0875950487560297,-4.6689915773233128,3.5638250681497339,0.0868264635798,0.0252665966047,2.020068709391095e-07,0,1.0100343546955475e-07,13,1,1,1,0,0
466,1,-1.0350636378702442,1.9567373275995716,2.2764399331162197,3.7851018185115017,-2.866786448120207,-3.8461272723564286,0.0412437395091,0.00738641543805,1.8320708376107747e-08,0,9.1603541880538735e-09,19,1,1,1,0,0
467,6,3.0278909543763453,-2.8572242162646915,-1.2510952589806132,4.3245538354066637,-1.3268072839668477,6.0554633160109583,0.559881727977,0.00643103945777,3.2606599836248282e-07,0,1.6303299918124141e-07,12,1,1,1,0,0
468,6,-3.0098654648909311,-5.4019177581753963,1.2169228153050884,-3.3304018421043611,1.7215850484955761,-4.7310902566480308,0.0204937243122,0.0268153450509,2.1945902627455977e-07,0,1.0972951313727988e-07,34,1,1,1,0,0
469,2,-2.4293791844955801,0.40625557650417427,1.9387445453364589,-3.4804060795068419,1.6659676336859075,-4.4066635583301474,0.0135557100736,0.00877192425743,2.3623048837151336e-08,0,1.1811524418575668e-08,33,1,1,1,0,0
470,7,-1.5307018269366974,-0.14899017358245478,2.4494795428477989,-0.19130584332309125,-1.4658680328574378,-2.7030485797741473,0.0144076745376,0.00593331461235,1.0931400444879117e-08,0,5.4657002224395583e-09,50,1,1,1,0,0
471,10,5.102995496722194,2.0750396701642693,0.98398552346580404,6.0796789284163255,-2.8065262093841539,4.6755077044784077,0.0962565299698,0.0192676437557,1.2235212892983004e-07,0,6.1176064464915022e-08,56,1,1,1,0,0
472,6,1.1883375860568226,3.1655349762026894,1.3042435542966693,0.144437583519824,1.7384991075172109,-2.9695381521661277,0.18993724233,0.0293583474299,2.9862973729504124e-07,0,1.4931486864752062e-07,23,1,1,1,0,0
473,2,-0.020494486856327584,-4.8989587142354951,2.0332150632149255,-4.2551486578842752,0.95062845719692823,3.9948826393986545,0.505849790105,0.0595557513032,1.3363277327223684e-06,0,6.6816386636118418e-07,35,1,1,1,0,0
474,1,-5.6395185720105232,4.446869789097522,1.2066649973015982,-1.1848467894446231,1.4775914099159655,3.8482816744374495,0.202346302463,0.0321445588519,3.5569687889732864e-07,0,1.7784843944866432e-07,24,1,1,1,0,0
475,8,1.0357367631998087,3.6441538804331297,2.2007489455995972,2.2157570610739463,3.5862065164600097,1.6746328508114052,0.576891636049,0.136105036585,5.9757140216792867e-06,0,2.9878570108396434e-06,13,1,1,1,0,0
476,0,-3.1860387215540462,-3.2335861652764684,-2.8078095776447132,-2.8409118688631492,-4.4940120276109159,1.9965727573703214,3.70841400652,0.570761297856,0.00011298708191186708,0,5.649354095593354e-05,59,1,1,1,0,0
477,4,-1.3532287582129954,-2.1382875309655356,-1.0103501947646576,3.7981850828005554,-1.4649193675030554,2.5485689553095998,0.105207448094,0.0340245641164,3.637153489394707e-07,0,1.8185767446973535e-07,22,1,1,1,0,0
478,13,-4.0722069942783987,2.1422826940774886,1.7999343933103784,-3.2384517161993549,-2.8460625650419007,4.8121782399344326,0.126463318229,0.000726940639399,1.6153943707172156e-08,0,8.076971853586078e-09,39,1,1,1,0,0
479,13,3.8812862122707386,4.6686164684648519,-1.0692206134958282,-5.0788010579273353,2.0195095574346156,-5.5004059868248847,0.175563999465,0.00082862288606,3.1031873068055284e-08,0,1.5515936534027642e-08,12,1,1,1,0,0
480,3,1.8630566428122923,3.0441090201689365,-1.3973052447853576,3.6456171500842385,-4.0798753627076252,-3.0636154595496845,0.0177437552975,0.408245872242,5.0769283349053403e-05,0,2.5384641674526701e-05,27,1,1,1,0,0
481,8,3.4616939385854253,6.0907244502232789,-1.3822929005494029,0.8669424916289783,-4.853631373982056,-4.5424283661346481,1.15957353984,0.118652036414,5.6331079653351746e-06,0,2.8165539826675873e-06,6,1,1,1,0,0
482,14,-0.78734666505205686,-5.4037811746686524,2.8456142304386436,4.1412757929886332,-1.6045315341072826,1.8675471232598273,0.951457087152,0.0203734048012,1.0317098540441022e-06,0,5.1585492702205111e-07,20,1,1,1,0,0
483,10,-2.3320065382375996,-4.5132118040939329,0.62589470770661926,5.843973363753487,4.1196976418877602,3.2129941911363482,0.870040540279,0.0964468628344,3.5905209735299677e-06,0,1.7952604867649838e-06,36,1,1,1,0,0
484,11,0.45148818189192452,5.1822699499462637,-0.5873700529040381,0.79299651974755669,0.71326801719869937,2.8479882224301445,0.0689042076092,0.0282823071087,2.4840788125624894e-07,0,1.2420394062812447e-07,11,1,1,1,0,0
485,8,-1.3931055049561174,4.6171832362487439,-1.739504426251254,-1.2570829447599179,4.8666091981376578,-3.5815290983705808,1.21616797942,0.337581611207,3.6193675187552214e-05,0,1.8096837593776107e-05,10,1,1,1,0,0
486,11,-2.354355911272441,-3.8916492969482519,-0.79124607089668786,-2.0017628306057724,1.8518116876938278,1.0790394856546992,0.771100283636,0.00194932528375,5.9575315373245223e-07,0,2.9787657686622612e-07,19,1,1,1,0,0
487,4,-1.8748852129006539,1.1385380233667344,-0.31434408705080813,-5.8438815589138375,4.6364458743789765,-2.5667355129683838,1.34678483166,0.00289449775722,1.8163815032602761e-06,0,9.0819075163013804e-07,56,1,1,1,0,0
488,11,-4.6785519724600384,5.9209554506249757,-0.83224657178705952,-2.4041969270889645,4.1230225807471914,1.3296007086668715,0.0602580997668,0.00100084197634,3.936169184565023e-09,0,1.9680845922825115e-09,13,1,1,1,0,0
489,1,-1.3380233745353765,4.1687484987010421,-0.9201052291827958,-0.3953723835416556,5.6489783171741914,-2.4599775264534265,0.637253082463,0.103934202681,3.6966658763204804e-06,0,1.8483329381602402e-06,10,1,1,1,0,0
490,6,2.9003136242218335,-1.8886507851693513,-2.2335702766823626,5.3292515901846684,-0.99031238004619881,-1.6583853054356055,0.0520840906839,0.00480363835036,9.7417816136933203e-09,0,4.8708908068466601e-09,45,1,1,1,0,0
491,5,-1.4293579871981787,-2.3109622069840121,0.61850262984094795,6.1739294584583577,1.9437502870566576,0.69664714351625878,0.0456959016118,0.0493356718716,7.4352951022651743e-07,0,3.7176475511325871e-07,54,1,1,1,0,0
492,5,3.3044619100252781,-1.810411112483608,1.615255110131727,-4.3966006522168257,5.1222901071766005,-2.2021113542169002,0.0213081761414,0.00566853962225,1.0242109314366696e-08,0,5.1210546571833482e-09,17,1,1,1,0,0
493,0,-1.8346644330324346,3.5197907048779089,-3.0034018702031515,-5.4519917256320083,4.5493091302763125,3.031835838649048,2.19587966248,0.00879478164252,4.8454490963537392e-06,0,2.4227245481768696e-06,20,1,1,1,0,0
494,14,3.6043515349527429,4.3881085653929102,-1.4560303789271054,4.8291232140918572,-1.7085804990257651,-2.1487504023571997,0.194830700338,0.0247454813038,2.2448808078044757e-07,0,1.1224404039022379e-07,14,1,1,1,0,0
495,11,4.4513162267786042,0.81452463378538942,2.9720995320224719,-2.2067827213789721,-1.9071522898250095,2.8660393201451559,0.0481920080341,0.198590293605,1.2015856168962533e-05,0,6.0079280844812667e-06,23,1,1,1,0,0
496,15,-4.6270278867644175,-4.3753256979547217,1.3074485354415888,-3.7637429546571339,5.5848280662805116,3.7781569873515011,0.0928826578798,0.000486985679942,8.6994296949855372e-09,0,4.3497148474927686e-09,8,1,1,1,0,0
497,1,2.9767981251868831,3.7165927744415246,-1.89226366156018,2.1875200049758106,1.2327870814256767,2.1174049458462094,0.086376403748,0.0447356008612,6.1708380054335754e-07,0,3.0854190027167877e-07,12,1,1,1,0,0
498,3,-1.1834772563227602,-6.174351645263414,-1.9619901553245307,2.2006031264270804,-1.5742791412823962,-3.6094280296449299,0.0220434771586,0.00947773535288,2.7848926236450084e-08,0,1.3924463118225042e-08,13,1,1,1,0,0
499,0,1.8918390325735841,2.0371106833051247,1.4486739897877376,3.8426169081668866,-2.2614709120172791,0.53422886440766471,0.033058290714,0.0392323069766,4.6995203586712999e-07,0,2.3497601793356499e-07,10,1,1,1,0,0
500,9,-1.3494490899209921,4.0331216826564251,0.88192097632855482,4.2992885041779028,5.0049483642707546,0.67485019307919702,0.137836823101,0.0354590713009,4.0200840414678262e-07,0,2.0100420207339131e-07,56,1,1,1,0,0
501,5,-5.4021252673307574,-5.9564236781137385,-1.8574463136297876,4.486216939525673,-1.5367821951154095,1.9454085350509485,0.0330666685202,0.0877010885272,2.3440524794524674e-06,0,1.1720262397262337e-06,16,1,1,1,0,0
502,14,-1.5636166200044421,-1.7904915696003596,-1.8052346076016257,-4.877553585145149,2.2991830089367733,5.8819575737096743,0.158808487366,0.0191972999199,1.3748271983983799e-07,0,6.8741359919918993e-08,31,1,1,1,0,0
503,2,-5.7806322301335893,5.9871020767071732,-0.25536006486578272,-1.4463225732540914,-4.7205790960024805,4.4357879388477803,0.544336351783,0.0038037495546,3.0070942426231231e-07,0,1.5035471213115616e-07,28,1,1,1,0,0
504,15,5.2992992650528672,-5.6586456486335397,2.6030629946699202,0.59568318121251973,-4.4781328288290156,-0.60066013179719524,78.8974426076,0.486600717601,0.0062969338413862812,0,0.0031484669206931406,60,0,0,0,0,3
505,15,-1.6409196787976954,-0.83520405190428448,2.757028809802514,-5.0772205233115484,4.3028885841432807,-2.5937088014616916,0.0263906005495,0.0546840156762,9.1160659727552117e-07,0,4.5580329863776058e-07,18,1,1,1,0,0
506,14,3.1137557358691752,-1.9395748739715544,1.9553432557459061,5.2304789598287984,2.813403138798531,-5.7423013484246095,0.361491491794,0.00179055466601,1.3165272828767435e-07,0,6.5826364143837173e-08,17,1,1,1,0,0
507,8,3.8015573877651496,-0.70496782469416241,2.4405082644880665,-0.19729608344497968,-1.1319305117005352,-2.6526512722614304,0.0524246815035,0.185133772612,1.0443362293772795e-05,0,5.2216811468863975e-06,11,1,1,1,0,0
508,14,-5.8068739936229328,-0.50652146140711352,-0.88106591073423879,0.042703181495154771,-4.3285247882426958,3.908362424658145,0.187955278698,0.0417106447855,5.6529383816377446e-07,0,2.8264691908188723e-07,5,1,1,1,0,0
509,4,-5.3257424202767565,0.88297988834356578,1.102578137635037,1.9735427995642407,1.5353109413810371,-2.8307657622419802,0.0613076766403,0.000724972260657,3.9187334942087593e-09,0,1.9593667471043796e-09,13,1,1,1,0,0
510,15,-2.0143980497707128,-1.2211253494975709,-1.7443216223825762,-2.4281947548726333,-1.6455980160858314,-2.1495754752207605,0.0207009483167,0.00448563890403,6.5577230765198961e-09,0,3.2788615382599481e-09,30,1,1,1,0,0
511,14,-6.016749548698451,2.7775505590229592,0.07450948988531042,-0.83906009355693856,3.7694284091999553,-5.1808116162183682,57.7739865623,0.0429068594127,0.0033383943235362071,0,0.0016691971617681036,60,0,0,0,0,3
512,12,4.8257475554578697,-5.4844111651085701,-1.2673422189304684,-1.1356089011553756,-4.7748784199335006,5.9443854762753077,0.0995346980658,0.00660418684449,2.3193131356904099e-08,0,1.1596565678452049e-08,20,1,1,1,0,0
513,11,2.5678825450865874,6.1806507346387294,1.5025309209796243,2.0562767248085274,1.4344515851600042,3.163676520369394,0.0403676270064,3.30013090452e-05,1.629877064819459e-09,0,8.1493853240972948e-10,18,1,1,1,0,0
514,3,4.6261562752376948,1.2073219373951523,1.153419252834782,-2.0090265722293932,-0.22269495668171402,5.1503513044609166,0.360983750583,0.147230654098,6.7334601076816983e-06,0,3.3667300538408491e-06,24,1,1,1,0,0
515,15,-1.4891330429454412,-3.6296696790285905,-2.820122816287792,0.16399992814958597,-3.5955757104327444,0.67779349947456469,46.6371173075,0.113975635906,0.0021789778267726503,0,0.0010894889133863251,60,0,0,0,0,3
516,15,-2.8768636469824984,2.8586509242785811,2.7856018816035424,3.2823189166240887,-1.8879225533763699,-2.73267519888994,0.0107008876379,0.0425076158967,5.5052693561351035e-07,0,2.7526346780675518e-07,20,1,1,1,0,0
517,3,-3.9261418504737247,3.0463646408475009,2.4629930232849797,3.4379426245744562,-0.99050516365305274,-1.5318738992677543,0.0710506931083,0.00430018874451,1.0681071549717265e-08,0,5.3405357748586325e-09,48,1,1,1,0,0
518,5,1.8608914435484427,0.88199534192495255,-1.2564407672306017,-4.7786520078400248,4.4696287048073513,-0.72560551604369961,0.0505885230214,0.006089690064,1.3855730080542214e-08,0,6.927865040271107e-09,13,1,1,1,0,0
519,6,0.11484532907295501,-2.959495532503523,-2.1822790293384622,3.8630448422739825,-4.2485619190628867,4.3527337704627556,0.0242820879916,0.0906162114915,2.5018939641878133e-06,0,1.2509469820939067e-06,35,1,1,1,0,0
520,2,2.8210703141326832,3.3596252883695441,-2.3160973101584994,-1.0167855514445332,-4.4179390956365028,2.0470229542212075,0.143814813765,0.000650611513789,2.0811643793011347e-08,0,1.0405821896505673e-08,9,1,1,1,0,0
521,12,-4.2200382998176913,-2.5965076349292491,-1.1308675633353655,5.6114404774916578,-2.216278069214781,-0.069834413978038232,0.238460099678,0.000644800471511,5.6989869206857143e-08,0,2.8494934603428571e-08,9,1,1,1,0,0
522,13,3.1342333541927343,-1.5118010925123477,1.9096040556820357,-2.3303393803608317,2.3705888755291364,-4.5794375795738782,0.539118091089,0.183431429449,1.05401378450381e-05,0,5.2700689225190502e-06,7,1,1,1,0,0
523,6,4.7054124955327747,-2.8215872625352652,0.9869457427462186,-2.715880615893056,4.8285189222169809,3.2951258763456202,0.0131223427396,0.0154504813106,7.2889666018017415e-08,0,3.6444833009008708e-08,17,1,1,1,0,0
524,13,-0.65764240082256653,2.4899608270387295,-2.4267384281902529,-4.6498205013780396,4.6196723626273553,-5.1224055543148594,0.224624089627,0.764647366786,0.0001781558734793467,0,8.9077936739673352e-05,27,1,1,1,0,0
525,10,1.6822232828390846,3.8810956758401614,-2.6768960543403768,-6.1741865481575298,-1.5122045376519493,0.48976601607183301,0.0520106712804,0.000127538144052,2.710064827339964e-09,0,1.355032413669982e-09,24,1,1,1,0,0
526,9,-4.8504595663283556,-5.649387401213108,-0.073715794609162194,3.5258176908474721,1.46422560887564,3.5457245620552684,2.70400565576,0.023524265429,7.4802191444026947e-06,0,3.7401095722013473e-06,17,1,1,1,0,0
527,2,4.9344964571478398,-3.0225688775968735,1.2877405187494999,-2.1330786716423971,-1.4660289408825191,-2.6875610494029258,0.00815558727082,0.163948056627,8.1878675612132138e-06,0,4.0939337806066069e-06,24,1,1,1,0,0
528,8,-5.6599022439726836,0.67046533155716748,0.42258465343983226,-2.7222104348494529,-4.6763417296052321,-2.3477941315821109,0.291268552444,0.00766735874086,1.02745337336701e-07,0,5.13726686683505e-08,25,1,1,1,0,0
529,0,-6.1105252741958598,2.2747467303556692,1.2645383081412174,-2.8294273760987463,2.1923350531361327,3.1079528117852924,0.223903760597,0.0227295111982,2.0750759852336345e-07,0,1.0375379926168173e-07,6,1,1,1,0,0
530,7,-3.1769998419267824,-3.8125697166792141,0.49527012862623476,4.6095658073920083,-1.9921133703711285,-1.8011373448467858,0.23319589753,0.00151389871845,5.5078476039037887e-08,0,2.7539238019518944e-08,22,1,1,1,0,0
531,10,-2.4739419041496791,-1.1082591336860304,0.54018832295503871,-1.270801848347294,-4.536627399225992,-4.8674775621670632,2.38988005936,0.24637170805,2.4201505105551553e-05,0,1.2100752552775776e-05,15,1,1,1,0,0
532,0,-2.4139616007612763,1.7944073690650846,2.3620717454740898,-2.4327896151176054,-1.9527515209996045,-2.4933858481359317,0.599004699195,0.0230442875571,5.2057041722145304e-07,0,2.6028520861072652e-07,50,1,1,1,0,0
533,1,-0.26315080928383544,4.3938432731294972,2.7832279481718181,4.8705022476350273,2.1376455811811805,5.1831323037205381,0.136335772419,0.000893110762825,1.8830419961894375e-08,0,9.4152099809471877e-09,15,1,1,1,0,0
534,8,4.6737707754016204,-2.5911447712269169,2.1769782661131627,-1.0534437734796347,1.6557985038038749,-6.1860265895907887,0.962077767518,0.0394610262244,1.3999355274891841e-06,0,6.9996776374459207e-07,50,1,1,1,0,0
535,4,-1.3624025292169148,2.5607234017666816,0.79535321359775157,-2.3833071433467099,-3.840035607740738,3.6766220246430974,0.159798292805,0.0149257969976,9.3397985270731846e-08,0,4.6698992635365923e-08,25,1,1,1,0,0
536,10,-1.4988360248366124,3.078585530500249,-1.1093557368432747,-2.2005716700229825,-2.4129337066382583,-4.0731935179233778,0.135283493401,0.175431380769,9.3932589245203315e-06,0,4.6966294622601657e-06,21,1,1,1,0,0
537,5,-4.6768917408580517,-4.7193204752873532,-0.36804858452026001,4.6762299550281146,4.5989675684663247,6.1930713498058747,0.0253553010045,0.863769814772,0.00022727517978511264,0,0.00011363758989255632,27,1,1,1,0,0
538,0,4.5901659805360548,-4.0071364513385026,-2.7623883668972971,2.3920047858794722,-1.5740512606044139,-3.2756981664050495,90.5676435811,0.00122682325968,0.0082024985223063621,0,0.0041012492611531811,60,0,0,0,0,3
539,11,3.0386365733496827,1.0688334523406937,-0.1202422444591002,-0.1337135589948866,4.1109123154147404,-2.1255741217971686,0.568098670244,0.576461820149,0.00010154961172274458,0,5.0774805861372288e-05,37,1,1,1,0,0
540,2,-1.2980505608725426,-5.8046734557485902,-0.72643149282174524,1.5546343379923488,4.7223215487109078,3.462802096399888,0.142084339646,0.0236654073199,1.907894035515719e-07,0,9.5394701775785951e-08,56,1,1,1,0,0
541,11,5.3747836030438894,-0.74205163957250375,2.5636265941247718,1.1506417991549054,-4.7451019371186876,-0.73636315785463158,0.676360862863,0.0273114269323,6.8468242738827268e-07,0,3.4234121369413634e-07,15,1,1,1,0,0
542,2,-4.2645033472026288,2.167808794616608,-0.99081424770794002,-3.0605499134339382,1.8292343229514136,2.6504528053682352,3.57744402327,0.338339221829,4.766870632431046e-05,0,2.383435316215523e-05,45,1,1,1,0,0
543,6,-2.0593100066344139,-2.0167768308942202,2.3247406746852675,-5.215465297436884,4.6036717649723711,-2.7309447052950153,0.363770762793,0.00861934771804,1.5496015707260784e-07,0,7.7480078536303921e-08,14,1,1,1,0,0
544,3,-2.8514421456910726,0.34291983388876734,1.0102413792681562,-0.65857076088646138,3.3649750509471783,-3.702626871703798,0.161289291144,0.00375693925831,3.031378621411193e-08,0,1.5156893107055965e-08,10,1,1,1,0,0
545,11,1.3874870319549859,-2.1478448991169947,2.2989151581526359,4.1879985892753577,1.6008235111927678,3.3907042483449734,0.0616544681617,0.0122095164891,4.9211290668427292e-08,0,2.4605645334213646e-08,29,1,1,1,0,0
546,12,-0.38345795335557847,1.005597966520245,1.5131279676927361,5.9949116410561993,-2.1091649615807886,3.8727490392572701,0.0664956160489,0.000621625850432,4.5393768204364569e-09,0,2.2696884102182284e-09,8,1,1,1,0,0
547,0,3.3421129045691433,-4.4732270290409781,1.2078563879732445,2.3931632579319064,-3.8173228513696489,-4.1622456553281149,0.0994800535266,0.0726481208881,1.617590706448322e-06,0,8.0879535322416099e-07,19,1,1,1,0,0
548,1,3.44891605815386,-0.21712658238266014,0.82846404270263496,-3.0837871835420261,-3.165894911659707,0.57271979042345189,0.0572673445073,0.000139824202352,3.2855042634670173e-09,0,1.6427521317335087e-09,40,1,1,1,0,0
549,12,-5.9471613211032794,1.9423285409832689,-1.5476757739196463,5.4853084461417483,1.806256652342382,4.7293280333116625,0.200595907803,0.00719138318654,5.5992310313247642e-08,0,2.7996155156623821e-08,18,1,1,1,0,0
550,14,-1.5376845370612777,0.064681589693945066,0.96264695971587633,5.2055190873125996,4.7746281546100127,-2.3550190979454966,0.135286403574,0.00337225500295,2.1766551910469552e-08,0,1.0883275955234776e-08,30,1,1,1,0,0
551,10,1.6029315203398886,5.8735729876799798,-0.7752475518363553,-3.8494066556616686,-2.9621432877386091,5.812289705794476,0.647965999319,0.0285794293216,6.6866650396787266e-07,0,3.3433325198393633e-07,26,1,1,1,0,0
552,13,5.9040128839035795,3.9023407450741625,2.9905768233654539,-5.9445446191984352,-2.1256399512964093,4.1583074938009554,1.40162298634,0.012643067507,2.0132392240444549e-06,0,1.0066196120222274e-06,15,1,1,1,0,0
553,12,-0.261912829828234,-4.3103126708773942,2.2075731615503389,3.9652792601616706,-0.57344750691317126,-5.3528630302004823,0.586811739409,0.0256152889366,5.4422061349682001e-07,0,2.7211030674841001e-07,23,1,1,1,0,0
554,7,-2.304487390965944,0.54326385033962088,0.53057518344837595,6.0443828546227154,-1.5404171961537354,3.2003271842917367,0.452548898296,0.0409073278492,7.1455018088286468e-07,0,3.5727509044143234e-07,13,1,1,1,0,0
555,12,-4.4158354137095488,2.8031181681273587,-1.6650732185615509,0.50965078696682675,4.993210168128404,-0.42913889440567748,0.0305901235645,0.0108986605083,3.7118456742223177e-08,0,1.8559228371111588e-08,18,1,1,1,0,0
556,14,-1.9109111720850545,-3.655754606042477,-1.8779845818861882,1.4622443423809617,-0.98333087288761711,3.7428946778732568,0.0408755158556,0.0105526338047,3.5592418864318957e-08,0,1.7796209432159478e-08,36,1,1,1,0,0
557,11,0.71973460980054305,-2.3503507527277794,2.2864870658276883,5.8694722494717686,-2.7111721832553082,4.8708318994232629,1.31238318627,0.504958431143,7.9394618411046431e-05,0,3.9697309205523215e-05,12,1,1,1,0,0
558,3,-2.2203944310208223,-5.6583368011151638,2.3484502858813148,2.0261966440282642,-3.5892182913557473,5.9330020547506637,3.30266441235,0.131677541905,1.6189346059707553e-05,0,8.0946730298537763e-06,25,1,1,1,0,0
559,7,-1.9151704312102098,1.5329871175145786,2.7121750843514127,2.0939637031367697,-3.8081046086888071,-4.4287402033981262,0.783377091466,0.016355823169,6.9516877249034562e-07,0,3.4758438624517281e-07,11,1,1,1,0,0
560,13,-4.8598863373711483,4.7798133913327217,1.0896137209235188,-1.1774266280936836,1.6207950938676345,-3.0920390384673935,0.842489259282,0.0176832346325,8.0504104045723826e-07,0,4.0252052022861913e-07,17,1,1,1,0,0
561,9,-2.7042041993616044,5.7685973288981272,-1.6267961776783417,-0.9944006684523985,2.7849441127345824,3.465676224413178,0.221427108521,0.0593098265852,1.1205691155030577e-06,0,5.6028455775152887e-07,6,1,1,1,0,0
562,1,5.8913764437802438,1.2083623319422268,-0.94286277673171803,-5.0714196095840904,5.6694410203563104,1.0731148648261353,0.0500126919588,0.00710687389443,1.7886781375091385e-08,0,8.9433906875456923e-09,12,1,1,1,0,0
563,6,-1.0901259758067812,2.2897097861608406,-2.0042845250603811,4.3530264919993806,2.6700723317118729,6.1579417016244395,0.900133896966,0.0188998483038,9.1905167428398849e-07,0,4.5952583714199425e-07,15,1,1,1,0,0
564,4,2.0786398149578802,1.6669481809880866,1.7869586512736089,-4.7299139351647472,-5.2191275864949924,2.8653657620056472,0.0309464561346,0.00740579314812,1.7664660746678777e-08,0,8.8323303733393886e-09,15,1,1,1,0,0
565,2,-2.5020004768496795,4.9495185182283512,0.48682994306142147,1.2229937835417812,2.9002620739019052,2.0010092647187063,0.408264158611,0.00838410945671,1.8809218425585035e-07,0,9.4046092127925173e-08,13,1,1,1,0,0
566,9,0.84621738760860588,4.3652029304052089,-1.3886448933075555,-6.1569201020820667,-0.23631047947317638,-1.3850040410636095,0.260697332224,0.0648387769976,1.3485951419549646e-06,0,6.7429757097748229e-07,13,1,1,1,0,0
567,8,-1.4000204916949128,0.60941107689238183,-2.2287768104312891,0.44420794151437581,2.2102867411958407,-5.5417347745184733,0.0128963590745,0.0297988084016,2.7065713627165072e-07,0,1.3532856813582536e-07,25,1,1,1,0,0
568,4,-4.4748686618938143,-0.89560289194176035,-2.1805020574738339,-0.95105123725050544,-1.8777333985775984,0.22971863592812194,0.295728666901,0.121940210208,4.6169382345504014e-06,0,2.3084691172752007e-06,37,1,1,1,0,0
569,11,-1.6277098763407185,1.7946620565792577,0.68178140625334283,2.516079531545937,-3.8771710966200037,-5.0864967328621535,0.477333156239,0.00423702098242,2.3331553960826205e-07,0,1.1665776980413103e-07,45,1,1,1,0,0
570,14,-0.13578393453755941,5.5542419555604789,2.3036503881468993,3.329869959531552,1.636488516093614,5.1430458091581537,0.870254623711,0.00147488611113,7.580057410250536e-07,0,3.790028705125268e-07,8,1,1,1,0,0
571,2,0.91331347614459257,2.5826475990527702,1.0603616552273163,0.90467649364720815,1.7811968076777489,3.3651319531462791,0.00691108982391,0.0162116802564,8.0106879879940272e-08,0,4.0053439939970136e-08,22,1,1,1,0,0
572,6,-0.35280238547160703,0.88463404571255844,1.0319084344469667,6.2027632570807336,4.0260044873186791,0.38326103054387117,0.745407158818,0.517869901786,8.2250744666337389e-05,4.3269424902004805e-05,4.2423455080228841e-05,28,1,1,1,1,0
573,3,-2.221598974639853,1.9149448426720799,-1.5734838832612297,3.9718278378352871,-4.4734411574077351,-5.0769677401120807,0.125405077833,0.050896816745,8.0483358108231282e-07,0,4.0241679054115641e-07,32,1,1,1,0,0
574,8,3.252389777490579,3.2707644771741533,-0.67178855490310263,-0.33729675310653096,4.4947507603691044,4.254525565346567,0.0334852975395,0.0503345331336,7.7288936708934886e-07,0,3.8644468354467443e-07,12,1,1,1,0,0
575,13,-3.0604865846553455,3.02697691098856,1.9799187794219599,-2.9465315672177339,4.9694941628560629,4.4928811138554829,0.0274789217197,0.066943003068,1.3658571355353424e-06,0,6.8292856776767118e-07,36,1,1,1,0,0
576,7,-5.1209121982261738,-2.7926589554418464,2.6526002438363858,1.9263656393158959,5.2963906735112696,-4.0694826384955141,0.168963125691,0.00398090516646,3.3375994675710527e-08,0,1.6687997337855263e-08,34,1,1,1,0,0
577,7,3.3211449841983978,4.7310231656155661,2.8763915629280157,-3.4639939278876852,1.695893791301061,1.5545584440818816,0.130600520172,0.0420129268714,5.5473244629227541e-07,0,2.7736622314613771e-07,10,1,1,1,0,0
578,3,-0.79870354848489677,3.3659587062281426,2.4071771534145543,4.6218856116482412,2.8619753359130722,-0.28239534517076659,4.53051675288,0.271489757079,4.2977923228368313e-05,0,2.1488961614184156e-05,56,1,1,1,0,0
579,6,3.1541034966860892,-5.7350688167885782,2.8218487973777977,-3.6567043296117698,-4.8575226932015543,-4.4643845914901101,1.08961294555,0.0164370737017,1.2695571111119427e-06,0,6.3477855555597133e-07,41,1,1,1,0,0
580,14,3.4509783043156834,-2.354816728186762,-1.9437172983017865,-2.7938322887310987,-5.0983019014616122,0.99484416914695106,0.013456495753,0.371971597849,4.2147921410944202e-05,0,2.1073960705472101e-05,14,1,1,1,0,0
581,2,-4.7627508385284756,3.2197963494017232,-0.62995688773159098,-2.0245740737516109,-5.6918280379989445,2.9517008665858002,0.281847664607,0.302871259405,2.8022298571541216e-05,0,1.4011149285770608e-05,7,1,1,1,0,0
582,1,1.0894879229793049,0.31701860828319051,2.8197102810228345,-1.4415195437330079,4.5363553787489872,-5.8091721931951579,0.0429654648482,0.000278153917067,1.8695992980292716e-09,0,9.3479964901463579e-10,20,1,1,1,0,0
583,6,4.3600745995885175,-3.0425940027718785,-0.63399227928737245,-0.45670350194797055,4.6000984152662632,3.9260368341504894,1.94123737582,0.00720316877259,3.7842078191857516e-06,0,1.8921039095928758e-06,28,1,1,1,0,0
584,8,4.2974854454647744,-3.1211626647867581,-1.8145367791980886,-2.7439614188175434,-5.2565180996307763,0.75728147828876502,0.0168087936037,0.0270345031247,2.2291655085536187e-07,0,1.1145827542768093e-07,13,1,1,1,0,0
585,4,1.4461933376949074,5.9388915758259531,1.7530827595392837,-3.1446222256265428,-4.9722330581318639,-2.4652059206611954,0.107564954406,0.0593513315431,1.084609619356589e-06,0,5.4230480967829451e-07,22,1,1,1,0,0
586,8,-5.1589344109437789,-4.024842931619717,-0.69820907195497595,-6.0831642299727751,-1.9864240141299596,0.9227877734960559,0.408439169499,0.039615415935,6.4488340080398471e-07,0,3.2244170040199235e-07,18,1,1,1,0,0
587,14,3.9292279731280986,1.6688395485998226,1.7462575896996175,-4.7756762971396274,-5.4343009320990641,5.6798232268244124,0.0114892008307,0.10417566401,3.30601356004561e-06,0,1.653006780022805e-06,24,1,1,1,0,0
588,2,3.9559422899624486,-3.675425901950848,2.4811928474567995,-3.6703202310798835,4.712386929638785,-2.3435807109440105,0.0420395530903,0.000593809046743,1.8747349238548079e-09,0,9.3736746192740393e-10,26,1,1,1,0,0
589,2,5.0117696820221989,2.49267508311579,1.8442212916150225,0.6289264860891014,-5.1552675154490215,5.7702716550883668,0.376141583664,0.00506626985145,1.4930113375342321e-07,0,7.4650566876711604e-08,22,1,1,1,0,0
590,6,1.097230736128763,5.8274347516605349,2.6141003927608399,1.7294447992889757,0.69052888276482005,-3.0177336352371222,0.041835769658,0.00278468208965,4.1123734959114437e-09,0,2.0561867479557219e-09,10,1,1,1,0,0
591,8,-2.8638383546433963,-2.0835366186452933,-0.015015382174700109,-1.4458773927819091,4.2212779648660472,-1.2460912682095933,3.57063842666,0.0323933290977,1.3069102291738625e-05,0,6.5345511458693127e-06,30,1,1,1,0,0
592,0,4.0883718982214994,1.9593050660170366,-2.2954699096282849,1.6030047016938596,4.4813260546774352,3.4037121571083402,1.07443268881,0.185029244098,1.1583233112313296e-05,0,5.7916165561566478e-06,13,1,1,1,0,0
593,2,-4.1359191638835062,-3.5097270440252868,-0.51075166653591753,4.4126180957482326,4.2668150550266972,5.8720720479974258,0.0354229576913,0.951470853757,0.00027577042574115408,0,0.00013788521287057704,16,1,1,1,0,0
594,1,1.9797629352178832,2.6423106481407577,-2.5041706889740123,6.1299189619910743,-2.1076377955618466,-4.3778911740934081,146.683317376,1.48777014309,0.022190254070163014,0,0.011095127035081507,60,0,0,0,0,3
595,12,5.3548943757195042,1.2863254272827527,0.96604418719412954,5.625434817354928,-2.0244538670812178,2.4483691710328173,0.0215060275842,0.0645915937518,1.2713489212040258e-06,0,6.356744606020129e-07,24,1,1,1,0,0
596,1,-0.62400528423346913,-2.4456987341200556,-1.9185091410606638,2.7908999699666164,-4.5053397658795324,4.718259639878239,0.155102225902,0.00895910080301,4.8506966088161884e-08,0,2.4253483044080942e-08,17,1,1,1,0,0
597,5,4.1973429129692956,4.2854922249401017,1.4896635636833404,0.22904199896631039,-1.5582864480660925,-3.0030055597319509,0.0499394506544,0.0148642615321,6.9798031683106721e-08,0,3.4899015841553361e-08,6,1,1,1,0,0
598,6,-4.1001605038801561,-0.65595224066334845,-0.78757040764590391,-5.4528895361861149,1.2125701263106174,2.8188573733238385,0.226696127452,0.0163354941421,1.3267779579982827e-07,0,6.6338897899914134e-08,17,1,1,1,0,0
599,0,-1.1352964931181957,4.9954430501848952,1.4078121209593577,-2.1152693519273571,-4.9369387399476139,-5.9045918493505525,0.0465559891861,0.0177903992293,9.8578357085706032e-08,0,4.9289178542853016e-08,46,1,1,1,0,0
600,2,-4.6127003830261888,-2.3407981016489727,-1.4050755530569476,4.7888840112355648,5.6858038848156998,6.0866115511974543,0.0373785517127,0.0444626964784,6.0360489162985781e-07,0,3.0180244581492891e-07,27,1,1,1,0,0
601,15,1.2577516463545027,-1.1867701593350859,-2.1978206788899297,1.8113930030063834,1.4039836342683383,3.466143452267739,1.54478293837,0.11893431429,6.6952807778571695e-06,0,3.3476403889285848e-06,27,1,1,1,0,0
602,2,0.15457846581199891,-4.5661096514133988,3.0549769688309731,-6.1916376697454796,-4.3113053892346977,-3.6002290226066602,2.44711326088,0.406372433073,5.6292443648499288e-05,1.4769820460325433e-07,2.8150652770387741e-05,39,1,1,1,1,0
603,8,-4.3769357274721203,2.1663589600045268,0.079122425141835873,6.0070180586190585,-2.7822212906839114,6.0496599938821092,84.1245957949,0.328451249306,0.0071098098128754075,0,0.0035549049064377038,60,0,0,0,0,3
604,1,-4.6370890033570769,-1.2383187928445678,-1.3907743926270943,-3.5645434935475291,2.1516255889253548,-2.6738278155075941,0.173703132027,0.00256089771992,3.2170519164700646e-08,0,1.6085259582350323e-08,5,1,1,1,0,0
605,12,1.7450835927800266,-1.3390600624868558,-2.3108336973553141,-0.74374933026410195,-0.89262631191083408,-0.040170873978872874,1.17942004417,0.0336363379328,1.7356767730987766e-06,0,8.6783838654938831e-07,21,1,1,1,0,0
606,15,4.7219469802605154,4.4940480300963781,2.2198840954168406,-1.9117783289545722,-4.3642269635529987,6.0893068730000097,0.0346842690126,0.086759315951,2.2941128146130637e-06,0,1.1470564073065318e-06,15,1,1,1,0,0
607,14,3.2147541685007743,-6.1866831814303609,2.6484815815815614,-3.6290537318080585,1.4591232669684109,1.1726873158065658,0.416724202884,0.0145746522619,2.3836604240326982e-07,0,1.1918302120163491e-07,25,1,1,1,0,0
608,6,-3.9597353210734685,-3.9215610411324833,0.22569652485656388,5.3465632470110505,1.389794061634632,-6.2722751647960466,4.78833365844,0.162989985898,3.102052502823686e-05,0.005789666432093216,0.0001892002554769149,20,1,1,1,1,0
609,12,6.0673435333141459,-2.5592655576279699,1.0133552172355769,0.57874990398273662,-3.4445727923040903,-0.18239926792143352,0.416079764065,0.00232550041938,1.7476972651001181e-07,0,8.7384863255005903e-08,14,1,1,1,0,0
610,2,0.47582588285799421,0.7608380812172435,-2.2740822932847542,2.2719111225775919,-1.6189918789766511,-5.2885421794180747,0.044171669967,0.00292309288211,4.5539314409745946e-09,0,2.2769657204872973e-09,15,1,1,1,0,0
611,14,1.0574542248447028,3.2257387437685856,-0.40048217966589628,-0.27713939040144248,-0.15122414658217814,0.25861649683205035,0.0358617258321,0.000885454777464,1.5248926249231939e-09,0,7.6244631246159695e-10,57,1,1,1,0,0
612,10,-0.15514614185213438,-4.8467081316320106,-2.6443466139640188,4.411542102745897,-4.6371384532543711,4.0421084208426334,0.143247644275,0.063067503263,1.2321387111652707e-06,0,6.1606935558263534e-07,10,1,1,1,0,0
613,4,-0.66572001146700621,3.1932212906128208,2.3036110791122177,-3.9570838892308497,-1.6719252210983901,1.8373350703422722,0.188495389018,0.0551257381953,9.6121624747321546e-07,0,4.8060812373660773e-07,16,1,1,1,0,0
614,8,-1.7204590807712163,2.8295764920434752,-2.4477154076438916,-4.7060902677646768,-1.7749053454086214,3.0972486014953025,0.419826797172,0.0143930522278,2.3935906981694549e-07,0,1.1967953490847275e-07,27,1,1,1,0,0
615,0,-2.5384362986480236,-1.2437883476932896,2.3689936361127133,3.5643326567569553,2.0237789770702821,-4.6565650490528734,0.0115567369033,0.174773023783,9.3048584141332338e-06,0,4.6524292070666169e-06,36,1,1,1,0,0
616,10,1.8186154918893043,-1.6928253967797733,1.3550881878857677,5.1393083991419406,1.6410273052744249,-3.6675561735018669,0.411504362323,0.0323532800472,4.8818947280842928e-07,0,2.4409473640421464e-07,8,1,1,1,0,0
617,11,0.34027580513510797,1.2869957797375864,-1.9788513547789364,-2.4246867462080055,3.7749299766585547,2.3045980532097428,0.219922410463,0.0854921796573,2.2747880198924327e-06,0,1.1373940099462164e-06,12,1,1,1,0,0
618,12,-5.0538277419471909,0.029090172825547964,-1.0277132561112696,-0.64632219529155499,2.0261116629660103,3.0763797095812171,0.1007921599,0.340159533895,3.5256986366043973e-05,0,1.7628493183021987e-05,26,1,1,1,0,0
619,13,0.70971273720630879,-5.749878775984496,-0.29891057367580171,4.8910634806017264,1.1645851253706974,3.6158474090194761,0.145060236685,0.46610957753,6.6201655978228644e-05,0,3.3100827989114322e-05,52,1,1,1,0,0
620,3,-1.3714717836027974,-4.0418010325274265,-1.7546356584155045,5.1438727777410067,-1.8552768773262609,-2.141859600646224,0.119307469148,0.058721442842,1.0646184501822423e-06,0,5.3230922509112113e-07,10,1,1,1,0,0
621,11,-2.8543404073715832,5.178653547717281,2.1009530498130098,-2.7266962576248193,-4.5963516043601844,1.4597669909543234,0.188736525399,0.00712351486926,5.1079123739918047e-08,0,2.5539561869959024e-08,15,1,1,1,0,0
622,6,2.3577803642916209,3.8710966028710221,1.0006879722950173,-0.29049854312361867,-4.9010540199029684,-4.0728439416208291,0.219232612984,0.00732896123738,6.4425059017270272e-08,0,3.2212529508635136e-08,10,1,1,1,0,0
623,15,-2.9446371745127231,-4.734986749738785,2.6341935472849491,-1.2295307189712321,2.1363061943829096,-0.20250138374331136,1.10482314065,0.000720703191788,1.2207923943915941e-06,0,6.1039619719579705e-07,11,1,1,1,0,0
624,0,-4.6195464743503178,5.8569537670979406,1.0598546998835248,1.2580294064294524,4.702910649685224,0.065920882410857126,0.275228174447,0.0603617784741,1.1856376117228362e-06,0,5.928188058614181e-07,17,1,1,1,0,0
625,11,-4.8944749466126893,-5.0649594190162173,0.09659459061783647,6.1366408534750647,-1.6961163913561799,-5.563963054061583,0.599282160663,0.0799959993643,2.30849561346557e-06,0,1.154247806732785e-06,19,1,1,1,0,0
626,7,-1.5966976437052443,-3.8448221774440485,1.8433174118415949,0.40893262293483229,-5.0462802027562894,0.074350981660338961,0.0383819038894,0.00327856218679,4.747494056800417e-09,0,2.3737470284002085e-09,20,1,1,1,0,0
627,4,-3.2237567049822009,0.83002250448374382,2.0681250575385386,4.8477161735416967,-1.0505431849231657,-0.73416810797946674,0.179758737524,0.0200461450765,1.5472308403883595e-07,0,7.7361542019417973e-08,11,1,1,1,0,0
628,11,1.8515937219422742,0.5961878083203147,-1.0154437982306723,1.5934467084254422,-2.4962390734730704,5.9609264838062979,0.245059835774,0.0606948920433,1.1822252730162475e-06,0,5.9111263650812377e-07,22,1,1,1,0,0
629,12,2.308982528230894,-2.9569617651841704,-0.54035386748007541,1.8009065927865133,1.6187036636510483,2.4100905341554277,0.0782794663374,0.0898483234801,2.4652191872545986e-06,0,1.2326095936272993e-06,13,1,1,1,0,0
630,14,-2.6729819656914984,2.1081995320763549,1.3944246700905452,3.8290651997946905,4.8624318284405694,4.7667635744711667,0.024485157412,0.00167713684415,1.456347154631121e-09,0,7.2817357731556048e-10,18,1,1,1,0,0
631,0,-0.16310378336106593,1.4635397525218696,1.8186424445745633,-1.9660971714180853,5.0628196406476791,1.880332106452373,0.0749361767974,0.00117619035018,6.0368455631205454e-09,0,3.0184227815602727e-09,13,1,1,1,0,0
632,10,-0.53665385815379363,1.6062099533432324,-0.3181514371353944,-0.81026305770743778,5.9273311184374391,2.9540459567761457,0.577652599547,0.0139995410231,3.9338362535973046e-07,0,1.9669181267986523e-07,10,1,1,1,0,0
633,2,-2.1229665452365007,-0.75329438697379458,1.4168130340461826,-0.99125440750983729,-0.39214310344473219,-0.86576637195463124,0.210417718018,0.0703467393794,1.5517247963284106e-06,0,7.7586239816420531e-07,14,1,1,1,0,0
634,10,5.2544739102403,-4.7891331142554359,-0.47260076480163232,1.1961715052517763,-0.67959711927765687,4.2539147766876413,0.385966757626,0.00168711054866,1.498373833489104e-07,0,7.49186916744552e-08,13,1,1,1,0,0
635,13,0.66680470428859884,4.1111090453283303,2.2849993344647479,-5.7128080865824735,4.6249637390853771,0.92220465972123855,0.166247837461,0.0354412309608,4.1026245164527411e-07,0,2.0513122582263706e-07,39,1,1,1,0,0
636,6,2.4312657951875525,-6.1081057707885966,0.22877174915516865,6.0127261412761586,-1.2022627442918574,-0.23098674426754487,2.47256483363,0.00259604541834,6.115629810942911e-06,0,3.0578149054714555e-06,18,1,1,1,0,0
637,7,-3.2983424648823454,4.0428582785531075,-1.8387274562313864,-3.5690983755380201,1.4234655681154564,1.6287048897700751,2.54310392393,0.0533551367564,7.334553488368289e-06,0,3.6672767441841445e-06,7,1,1,1,0,0
638,3,-3.431144802676839,1.0958666639820871,2.7947236204075585,-4.2922593833839473,-5.2210482023084088,1.5248616253092968,0.369384017924,0.00546873315689,1.4555475876900727e-07,0,7.2777379384503634e-08,14,1,1,1,0,0
639,9,4.2296984739014718,4.849567908176275,-2.6905588679875789,3.5084676069905552,1.1677749594583127,-5.1304264322557929,0.53683867153,0.0868042218145,2.5834797697736842e-06,0,1.2917398848868421e-06,10,1,1,1,0,0
640,9,-5.7291411771531999,-3.8476715062731812,-2.7294530761004636,-2.7550959918418458,2.6722518164619564,-6.115918907628128,25.2562779307,4.93854912852,0.008067275309657845,0,0.0040336376548289225,60,1,0,0,0,2
641,15,5.9668931767698421,3.7575736491008365,-2.9230909272924164,0.84623557505306235,-1.9511719997278514,-4.3718675535131251,0.0976074515829,0.0065174396721,2.2466454800410034e-08,0,1.1233227400205017e-08,21,1,1,1,0,0
642,2,-3.3713462282772886,4.6714122240809095,2.6631364541062998,0.14275153082019904,-2.0635254974136554,-0.84797448447326562,0.178610259256,0.0333347685266,3.7039457076069337e-07,0,1.8519728538034669e-07,22,1,1,1,0,0
643,2,3.0603706905749051,1.8664225444365834,-1.1845738704378712,-0.93066072655936904,-2.3268049189968125,4.8761212790155595,0.0418754322605,0.00107218587686,2.103734698598591e-09,0,1.0518673492992955e-09,12,1,1,1,0,0
644,2,4.6221490512949117,0.83071921638395185,1.8849890323262022,2.2382388652619194,1.4823923591879835,5.7199122800532969,4.12605019787,0.172311587757,2.6068772336910726e-05,0,1.3034386168455363e-05,14,1,1,1,0,0
645,4,-0.97651176359535929,-3.1234924532919321,-1.7395886865837979,3.9473338912825247,0.12150228462002122,-0.37242247058536065,0.0436408107496,0.0464044594055,6.5785970721239196e-07,0,3.2892985360619598e-07,19,1,1,1,0,0
646,0,3.777216355332381,-3.6321640598795004,-1.6849650571851518,3.1551357484188354,-3.8543882327213161,-5.5679135109123985,0.320226300037,0.182262440567,1.0221812881233333e-05,0,5.1109064406166664e-06,16,1,1,1,0,0
647,6,1.0186170013693032,-1.4438197048163908,0.15925396549758475,-0.25815854505814445,-4.5148982299967404,3.0480077750281604,1.99237449631,0.00129067351611,3.9700635768683455e-06,0,1.9850317884341727e-06,51,1,1,1,0,0
648,2,5.0539861858821533,-3.4509894784812642,-3.0040167133536722,5.3375131078919384,1.1151055234742122,6.132799081429547,0.584884501325,0.00253247741731,3.4404352600378781e-07,0,1.720217630018939e-07,24,1,1,1,0,0
649,13,3.3665557819878278,3.3665029397343016,-2.0679407919764827,-1.8872008155809803,1.4154031781480636,1.5457781061644948,0.0301606856685,0.0606792634378,1.1225027854018895e-06,0,5.6125139270094474e-07,18,1,1,1,0,0
650,6,-1.1632907692932526,2.6466982806660218,-2.1435012260260859,-0.9027225399414458,1.0185476271036367,-0.8571709111219018,4.28541137392,0.958977148091,0.00029850225267969772,0,0.00014925112633984886,53,1,1,1,0,0
651,11,3.2266768875726632,-5.3737540406341324,-2.6472129700208029,-2.4915323891407799,-1.9133816128960333,-1.6441281232307252,1.59850468967,0.130680244971,7.7572683555275718e-06,0,3.8786341777637859e-06,21,1,1,1,0,0
652,10,4.2056348998609439,0.42013742034547258,2.7171748925407364,-1.0082310876523848,4.2959485499353374,3.3305728222778486,0.0682189542479,0.304522244598,2.8252983933542755e-05,0,1.4126491966771378e-05,11,1,1,1,0,0
653,5,3.5307835748118621,-0.43308940890765757,0.64385080357030855,1.2166346458316486,-2.0717261831254001,-1.7616334860151035,0.0269595505053,0.0735024349231,1.6464553080494575e-06,0,8.2322765402472876e-07,19,1,1,1,0,0
654,4,-1.9012042436297465,0.30634616733248421,-1.3978889425127858,-0.24257222920498633,1.6167407824974391,-5.6786662620926238,1.38556457321,0.0498746647927,2.6775195924697307e-06,0,1.3387597962348654e-06,43,1,1,1,0,0
655,3,-5.9299600343674621,0.38776814357165523,-2.9827586429208028,-1.8387457475001128,-1.3864393163957043,2.1328786847040901,4.05817768083,0.109658373555,2.0131818039468691e-05,0,1.0065909019734346e-05,19,1,1,1,0,0
656,5,-4.5148677681037377,-4.6166362172664019,2.9784397957400675,-2.7620290288016025,-2.0962110231369961,-5.8264032761943687,0.374641996516,0.014186542929,2.0166331830947356e-07,0,1.0083165915473678e-07,24,1,1,1,0,0
657,3,3.63286655480238,-4.3242879254911148,1.4729574107170638,4.5528300133571733,4.504276958413854,-2.1933329047111001,0.0415259330816,0.00419029864554,7.0730593796408019e-09,0,3.5365296898204009e-09,26,1,1,1,0,0
658,0,2.3333482473165463,3.4019553056088894,-1.2571951543681099,-2.4871675105809965,1.0541295038763443,1.1508856302832289,0.0249938933773,0.178124613733,9.6656413404085925e-06,0,4.8328206702042962e-06,16,1,1,1,0,0
659,2,1.9908459767332485,4.9566691269070491,-1.2514009505868418,3.9037557919040355,5.1347025257231254,0.21573172637574742,0.0548435057463,0.00358842892716,6.9303144655852689e-09,0,3.4651572327926345e-09,57,1,1,1,0,0
660,4,-1.3728297508799061,4.2188406012173711,2.4303476400430912,2.1991943376276097,-0.9343716888400645,-4.5885235226682672,2.49985305697,0.0305291981039,6.5331784702261193e-06,0,3.2665892351130596e-06,21,1,1,1,0,0
661,12,-2.389279054638231,-3.2689169626666121,0.73479303724643041,4.0662311751443534,-1.4242952208807751,-1.6537031513975007,0.0380134200293,0.269191740138,2.2075300505986277e-05,0,1.1037650252993138e-05,15,1,1,1,0,0
662,7,-0.45707743188831962,-0.262687876050055,2.8947182275439953,-4.3455123763937067,-4.814945796641215,-1.2195815125214315,0.183691787968,0.00513587903557,4.17776438594178e-08,0,2.08888219297089e-08,17,1,1,1,0,0
663,6,0.73765797029185021,2.9450506820918956,2.849986653600233,2.2597200177326608,1.646810018173825,0.73239487341617859,0.219714251786,0.0197066528556,1.665731874478402e-07,0,8.3286593723920099e-08,10,1,1,1,0,0
664,9,2.533564370192428,2.5567965336199956,1.9075354553724451,-0.1642613841150278,-4.8556087580256113,-6.1223643681548996,0.0152319765425,0.179303061146,9.7935564765519307e-06,0,4.8967782382759654e-06,10,1,1,1,0,0
665,10,2.0858489332138062,-0.90084192788791573,-2.5683487111648104,-1.4319487147681602,4.7613678014647602,-0.010674549330119756,0.0493480817997,0.00175751901944,3.3761577322118765e-09,0,1.6880788661059382e-09,26,1,1,1,0,0
666,12,-0.38178789857873829,2.5563721502890844,-0.87549129781104962,5.8885306580570065,-1.3757605376839606,-3.9631436439285737,0.261734190304,0.000381095713892,6.8549027163183934e-08,0,3.4274513581591967e-08,17,1,1,1,0,0
667,2,3.8053416333494545,-1.9616137918018515,-1.6436101813098605,5.466103856748882,4.5666998563823222,3.5773105601618749,0.0610711064736,0.0278046299689,2.3922862980979395e-07,0,1.1961431490489697e-07,22,1,1,1,0,0
668,3,2.7571915523664865,1.8070031685451464,-2.1313327357848957,4.9735376443813504,-5.2942808990002082,-5.1304171284393609,0.0892642193293,0.0186125830842,1.1349618022423459e-07,0,5.6748090112117293e-08,13,1,1,1,0,0
669,10,2.9650800999253581,-0.831862514641034,0.79485371231499424,2.0353826805818382,4.9673504093608178,4.5266519655894006,0.0958812271204,0.00978838126785,3.8379338175358555e-08,0,1.9189669087679278e-08,25,1,1,1,0,0
670,10,-0.72413500906548722,-1.9126122454580436,2.3022039566596857,-4.6363861573299578,-1.7953501803048681,2.5264636022866802,0.0816264349463,0.00160641549744,7.4489616856114038e-09,0,3.7244808428057019e-09,42,1,1,1,0,0
671,13,4.3757617154253072,0.91442114963930954,2.1940602848342907,2.3251836719582206,-4.3946939076822531,5.7969093653148454,1.56771636659,0.0210207061488,2.592335931862693e-06,0,1.2961679659313465e-06,22,1,1,1,0,0
672,13,-5.391122747833248,-4.8042678833897536,0.95077265361548557,-3.9556280687392475,-4.7602713760814321,-2.5526088059218139,0.0867904351721,0.00964084545039,3.5845520179234535e-08,0,1.7922760089617268e-08,16,1,1,1,0,0
673,7,-4.3106137304774341,-5.8653243583987287,-2.5745770723100221,-2.325728967264248,-1.7421511819928062,-0.47150842027981482,0.339604651259,0.0166847364775,2.0013084786581424e-07,0,1.0006542393290712e-07,9,1,1,1,0,0
674,14,0.035711061031195493,-1.1033408397463618,-0.78248355129279057,3.1279528354192387,-0.72723524096243108,-4.5664595614083412,0.042330696782,0.0219430369438,1.4846422216142106e-07,0,7.4232111080710532e-08,22,1,1,1,0,0
675,9,-4.4796976040430563,-0.39233495491933756,0.94240838558315065,1.0958773625327451,-2.5231457584813746,-0.39591667957267107,0.432560659256,0.0703863371193,1.6962554492837427e-06,0,8.4812772464187136e-07,18,1,1,1,0,0
676,10,-2.1497296181420502,2.0881546833584688,2.4375964166179287,3.4317072647101501,-1.6235188722900677,3.6552948887122652,0.161195515137,0.00649205529185,3.8822638058615017e-08,0,1.9411319029307509e-08,24,1,1,1,0,0
677,4,5.7327830345121118,0.99417384637672435,1.7760365246162377,-2.8071663058322844,0.74992095045480156,-3.7311193467916501,0.224451722917,0.0363324591318,4.5248806573502895e-07,0,2.2624403286751448e-07,50,1,1,1,0,0
678,8,-1.3773722917466273,5.7916076072496203,0.98523181001489535,-2.5175680440832089,-4.7752239924849285,-5.9815645122509586,0.246150716717,0.0302728001076,3.3975450263983125e-07,0,1.6987725131991563e-07,17,1,1,1,0,0
679,12,4.1493145710357355,-2.885816530389179,1.9439667946135983,-6.0774564099818926,2.5367109085314903,0.42397472805746433,0.00670384528549,0.698714687192,0.000148714943734007,0,7.4357471867003499e-05,15,1,1,1,0,0
680,6,1.1152741141431277,2.1989593782824883,-2.6084340883867743,2.3567957508802708,-1.9396012390801054,-6.1310794951655341,0.040696280465,0.145659176577,6.4646008324365366e-06,0,3.2323004162182683e-06,25,1,1,1,0,0
681,0,-4.4899679642626351,5.0653128604893194,2.7469489998605581,-5.867354819044599,-1.7718056030684577,-0.20508872606461312,0.375497445726,0.0693673291173,1.606764458602484e-06,0,8.03382229301242e-07,20,1,1,1,0,0
682,0,-6.0650270164218023,0.46254889497098961,-2.9238320245064608,-3.8226497487940221,-2.3517176700783549,-3.8385302541061739,36.8536477749,0.244307908037,0.0013763728574492063,0,0.00068818642872460316,60,0,0,0,0,3
683,12,2.9696451713694016,5.7944994650517065,-2.8846248633156191,-0.89581788460450595,-1.9340240702796734,4.188855667242505,0.00208691015566,0.229345939179,1.6022746548900424e-05,0,8.0113732744502119e-06,52,1,1,1,0,0
684,9,-4.2522058147448742,2.5133122070998493,-0.1229562731910141,-0.75520139485571458,-2.4343911189799745,-5.4327038394621949,42.6295589282,0.000448965073189,0.0018172793558178292,0,0.00090863967790891459,60,0,0,0,0,3
685,10,-4.6509514839875061,0.34878898593279628,2.6672584612680437,0.38930719410733672,2.0864340426044725,1.8667890110261531,65.7448656427,4.22778635847,0.0097671731870727085,0,0.0048835865935363543,60,0,0,0,0,3
686,12,5.1724550476621571,-4.0713824184494252,2.6263822631481615,2.7944239959885939,4.9184639900173881,-3.5039341058780336,0.953435255165,0.144357344189,7.2569742408483144e-06,0,3.6284871204241572e-06,20,1,1,1,0,0
687,0,3.4744425219773727,-0.82431315169528896,2.0763540222125267,0.13096431615928983,-1.399757613095044,4.1080111877544798,0.0474021768382,0.0434116378051,5.7631990762278626e-07,0,2.8815995381139313e-07,31,1,1,1,0,0
688,2,-3.7339540290557465,2.5456341890761873,2.8004912645814941,-6.072539407496528,-4.9152870807309581,2.2344176075824334,0.82769470708,0.150650060348,7.5985051098880581e-06,0,3.7992525549440291e-06,16,1,1,1,0,0
689,7,0.18298227730024069,-4.1266802251488048,-0.27355080236377738,-6.133662300122829,4.7219582352079819,2.1133059987439182,0.00755950896059,0.303406798719,2.8041822542664895e-05,0,1.4020911271332448e-05,10,1,1,1,0,0
690,1,-4.8452311312720182,0.24819400666031449,2.8123449473254305,-0.84287594478794081,-0.99542141252031802,5.4918235724049476,4.91566114995,0.299401081151,5.1469936920563862e-05,0,2.5734968460281931e-05,16,1,1,1,0,0
691,8,-2.0606892842160063,5.6064155685037607,1.058571872335861,4.4112204190002355,-4.0876128435156831,1.1783479591548129,0.239070153931,0.115563907828,4.1253252950473382e-06,0,2.0626626475236691e-06,17,1,1,1,0,0
692,15,6.05891163230892,-3.8803103719623175,0.47046580999324139,-2.5573705378898581,5.4329380793785012,-1.110603315644336,0.212293928257,0.0211739339048,1.8163950817939281e-07,0,9.0819754089696405e-08,29,1,1,1,0,0
693,3,0.43074225224072932,-3.9970620587020815,-2.7022831987146105,3.598613332709879,3.8786830702738646,3.0062205696379634,0.74277524322,0.0372056527569,9.7338495333188976e-07,0,4.8669247666594488e-07,39,1,1,1,0,0
694,5,3.4811457143134747,3.5909201314564725,-1.556444215331598,-1.8130782893777837,-3.6324510657495863,-4.7684711996189364,0.737842515848,0.00650341799751,5.57295203098765e-07,0,2.786476015493825e-07,15,1,1,1,0,0
695,4,-0.40400870396244298,-2.6144455222087126,-1.5462199882436825,4.9971334528600186,4.0682653326854181,1.4870743722216897,0.0347761805475,0.00885077440712,2.507195617020473e-08,0,1.2535978085102365e-08,36,1,1,1,0,0
696,4,3.2237147294511299,-0.78528033933956332,2.6283311348641893,-2.0615974946634674,4.3230736317813863,-2.5302590645564287,0.0531059867042,0.10222490479,3.1860513125495942e-06,0,1.5930256562747971e-06,18,1,1,1,0,0
697,5,2.2482838072018394,-2.7711092837937392,-1.3440478352070155,-0.083482640130704333,3.972591366627185,5.0583792544985613,0.0289143652226,0.00205135679717,2.1178903302718645e-09,0,1.0589451651359323e-09,13,1,1,1,0,0
698,2,-3.3942105414335009,-4.1000468207800518,-1.4867188414765906,0.67886590261600144,-2.0980435488109093,-0.62483487874653576,4.07260478756,0.0301034881974,1.6862160154304517e-05,0,8.4310800771522585e-06,16,1,1,1,0,0
699,12,-4.6374843821682044,1.0240074968172861,-1.1251038885885556,-2.7063192498622697,4.2854166276442172,5.6791846399309422,0.231078545074,0.00118506254467,5.3825090544798671e-08,0,2.6912545272399335e-08,29,1,1,1,0,0
700,13,5.6465960561840189,-3.7172038372430332,1.6913136210799051,-0.18367740334510269,1.7919875451943306,4.6007275802761054,0.0612113761992,0.000337149135537,3.7814582980583645e-09,0,1.8907291490291822e-09,7,1,1,1,0,0
701,15,-3.506896999156583,1.0837762500724517,-0.26410922969620548,-2.5686711380428897,-4.1473266543761325,-4.4582777629612034,129.51334785,0.0854217497925,0.016775930026603415,0,0.0083879650133017077,60,0,0,0,0,3
702,7,0.87583208954126246,-5.895089425280946,0.5001144941701533,-2.109052465585707,-4.011904398165659,-1.9962020119585888,0.189120678003,0.00336134115898,3.9208385610116148e-08,0,1.9604192805058074e-08,20,1,1,1,0,0
703,12,0.9051425368953161,-6.1427420429492141,2.4274360842892881,1.5230300485247263,1.6317803883636384,-2.6884586509108135,0.0725154349899,0.00360516818238,9.2176733009350155e-09,0,4.6088366504675077e-09,24,1,1,1,0,0
704,9,-1.4270015108180305,-3.1567588790891969,-2.5648561971431549,1.1096502627728575,4.5252502337137299,-3.4174748096497325,0.064047572844,0.00138395150376,4.6855319612506393e-09,0,2.3427659806253196e-09,16,1,1,1,0,0
705,13,3.7462218278130712,5.2021448805078574,0.81643530076768311,4.3419781785120275,0.78548754815166388,-0.64555914233962819,0.354075302614,0.00152319544884,1.2607607022226858e-07,0,6.3038035111134289e-08,9,1,1,1,0,0
706,0,-0.96592548638542874,3.8163813852240005,-2.3657968294220275,3.7574662871878792,1.7317683676294646,-1.0764406762062384,0.92047531084,0.0716371082886,2.4105334055308313e-06,0,1.2052667027654157e-06,11,1,1,1,0,0
707,8,4.348131698492101,4.8718596476356071,2.3949746128629461,-1.1770357888600158,4.4129642336758419,-1.7458280379586499,0.253976251177,0.0605744689207,1.1822263644168184e-06,0,5.9111318220840918e-07,14,1,1,1,0,0
708,9,0.14938186397108422,-4.7092007109722642,-0.89547140476825082,-5.4365796461909284,5.0510525276733507,-4.9957900364464205,0.0367523195765,0.0895236057444,2.4426997286355269e-06,0,1.2213498643177635e-06,13,1,1,1,0,0
709,7,4.2377091892674255,4.0420795279244324,0.3440968597321683,-1.7457012577867463,-1.8000769299671804,3.8132373485119788,0.173824863128,0.0659104022265,1.3535283274080196e-06,0,6.7676416370400979e-07,11,1,1,1,0,0
710,12,-5.7344236861198725,3.0406329980430042,-2.3429755458020485,1.2056656304283806,-1.6518902013429391,1.405988684941313,0.290824516042,0.00739313001352,1.0122879119590107e-07,0,5.0614395597950537e-08,32,1,1,1,0,0
711,2,6.1612769613232423,0.54599477346401748,0.19282177481624585,-2.6907490438045976,1.9870844457776027,5.2755065297901069,117.101636262,0.0198417722819,0.013712913141981814,0,0.0068564565709909068,60,0,0,0,0,3
712,12,-4.1151532852036663,-4.2288186247964275,0.90660066709651399,5.249246871419234,-0.92600431234376568,-0.97781860653488428,0.0306962373361,0.282929498363,2.4385292875294449e-05,0,1.2192646437647224e-05,11,1,1,1,0,0
713,1,2.0469132819237865,-1.2041942127893885,0.55201696098234121,-1.1680293417943743,-5.1708684885635314,2.0165074042974571,0.215217027845,0.0451690794456,6.6781276150263814e-07,0,3.3390638075131907e-07,25,1,1,1,0,0
714,0,0.55673755424284788,-5.7188366670696693,-0.69285636136025341,4.7109499589087953,0.43877068476165859,-2.3532636311663713,1.11832468616,0.0532166895934,2.1133315260138456e-06,0,1.0566657630069228e-06,24,1,1,1,0,0
715,13,-2.171157115619001,-3.4230798914450031,1.2665142867490571,-2.766954656301281,4.7635318971905454,-2.8107443747780589,0.220482895604,0.193179809185,1.1416459207477111e-05,0,5.7082296037385557e-06,18,1,1,1,0,0
716,1,-5.2999298149890777,4.0528319067938767,0.69785049361453544,3.6954674057516677,4.6684807561289752,-0.09040749944494203,2.50515564913,0.775238535145,0.00018934928595698658,0,9.4674642978493292e-05,20,1,1,1,0,0
717,0,-3.6777398258567144,-4.676646774772407,1.7304585096627561,1.5033264591242903,1.3480246294970439,2.2868051130233722,3.03032686407,0.0299072808735,9.455344567970839e-06,0,4.7276722839854195e-06,13,1,1,1,0,0
718,3,0.45679556137709165,3.647974782749611,-1.2861529707384378,-0.80356025305562417,4.5155136494890504,1.2957739473837635,0.215797861524,0.0438431492502,6.3211094256956469e-07,0,3.1605547128478234e-07,39,1,1,1,0,0
719,4,-0.69889326446194355,-0.46619236999525016,2.1882836034482254,-0.26718560102982558,4.5300129715458324,-3.51107422053729,0.0173726696043,0.0424117367158,5.4823404185070973e-07,0,2.7411702092535487e-07,12,1,1,1,0,0
720,8,-2.2414128067668329,-1.2658786288604076,-1.9358232680125447,-5.9183444454886933,-0.9178953728632302,2.8253786009795796,0.0688291776732,0.0397832383171,4.8685728923461692e-07,0,2.4342864461730846e-07,10,1,1,1,0,0
721,11,1.37244024605141,2.844826931401053,-0.74508232609547842,4.7776690315846118,4.4736124077667778,5.6146834979710771,1.63217764292,0.0474293907403,3.3492550931558722e-06,0,1.6746275465779361e-06,19,1,1,1,0,0
722,13,5.8994101571659083,-4.2660030650290723,2.7148648923438325,-1.5780080799569429,3.4872582641719738,-3.3364655065066544,1.00749654702,0.39007876067,4.7366074391724741e-05,0,2.3683037195862371e-05,13,1,1,1,0,0
723,10,-2.3258982493664102,0.23442092338372489,2.66611633970057,-3.2458525062900252,2.3137815653933633,0.40158848877659337,0.176668017719,0.0283809560926,2.7657442224575109e-07,0,1.3828721112287555e-07,8,1,1,1,0,0
724,11,5.2161084809629878,-4.4249041714840045,0.29385547552936925,3.0951231040459941,-4.4023667789492027,5.482080214143064,0.96076939408,0.0335988807245,1.2669557993311884e-06,0,6.3347789966559418e-07,18,1,1,1,0,0
725,15,1.7130218964861599,4.1717430334710341,-2.6678811631830754,-2.9501401967293956,-4.7292424003955,2.8942825102808425,0.201875360601,0.0633113852889,1.2617612625895529e-06,0,6.3088063129477647e-07,18,1,1,1,0,0
726,7,2.0847300976096252,1.3980934178120012,-1.7118582477600177,0.31043428625721747,-5.4355762888768,-0.35909950655901934,0.0950131477778,0.207400410549,1.3112124577264426e-05,0,6.5560622886322129e-06,19,1,1,1,0,0
727,8,-5.5340715927444801,0.88765436237341588,-1.2899377212083074,5.44073879113866,-4.9248353383373917,3.6846748967957419,0.0841725404879,0.110144182984,3.7026246713038283e-06,0,1.8513123356519142e-06,9,1,1,1,0,0
728,10,-3.894711662746472,-0.11746452433017285,0.024473957437657012,3.9045300954629325,1.1957452483459599,1.5830325472895366,4.45113467696,0.00421375001493,1.9818008604653766e-05,0,9.9090043023268828e-06,23,1,1,1,0,0
729,6,-2.8109710598739532,0.90770410500495879,0.81915350752533034,-3.084540365032022,2.7583417385760107,1.5120824125178598,0.177490800767,0.00467149436398,3.8150607538386111e-08,0,1.9075303769193056e-08,29,1,1,1,0,0
730,6,4.2839492463819715,-5.0105441505210093,-0.59448231262161633,0.032273987055776346,-3.3601302214384181,3.6604630103635833,0.263608689649,0.326265128609,3.2495689199959079e-05,0,1.624784459997954e-05,13,1,1,1,0,0
731,1,-1.3472429802895483,1.6295428122765603,-0.037202939369102107,-1.6594672574177134,-4.4918923034135361,-0.32394281102135319,39.2101333121,2.73352440592,0.0038135833371597126,0,0.0019067916685798563,60,0,0,0,0,3
732,7,3.0503048646952848,0.97187026300618951,0.0013931492678864177,-0.35105501746272372,-2.3236186292163539,-2.3228887755976482,44.9645074285,0.0268021833167,0.0020220257523482915,0,0.0010110128761741458,60,0,0,0,0,3
733,14,2.3489899150210376,-4.4562208602295774,-0.17714347547475567,-0.43256971344356859,4.6968492771387877,-1.5029361501602276,1.20206313786,0.0162277151447,1.5251733545506893e-06,0,7.6258667727534465e-07,31,1,1,1,0,0
734,3,-5.5294634350498537,4.7923342295285618,2.1549793623280467,-2.3803575688478849,1.6607471389574715,3.7113782750661506,0.0146266196493,0.029428106708,2.6401672503407982e-07,0,1.3200836251703991e-07,22,1,1,1,0,0
735,15,3.0696796112027966,0.089389399644087764,2.605343811380386,-1.6142569023355404,4.3879342851424292,5.0939384616663075,2.51914019201,0.166649522616,1.4805921598434753e-05,0,7.4029607992173765e-06,28,1,1,1,0,0
736,7,-3.7075707613463176,-0.17609866946975797,1.7504958234190384,4.3008557528466707,-2.7119779857356101,2.3039924082851013,0.91575152085,0.00788926345005,8.5756038168807569e-07,0,4.2878019084403785e-07,30,1,1,1,0,0
737,4,-0.34020728492010816,2.755247143861931,2.4695962105127416,-5.7123878935124726,1.3755520652472628,-1.4678010998152897,0.0538185735126,0.00440490151265,8.8069785783666268e-09,0,4.4034892891833134e-09,12,1,1,1,0,0
738,6,-3.5179041684905652,-3.0610711527911345,2.644453429017692,2.5905589926640635,3.7933291813184922,4.4913846076293282,0.298697533369,0.0560814053244,1.0472797812850795e-06,0,5.2363989064253973e-07,47,1,1,1,0,0
739,3,-2.1081713546076166,1.4069874752757077,2.356473613604114,0.91972375216663049,-4.7528567096398131,-5.7779420888745081,1.34446822616,0.00136664643815,1.8081637519536583e-06,0,9.0408187597682916e-07,17,1,1,1,0,0
740,4,2.5355476139287783,-3.8526090797497119,2.2589767061894506,-6.1477156966958377,1.7740758323428154,2.1197215177515387,0.109028793823,0.0042484757862,1.738548416735879e-08,0,8.692742083679395e-09,17,1,1,1,0,0
741,9,2.6848739483802282,0.17214374690731421,-2.7458892487790956,-4.230730612128685,-3.934154811401295,2.8719132495979096,0.11247582109,0.0102015157919,4.4352626811158157e-08,0,2.2176313405579079e-08,13,1,1,1,0,0
742,14,6.0444852918133005,-0.37042146765019157,-1.3901452037522704,-2.9068453497000362,5.0505518404459027,2.0173235001877656,0.422066882608,0.00565485240984,1.8788131300262925e-07,0,9.3940656501314627e-08,8,1,1,1,0,0
743,14,1.2065926756245047,2.8549945904807212,0.64078547469303915,4.2029978149930924,4.7128532706818156,0.63773535680035187,0.427885977275,0.165896140978,8.5666237422695659e-06,0,4.283311871134783e-06,46,1,1,1,0,0
744,7,-0.21239887075030822,-2.5478915823460873,0.94805211658288002,3.127298436089299,-1.2647844909220953,0.59669499408929705,0.646110313971,0.182821751326,1.0598928047192396e-05,0,5.299464023596198e-06,34,1,1,1,0,0
745,3,-3.4378855692018324,-1.6810258465416532,1.5000557370939955,0.98210225956659258,-1.5634853839414891,4.2155398291273496,0.0676749439175,0.0172140554139,9.4845260105146147e-08,0,4.7422630052573074e-08,30,1,1,1,0,0
746,2,-1.3497230522582513,1.0566392538007161,1.6731843064646743,-2.8449121928739385,-0.50892773358402232,5.8919340882416833,0.0356666375415,0.0337506664991,3.4826409323323682e-07,0,1.7413204661661841e-07,25,1,1,1,0,0
747,13,2.15171539026074,-3.719616103966922,-1.1320145938550423,-1.3790298634172982,1.2874133473975755,3.0832312859142239,0.437803020795,0.0334337194686,5.3217697889171032e-07,0,2.6608848944585516e-07,46,1,1,1,0,0
748,6,5.1321578244312471,-0.56333409107627508,2.4986020105018234,-0.88450926346511949,4.4243106731377244,-3.6483277657142863,0.151938223885,0.00535589740751,3.1823368617212512e-08,0,1.5911684308606256e-08,17,1,1,1,0,0
749,2,-2.7020672438148496,3.1251606018900167,-2.7478162533360364,1.1934726313926665,4.6509839244477025,-1.8631051344914109,0.13909355763,0.0136397959509,7.6019271250528302e-08,0,3.8009635625264151e-08,17,1,1,1,0,0
750,4,3.8368678516156369,-1.0384411579185195,2.1719637535933174,-5.1834952546449662,5.0800874488506222,-2.8101853284424858,0.0471180035907,0.0252813268313,1.969149551830883e-07,0,9.8457477591544149e-08,11,1,1,1,0,0
751,15,-5.992035218919268,-4.7681780321841405,2.0475750973999602,5.3220761436116941,-2.4387959465858242,-3.8580730215236225,0.0509526084303,0.011594196523,4.3544484679696458e-08,0,2.1772242339848229e-08,9,1,1,1,0,0
752,12,-2.4225311622632155,2.6286479482495722,2.2565923567310229,-2.1664591384721312,3.8713375556491489,-1.1238849291048316,0.0766779533948,0.0140665761946,6.6153720519427816e-08,0,3.3076860259713908e-08,9,1,1,1,0,0
753,13,-4.4438810256903416,-5.2922178142007281,2.9247534441058658,-3.5431583930600605,3.8568363702894208,-0.014490327249651026,0.0515492801327,0.795022223179,0.00019253924583188079,0,9.6269622915940396e-05,39,1,1,1,0,0
754,13,1.3133151268522756,2.4923883866112995,-2.2038335660118964,-1.7158464687715216,2.1537956217473808,-2.7275378345908381,0.187736130192,0.0141036917928,9.583756123896206e-08,0,4.791878061948103e-08,26,1,1,1,0,0
755,13,3.3606066970614257,-5.1967658975960855,1.9393718147353103,5.3003895993516323,-1.5351233792050312,-1.7928068753759081,0.119661160002,0.0428897867051,5.7467283407965668e-07,0,2.8733641703982834e-07,13,1,1,1,0,0
756,9,-2.9357156486395515,3.9691925549700025,1.2154436283430929,-4.1831943465651467,5.0233408366619683,-1.992866605502041,0.044566388147,0.00721217646066,1.7830987091892611e-08,0,8.9154935459463055e-09,7,1,1,1,0,0
757,7,2.2775943904229967,-5.9194016972560712,2.8006209217248008,-6.2831853071795862,-4.0376903060275442,2.9501851871921843,23.7449631746,0.494445210847,0.00063829494475048691,0.0075689999999999993,0.0005462174723752434,60,1,0,0,1,2
758,10,-1.8764772791619879,-4.805421891236092,0.87364452815516425,1.2456519581559842,-3.6800532669936796,-0.74541574800510813,0.0845185693948,0.118666479799,4.2966846914937452e-06,0,2.1483423457468726e-06,15,1,1,1,0,0
759,12,4.5023461270660281,2.301373171439729,-2.5482447547587501,-1.304645406314783,2.0770040804266272,0.63492659362165671,0.496890564709,0.00848764560523,2.6884491118486297e-07,0,1.3442245559243149e-07,20,1,1,1,0,0
760,15,2.3615806820018999,-2.0090341881209288,2.275517851173583,4.6127858257857044,4.1616280189838486,-3.5010292669618459,0.0696177642679,0.00982397439327,3.4245404332642017e-08,0,1.7122702166321009e-08,5,1,1,1,0,0
761,12,-0.38378587652307461,5.1256831997534125,-1.0320358909235339,-1.2279515211235466,1.282277966580579,-2.0262893266518391,0.0604092620075,0.00142808737147,4.270525919243122e-09,0,2.135262959621561e-09,13,1,1,1,0,0
762,12,-4.2163564110733649,4.0080960980954803,1.3561932785327073,2.8179967110867925,-0.29459496704511867,5.9804262218037758,0.147985254697,0.0318738462556,3.3137328918588091e-07,0,1.6568664459294045e-07,32,1,1,1,0,0
763,15,-4.6100206943923299,-2.7690046228315413,-0.34206008858505788,5.2773173442889165,-1.9134413576313904,0.98877281266503891,2.76408552341,0.699349160709,0.00015662527372983293,0,7.8312636864916467e-05,40,1,1,1,0,0
764,9,-1.2466633007409331,-2.0011251045940153,-0.64312680000743927,4.998323895061187,4.8559570229448656,-3.1808606899477052,0.589690678749,0.095790387431,3.1428431066008222e-06,0,1.5714215533004111e-06,30,1,1,1,0,0
765,0,-2.4324189649449695,4.8861605570883899,0.27031485408205341,1.4104169426458488,4.3616510902747958,4.539641775102857,1.05262368377,0.0201722847943,1.2319718671942822e-06,0,6.1598593359714109e-07,8,1,1,1,0,0
766,9,-1.7070352833219824,-4.3916068818391381,-2.4407599046898505,-0.86906459164257199,-4.4840359003455958,0.42897684328138996,0.0486271962447,0.000888162898809,2.6048965897178552e-09,0,1.3024482948589276e-09,16,1,1,1,0,0
767,8,4.1604060608392377,5.911620815025544,-2.5112066518125267,3.6254842363133548,2.3067080195635326,-6.0648802338845327,0.0109013567505,0.537660822712,8.8058666758028878e-05,0,4.4029333379014439e-05,42,1,1,1,0,0
768,6,-2.5122460387161416,2.4765713423184383,-0.64284276754501524,-1.7131356060093745,4.605550023981972,3.6925056757408075,0.0793085889112,0.942662692351,0.00027069327434248701,0,0.0001353466371712435,35,1,1,1,0,0
769,12,2.2186651408607978,-0.24000717906093233,-1.5718217862156785,3.785901709404722,-1.782403337163464,-0.58423058152739993,0.168811867907,0.0048156244435,3.5561597447909856e-08,0,1.7780798723954928e-08,19,1,1,1,0,0
770,9,0.42597783148663426,3.5284529127605295,-2.9848432589218405,5.9331853071795866,-2.1991561525264487,5.1739501541511279,95.1662697345,3.70260164379,0.013232697978420287,0,0.0066163489892101437,60,0,0,0,0,3
771,3,-4.0147521519759444,-3.5055233555719845,-2.964967798379655,1.3220099785961295,-1.9657548667822144,5.2444047803430207,0.159720153875,0.00116641312901,2.5924965520289115e-08,0,1.2962482760144558e-08,14,1,1,1,0,0
772,2,-4.5506163012746121,-0.81540350666045247,-0.66614109237319907,-4.4714980444499881,4.6959873348373664,6.0345587349537064,0.192693060776,0.000390872614847,3.7177155547338313e-08,0,1.8588577773669157e-08,16,1,1,1,0,0
773,3,0.087594664760649171,2.4139219789899604,-2.6740094208039995,4.8604412585725498,1.8930084479700138,-1.2578624235314875,0.137273777566,0.00541125722621,2.7763807360626647e-08,0,1.3881903680313324e-08,40,1,1,1,0,0
774,15,2.8399949967252205,4.2578623229569974,-1.8079043922976046,-3.3092508145364317,-4.5019238320513333,1.1294304787764473,0.0179314002698,0.00342368822883,3.892151179597158e-09,0,1.946075589798579e-09,18,1,1,1,0,0
775,14,-0.53858977946675002,4.1914261655057681,2.5275144434223238,-4.8993022060283842,-1.5505840073412622,-4.0484586046953446,0.267415420061,0.00431349770226,7.7178798538815248e-08,0,3.8589399269407624e-08,22,1,1,1,0,0
776,7,3.9990698938190286,-0.18981925210349626,1.1986697908680595,3.4342435239232292,1.5698985976888644,0.72619214554798539,0.312608109088,0.00104729824717,9.8057944494195284e-08,0,4.9028972247097642e-08,19,1,1,1,0,0
777,0,-1.7785088193931595,-5.9019236104404431,-1.685968851954178,2.3103757295336478,3.8722739965729152,-2.3792005164833601,0.0546360766837,0.0781843766474,1.8650494750709675e-06,0,9.3252473753548377e-07,24,1,1,1,0,0
778,13,4.8704454840541356,-1.2598668555356265,1.9750068563887984,5.6013821993274178,-0.95914873581145932,-4.8458470709487971,0.0253577937879,0.076097243205,1.7646186550064449e-06,0,8.8230932750322244e-07,38,1,1,1,0,0
779,14,1.1395447073968266,1.739431483817681,1.1717679215803543,4.5698223891086798,-1.8778604656643603,0.43529204308107927,0.577922410403,0.129969372054,5.479603243080275e-06,0,2.7398016215401375e-06,14,1,1,1,0,0
780,3,1.5810682374652669,-3.2867686282443236,1.8640322150613808,-3.7344434021795441,-1.2224080822762091,0.60601231236377318,0.0579188131944,0.00751582592929,2.0561707885527662e-08,0,1.0280853942763831e-08,32,1,1,1,0,0
781,4,-4.2148135511700096,3.9993209896839139,2.3059052043853292,2.2439151171988243,1.1744898953338796,-0.45706832984095896,1.04600582978,0.0455281896617,1.7255440739551992e-06,0,8.627720369775996e-07,6,1,1,1,0,0
782,11,6.0377819553639469,2.4286009964753177,-0.45141546678962235,-1.9357991114088118,1.0580275357235809,3.2992822798871511,0.630700998502,0.00603579145845,4.0888119926752969e-07,0,2.0444059963376485e-07,7,1,1,1,0,0
783,7,-5.0623928428057097,-2.4006445024300231,1.1181384563681591,-2.7816946412858958,-0.97471758697577182,0.56108033488366682,0.0436996251572,0.00365765932531,5.9849727810118804e-09,0,2.9924863905059402e-09,31,1,1,1,0,0
784,6,-4.8324726885074778,3.1202039208835397,-2.5447801894610413,1.4586255428160622,4.7780726215290823,-0.12910480276831135,0.0377807188691,0.242774503145,1.7955413421821621e-05,0,8.9777067109108107e-06,28,1,1,1,0,0
785,3,-2.4461971578794901,-3.1850448440555348,-1.7761502986386242,-5.8363383142160012,4.6881375894196538,4.7048288753478715,0.55702601978,0.185155946587,1.0753393084433383e-05,0,5.3766965422166914e-06,14,1,1,1,0,0
786,3,5.0692960788724024,5.885889776905743,2.2241232082495945,2.9199792502965511,0.7526005924948731,0.12691048459479853,0.157750425237,0.0313731568454,3.2471249852061171e-07,0,1.6235624926030586e-07,26,1,1,1,0,0
787,8,1.5640149393456908,-5.3573574316359043,-2.3153735213310589,-6.0512684114181265,2.9359507256410153,2.9688011811294666,1.90216849085,0.16680348645,1.2093738227077249e-05,0,6.0468691135386246e-06,31,1,1,1,0,0
788,1,-0.77012894676285115,4.7027301278519333,-2.007270404363831,5.7090157329908315,-3.7664167242882187,-3.2270571599781075,1.37222430883,0.0725783605219,3.4876078840707489e-06,0,1.7438039420353745e-06,38,1,1,1,0,0
789,8,-3.1744114647956878,-0.43692219173477476,0.061634919169353292,4.0283085811204646,2.1996256357126063,1.4709769485017239,4.9658634067,0.115320380665,2.8710842530024817e-05,0,1.4355421265012408e-05,16,1,1,1,0,0
790,8,-0.80088921025917892,3.8284083057430083,-2.2997078130192783,-3.1102155813824521,1.1921902352698381,-1.1195968804823095,1.25050878396,0.0930739487508,4.2025997987213736e-06,0,2.1012998993606868e-06,7,1,1,1,0,0
791,4,-2.4753343381057178,2.8745603564721072,0.80505117367241008,1.4782789385635891,1.4888497386877202,0.49264532168841257,0.180575013807,0.0290560878674,2.8978249373643658e-07,0,1.4489124686821829e-07,10,1,1,1,0,0
792,0,1.9248658157461165,3.1501933479843927,1.2806655714318045,-3.0175982058873014,-3.2477714655115459,-6.1676698857696293,0.0290480020612,0.0713595067256,1.5520102754563678e-06,0,7.7600513772818391e-07,30,1,1,1,0,0
793,6,3.3344350370241624,6.1900436389197528,0.21108341263677796,0.46902780217723117,5.4004670309321865,-1.5061389899806463,2.39806575251,0.381814925634,5.0158650218996033e-05,0,2.5079325109498016e-05,15,1,1,1,0,0
794,3,3.7249124968390523,-5.2682212443653391,-1.8971501473833285,1.5972342160137651,-4.9438679311495299,0.70181730407203391,0.0739723677321,0.0969096595837,2.8662809627480116e-06,0,1.4331404813740058e-06,7,1,1,1,0,0
795,5,-0.02791681814861716,4.6149227021627066,-0.81890530063658451,3.9008362411531183,-1.3354232687230383,-4.4634142191578983,0.272162048705,0.000972006879989,7.4359982493739303e-08,0,3.7179991246869652e-08,17,1,1,1,0,0
796,0,1.6300769367891739,-0.057867781924683448,-1.5301773630388926,-2.6026254467749044,4.390082506059005,-0.2733688408380438,0.104393041686,0.0300474621293,2.8592173863975119e-07,0,1.4296086931987559e-07,29,1,1,1,0,0
797,2,-0.19107276845825816,-1.4425302938152103,-2.0988362993005349,-4.6603358912163859,-4.2122620314518118,4.9287376495827289,1.32133700969,0.0249415912671,1.9354288038990989e-06,0,9.6771440194954946e-07,9,1,1,1,0,0
798,9,5.8074006622434613,-2.9023389791403069,1.0774501671836991,-2.2460880403083108,-1.8499117518898902,1.7924476317195086,0.602232347584,0.00711415856533,3.7810086950166909e-07,0,1.8905043475083454e-07,51,1,1,1,0,0
799,1,-5.6899631147628016,1.8588187209494498,-2.0008614811489163,-2.5884962246893717,1.9959098252626848,4.5737166012796102,0.033827105259,0.00314775323711,4.1625291961050524e-09,0,2.0812645980525262e-09,12,1,1,1,0,0
800,13,-0.76614350341240356,3.1771180913832042,-1.2644320894189711,5.3748242217951008,5.0834303039535413,2.8610974909193287,0.0474917038743,0.0102125348409,3.4025800103664642e-08,0,1.7012900051832321e-08,17,1,1,1,0,0
801,4,5.1258113658805753,3.2408105812890868,-1.1816966986015658,4.1047581348912896,2.4704165805280018,-5.2833320892045341,0.693963951734,0.0529043047741,1.3341691421686889e-06,0,6.6708457108434444e-07,28,1,1,1,0,0
802,1,4.2847551946490459,-2.7502542488847967,-1.3289352999385136,-0.88934268590807497,4.587313493809555,-3.5820977762450346,0.0106363628626,0.250581017894,1.9127298788095988e-05,0,9.5636493940479942e-06,14,1,1,1,0,0
803,15,0.22087887635856793,-2.4757345104131274,-2.4318659695863261,3.5728149588839,2.0690210871453232,4.9010378339240264,0.115428177419,0.181499166205,1.0048014663492079e-05,0,5.0240073317460396e-06,13,1,1,1,0,0
804,11,-2.0103011833414617,-3.1903911511296119,2.0177605157371619,-0.22420554528069658,2.1257360066865956,6.0103433004779436,0.283736164349,0.0113392706007,1.1967363177185086e-07,0,5.983681588592543e-08,41,1,1,1,0,0
805,5,-5.1433143497561087,-3.0827290462288444,-0.21772496288281684,-1.057962321967246,5.9080411333446916,-0.2326692979041535,36.0536964057,0.0171859510481,0.0012999589953746299,0,0.00064997949768731494,60,0,0,0,0,3
806,11,1.9482151216870802,-0.4508043555173919,-2.3201061353218844,1.1551991197139482,1.1187415373109624,2.6173092694598217,0.803581345182,0.02746635108,8.7554649434470029e-07,0,4.3777324717235014e-07,15,1,1,1,0,0
807,4,2.9849141557704608,0.98167926417290852,-0.055490546415720043,-0.46382333235149187,-2.1321227649449419,-1.6402089005231524,121.545060442,0.488129807044,0.014845783126224229,0,0.0074228915631121143,60,0,0,0,0,3
808,3,-5.7275183032609451,-1.7398514494956672,1.1740307701579107,-1.218931746864615,1.7074895590802435,-2.6948405111448879,0.126260801491,0.0157979158855,9.1966422491765822e-08,0,4.5983211245882911e-08,12,1,1,1,0,0
809,14,5.5535324746031414,1.3380060683657136,-1.6472477572964841,1.6311938780604303,-1.8502725250596921,-4.1232981598685559,0.0509391515168,0.165052891749,8.3011217799378429e-06,0,4.1505608899689214e-06,7,1,1,1,0,0
810,1,-1.1622770861297707,-1.9625989432234181,2.6274892436576507,5.5150621927808459,2.2976353582884044,-1.4729739714472885,0.293423430429,0.0127930854464,1.3595192103304035e-07,0,6.7975960516520175e-08,12,1,1,1,0,0
811,11,-3.5547818516681176,-1.8748010330228837,-1.5317289376523067,-0.1844084246040327,-1.9220198304128455,5.8447950515274147,0.0223912932022,0.00487561283102,7.7426136130660121e-09,0,3.8713068065330061e-09,10,1,1,1,0,0
812,0,-2.8605345722523188,-1.8580286894480524,3.0064150760451129,-2.6035904513195449,-3.7932225548107672,4.4980500380140143,0.170467343806,0.121286813949,4.5101309999559043e-06,0,2.2550654999779522e-06,14,1,1,1,0,0
813,9,3.0583734547473598,-2.7166195764293897,1.5842808051541883,-4.3092407714825001,-1.2175425091485346,-2.4753757554578195,0.0209767006873,0.0690986289011,1.4548726040207021e-06,0,7.2743630201035105e-07,18,1,1,1,0,0
814,5,-2.0185593692419421,-3.2740730890397702,-2.7719100550898594,-3.9785096584880311,4.4315727266285405,-3.0075361156142542,0.117025017401,0.0127438896974,6.3166772107184468e-08,0,3.1583386053592234e-08,9,1,1,1,0,0
815,0,1.2120290832426668,-2.1536449038855343,-1.3958592033040378,-1.9901064316348649,3.5041077392711717,4.9840550683089626,0.222304927025,0.00281816084069,5.1838761425735427e-08,0,2.5919380712867714e-08,15,1,1,1,0,0
816,8,-2.085342069485526,4.5871993450082202,-0.35453513277332138,-0.93723981332469486,4.8412717586970873,-3.0555514654809581,0.200018682382,0.249259677512,1.8966005600762717e-05,0,9.4830028003813585e-06,46,1,1,1,0,0
817,6,5.9027455246519684,-1.832213622405314,0.83175330689497262,5.6912623769896298,1.3861941674579896,-0.97015885707117633,0.117017208477,0.0461503594695,6.6248416858416439e-07,0,3.312420842920822e-07,18,1,1,1,0,0
818,9,4.2985400068009589,-2.2276360325755902,-2.339836391525985,0.43841109676143486,-1.970303287327277,-2.9625346148004241,0.119222725937,0.00288673151236,1.675250199677491e-08,0,8.376250998387455e-09,17,1,1,1,0,0
819,1,5.8521110550564561,2.6771111218019117,-3.0231105734155777,-0.70383223034489506,1.9817434991769052,-0.78826710776477926,0.220453897099,0.0820842531603,2.101058670515643e-06,0,1.0505293352578215e-06,30,1,1,1,0,0
820,2,-4.1859246421241467,1.0039581792469983,-2.3715796300664596,2.6574634515782027,3.8997109475357692,-0.9969354113292942,0.131357018441,0.0198116819563,1.3681783880170908e-07,0,6.8408919400854542e-08,39,1,1,1,0,0
821,12,-0.60809273468248837,0.14916761447731094,-1.0929136842505578,3.4209515080726134,-1.7364983583641489,-4.3767197529792741,0.146075016859,0.0849005763362,2.2170531290826891e-06,0,1.1085265645413445e-06,30,1,1,1,0,0
822,8,1.7782644196268274,-2.0758514953652734,0.85621523836145219,3.2544137612098507,-2.1749965512737401,4.5384939598813379,0.115846871658,5.66713413929e-06,1.3420507456051631e-08,0,6.7102537280258155e-09,30,1,1,1,0,0
823,6,4.8129752298612649,0.57413112200925265,-2.2558746070597007,3.2146739971514471,4.8566861039259512,-3.360110932679492,0.854509752047,0.00904631669557,7.551155405232343e-07,0,3.7755777026161715e-07,9,1,1,1,0,0
824,9,-1.7215880964272059,4.6579321877417756,-1.7561824298302804,3.5262877437368565,-3.0102818458537435,-4.6717862533028294,0.0994788508944,0.00236871817862,1.1605197056312599e-08,0,5.8025985281562993e-09,9,1,1,1,0,0
825,6,-4.9092775333434799,4.811074122754432,-1.4970821720769991,1.0753980555146108,2.2277004276788746,2.702291519839934,0.395917569026,0.0167089539708,2.417965977746652e-07,0,1.208982988873326e-07,21,1,1,1,0,0
826,5,-1.2289146105003899,1.5592721829939407,1.0253073437399634,4.9757250078218727,4.5696087169100315,-3.528466178203268,0.482073953316,0.000548840079752,2.3248705497963423e-07,0,1.1624352748981711e-07,20,1,1,1,0,0
827,7,-5.212557155092485,5.0293529046612999,2.6757218781150716,0.47102092416631164,-3.7702434253028225,-0.31915580095191398,0.0652329746052,0.00430527781152,9.9015518875398171e-09,0,4.9507759437699086e-09,12,1,1,1,0,0
828,7,-5.781864603909983,5.7141459041489204,2.7380416781342878,-4.0048025753288048,1.638913400007711,3.6513389402867396,0.0893872975731,0.0204386109579,1.3524000058241073e-07,0,6.7620000291205367e-08,18,1,1,1,0,0
829,11,-5.6438886250254052,5.9889352957278383,0.20807155242634251,5.0816918178533355,-4.3430884393992315,-2.1848995566291043,0.6621807352,0.313236035498,3.0326574024510112e-05,0,1.5163287012255056e-05,20,1,1,1,0,0
830,4,1.5212939305441102,-4.7678515791018157,0.96105151231555186,-2.3897145434166118,-4.6242297883553469,-3.8999227942881096,0.230094576403,0.0450308662798,6.7064029596015191e-07,0,3.3532014798007595e-07,12,1,1,1,0,0
831,5,3.3512725479314076,4.1234580538303378,-2.6423043284117207,0.63101344678202509,4.4723993415719079,4.30422864104158,0.0452049265756,0.178011904357,9.6548328107693529e-06,0,4.8274164053846765e-06,20,1,1,1,0,0
832,7,-5.90532239416987,-4.0237795901475195,-0.84657299011369169,3.9544856830608999,-4.0214012782950768,5.0860162084859297,0.0480902557854,0.0523505077293,8.3713975883322548e-07,0,4.1856987941661274e-07,14,1,1,1,0,0
833,8,0.87157135132089791,0.44003552651629119,2.348333652252006,-3.0980930287106694,-4.0068485518754624,-2.1425862388840593,3.79918630282,0.0345311794066,1.4797043091111213e-05,0,7.3985215455556063e-06,26,1,1,1,0,0
834,5,3.6517346031762266,-1.7942076857827374,1.4494889382530123,1.959997230651912,-1.9653693114664803,-1.9713730924336224,0.227052255164,0.0181392509989,1.5178173545390769e-07,0,7.5890867726953846e-08,20,1,1,1,0,0
835,3,4.5401740034496907,0.81182486334840609,-2.0755274870639959,-1.0765711665897626,1.9143859841469359,5.6684152353978225,0.630207982973,0.0449588380434,1.0128844145753413e-06,0,5.0644220728767064e-07,54,1,1,1,0,0
836,0,4.6389855995744496,-4.3657714377401549,1.9288563453450716,3.5297735827410746,5.4469038936429524,-2.5718746610950793,0.102147745539,0.0260484665143,2.1712396795764774e-07,0,1.0856198397882387e-07,20,1,1,1,0,0
837,6,-2.179708357072407,-1.1500023645301818,-1.3424874899597763,-3.0263713415935674,4.7237370711270232,-2.7630921435206854,1.10064308441,0.113139772386,5.1107034090232723e-06,0,2.5553517045116361e-06,16,1,1,1,0,0
838,0,-5.5713403485744655,-1.6028563574481629,1.2336035615711494,-4.3744530151001735,-2.2456669685706143,0.99988962433552442,0.0494823624574,0.00475705267568,9.3418593747859815e-09,0,4.6709296873929908e-09,41,1,1,1,0,0
839,14,2.0868983190330264,-3.562848264878939,-1.7005000092130911,0.79928987908112825,4.88678080113118,-0.55273313672320101,0.227864182134,0.0214747212783,1.924005678750746e-07,0,9.6200283937537301e-08,39,1,1,1,0,0
840,11,1.1219597457153625,-1.2141879251216621,-2.1655832981250742,-3.8593288710064098,-4.8647943140547891,-0.87921001911059682,0.0629239703045,0.00059806861745,4.0683834469734531e-09,0,2.0341917234867265e-09,14,1,1,1,0,0
841,0,0.21532905431984345,-5.671949288881919,-1.9672568553401431,5.7791873904198736,2.3734661045625014,4.2990736139986261,0.0653519525317,0.0092925047366,3.0574788157111284e-08,0,1.5287394078555642e-08,19,1,1,1,0,0
842,0,-5.6716548354088276,2.6541820271051231,-1.340362141386555,-0.26050511641371588,4.1540118395949879,1.0110853135415383,0.0512671586263,0.00739291756068,1.9277256712040036e-08,0,9.638628356020018e-09,14,1,1,1,0,0
843,3,-2.9138313888808312,2.2477238819200056,-0.87371257215649134,0.12822988864523877,-1.4649382342305666,-1.951279635688951,0.243276450115,0.0398523812015,5.4298056025183097e-07,0,2.7149028012591549e-07,12,1,1,1,0,0
844,11,-1.4748348653961632,1.9057354031777267,-2.5967105430546953,4.5411776467016631,1.9268293779926953,-6.0749446144849832,0.1051483909,0.0123457035071,5.7484873113223156e-08,0,2.8742436556611578e-08,23,1,1,1,0,0
845,0,5.1714049220025817,1.1848512744991044,-2.1801382002980594,3.5455926024147093,-4.7152668936600532,-2.2895129806770402,0.0276445450117,0.00705039913132,1.590618253556389e-08,0,7.9530912677819449e-09,11,1,1,1,0,0
846,2,4.8591313267846843,2.5407820105059367,-2.8524875200116218,4.0571352720781588,1.981346781189822,-2.2550492050696089,0.013059920927,0.568847774136,9.8570648268147211e-05,0,4.9285324134073606e-05,44,1,1,1,0,0
847,14,1.0648883414675192,-1.335633656675306,2.5283046557225974,-2.8605289762190651,1.6058034421514351,-2.4962320074427868,0.159439473903,0.00181638366885,2.6425954748637404e-08,0,1.3212977374318702e-08,20,1,1,1,0,0
848,3,-1.6171861870794919,-4.1358438929271344,1.1329718313916781,2.5902341110235767,2.3907441022892866,1.185040211769911,0.0143470105267,0.00192738224463,1.3374302078474148e-09,0,6.6871510392370738e-10,8,1,1,1,0,0
849,5,-1.4843283352989021,-1.6551885849409984,-1.2204363198430468,-1.3885581202448725,5.4664888925216477,-3.3210612781562499,0.0598742942566,0.0122873248242,4.9575566940150416e-08,0,2.4787783470075208e-08,15,1,1,1,0,0
850,13,1.2175905437689565,5.6481477161479141,-0.90595065995023272,0.69765212239681007,1.103104250263377,2.8609661909542465,0.0715117408054,0.00511783235483,1.3092531896187265e-08,0,6.5462659480936323e-09,56,1,1,1,0,0
851,15,1.0395004824092144,-4.2851311463741233,2.0053870646264427,2.1970567301576573,-4.489899055720378,4.7784447279272042,0.613451841608,0.0180805245394,4.7590423157152459e-07,0,2.379521157857623e-07,5,1,1,1,0,0
852,8,1.6462053407121624,-0.69947567054145754,-2.2768458729900578,0.7398154666945469,-3.7770064602114881,3.36291469035331,2.57171506399,0.564865101547,0.00010380878531207991,0,5.1904392656039956e-05,18,1,1,1,0,0
853,3,-3.1701454869449566,4.4553278308804565,-2.567950037860864,3.6621855985960763,1.4942543362296079,0.89358918475076221,0.0210184904064,0.0158157031594,7.6637701936368389e-08,0,3.8318850968184194e-08,15,1,1,1,0,0
854,7,0.60084423669483011,4.6536445747538755,0.8147461377892532,2.5318974575475206,4.3555119472624497,1.1930177960645179,0.0727783019743,0.00208447980163,6.6202609990258091e-09,0,3.3101304995129045e-09,24,1,1,1,0,0
855,7,-4.8522546347160507,-0.80620391093341282,0.2344944306224695,4.5875232684078542,1.5343475692899333,2.7311092569575735,2.85080204714,0.00631363793623,8.1392149788575555e-06,0,4.0696074894287777e-06,12,1,1,1,0,0
856,10,1.5458058832654673,-3.3040942760011842,1.7200236958542436,-0.024894705793177312,-5.2079073393698136,3.1629900617134989,0.10814913247,0.0196617297983,1.294563393029749e-07,0,6.472816965148745e-08,29,1,1,1,0,0
857,8,3.0327307847015197,-0.87587161725177787,-1.8631674401312963,4.0895319812913806,4.4809031167266626,5.820845853155669,0.122933620519,0.00660062245089,2.8384312821589022e-08,0,1.4192156410794511e-08,18,1,1,1,0,0
858,1,-2.9920725873582446,2.3612097354960864,-1.0154911041767358,-0.82575775140235652,-3.5732486006321271,-2.5797241553960633,0.464471269636,0.0843329237489,2.3821854523121401e-06,0,1.1910927261560701e-06,19,1,1,1,0,0
859,11,-1.7386786490232851,2.1891913626416653,-3.00531826208818,3.6838134676424126,4.3187945459887889,3.2305527784843902,4.89854039113,0.0700274660288,2.5489494878582296e-05,0,1.2744747439291148e-05,28,1,1,1,0,0
860,2,3.8994000983005743,-3.7855342781943722,-2.0728455926880023,4.2279651899625863,0.98309457897234664,-5.6474964100919358,0.0646363176296,0.0028615026086,6.6721210540979196e-09,0,3.3360605270489598e-09,19,1,1,1,0,0
861,7,-1.4571476509155989,1.9254060586103663,-2.1205843215400066,-4.6935551552924499,4.0342562170635805,-3.5404118895544188,1.36492134344,0.0847416505643,4.0505128477098807e-06,0,2.0252564238549403e-06,49,1,1,1,0,0
862,12,-1.6830718408854015,0.82811399929943152,-1.4358250942734487,-1.9995731239449885,2.211158315166839,1.2646157868495558,0.0269864590233,0.00200075973565,1.9476645404447864e-09,0,9.7383227022239321e-10,11,1,1,1,0,0
863,13,5.8261113199693986,3.8332831944086871,1.8026664539881099,-5.4925924758808904,-1.6544339396034178,-4.1972368785475025,108.360062423,2.2342262402,0.013262482279320326,0,0.0066312411396601632,60,0,0,0,0,3
864,7,0.11863714070093534,-3.1692185531823251,-0.92688760700205319,0.92012319893529959,2.1502204896401418,-2.8090109933839984,0.160317555381,0.00669281265976,3.9346672460307961e-08,0,1.9673336230153981e-08,12,1,1,1,0,0
865,14,3.6913638333200374,1.4176148931787096,2.2794404818028409,2.1888705289183044,2.5034890082741725,1.1796440787216824,0.014484392237,0.0891990126493,2.4238872885512222e-06,0,1.2119436442756111e-06,19,1,1,1,0,0
866,12,-4.4342490319187586,-0.35496556059949308,-1.8200517218265595,-0.049770054243585382,-4.6546874105794993,2.2872572298543248,0.0568630634441,0.00415787610718,8.4996137482891723e-09,0,4.2498068741445861e-09,16,1,1,1,0,0
867,1,1.0835671540675871,2.858731848737571,1.14646618540337,2.9328240890736339,4.3344788201736648,5.9261315429810821,0.039892726634,0.00332260048896,4.9543066502757375e-09,0,2.4771533251378688e-09,27,1,1,1,0,0
868,6,2.0529481351133043,-0.74614554775876507,-0.98584384847513351,-0.28871070497650336,5.0565772942513263,1.8345649763075462,0.09878451236,0.50500528283,7.7696441204100851e-05,0,3.8848220602050426e-05,20,1,1,1,0,0
869,10,0.20685357650392369,-0.36729577915261347,1.2122014490973256,-5.2578872265301779,4.5833208397679881,0.8091108712351186,0.13201110202,0.219893540954,1.4746644617989376e-05,0,7.373322308994688e-06,26,1,1,1,0,0
870,5,-3.790589164464623,-4.2431323529346638,-1.6484272135433886,-5.989332714939624,-1.6728962263881404,-0.9961712836498402,0.0827411754679,0.0026671426205,9.0130437523799981e-09,0,4.506521876189999e-09,22,1,1,1,0,0
871,13,-2.429975873449628,1.7359477422075109,2.7353899584779771,-6.2831853071795862,2.5903554412818686,-4.735980598767096,2.55078450294,0.452945153629,6.9001601906680068e-05,0.0075689999999999993,0.00026157080095334003,23,1,1,1,1,0
872,5,4.1674012194513921,-1.8215565964215521,-1.2931827042331818,1.4886905896427844,-4.8291340090988903,0.69577770566968367,0.0528758507072,0.00562655907495,1.2439484742006505e-08,0,6.2197423710032525e-09,16,1,1,1,0,0
873,11,-4.3419686860970081,1.059447786713771,0.065611304383913355,-5.8439764220289607,-1.127978126790695,5.7502945132393091,0.508863134426,0.153690261689,7.4542173225403779e-06,0,3.7271086612701889e-06,16,1,1,1,0,0
874,14,5.1220749711914433,-5.0448067290521257,-0.15292366165214216,-1.5664252582037854,2.2272276416435512,-0.5308371023249322,25.0766300906,0.000381348095481,0.00062883742099928549,0,0.00031441871049964275,60,1,0,0,0,2
875,6,2.3636844544600666,-2.5583530647075468,-2.9656056912864304,-5.2603799072324957,4.4374049557397992,-0.95421315935124318,0.339015360094,0.00964051604818,1.4324242019819755e-07,0,7.1621210099098776e-08,12,1,1,1,0,0
876,1,-2.4401208219328141,-3.307592512503184,2.6436283816781851,-5.5441739346352827,1.6188781064285154,-0.40413835324858366,0.154753812553,0.0193359237424,1.378384780216791e-07,0,6.891923901083955e-08,6,1,1,1,0,0
877,10,-1.1049571498685109,-1.8855232444917014,-2.5828217379374472,-2.1402668248949679,1.8718523613432065,4.8069881428183932,0.215614282892,0.0299353694403,3.194652135555563e-07,0,1.5973260677777815e-07,21,1,1,1,0,0
878,10,5.881286417163305,0.81322130790372293,0.53602049349685021,-2.7417384488838654,1.7145026274332582,-0.4212568901023977,0.382064186262,0.1414332882,6.2393495253262819e-06,0,3.1196747626631409e-06,13,1,1,1,0,0
879,10,-2.2299720389486013,-5.7726545727974328,-0.72855045061765722,-4.7073955036826014,-1.4371490224029371,-2.0255532977845334,0.0372090689202,0.209558401107,1.3378574270217615e-05,0,6.6892871351088074e-06,14,1,1,1,0,0
880,0,-1.5983095105730323,2.1968565023479489,-2.3014879463007318,3.768734059300098,-4.8473503552592527,-0.75865515366163405,0.244346891198,0.0228161665652,2.1828236490747451e-07,0,1.0914118245373726e-07,29,1,1,1,0,0
881,1,2.3304676897463961,-4.5155574213666183,0.99549973129036062,-4.3112675252298853,1.6430424234630117,-3.7626668879622551,0.291142939254,0.0298944268423,3.5699371868292451e-07,0,1.7849685934146225e-07,16,1,1,1,0,0
882,6,0.13331324247603271,5.4710296629338897,-1.8679683512234655,-5.596244240820595,-2.844783003631572,1.2324065163952105,1.8547205154,0.60746279707,0.00011584718206034604,0,5.7923591030173019e-05,27,1,1,1,0,0
883,15,0.17136142868742532,2.0570526351867056,0.54355152037015142,-0.02680167267913007,-1.4956378892035058,0.48436420680947739,0.0154946484788,0.108254415548,3.5700572576279116e-06,0,1.7850286288139558e-06,10,1,1,1,0,0
884,8,-5.2106217687277621,4.0897979951348953,-0.44834891381493763,-5.0329858605745015,-4.7955092610520538,3.684797187629886,0.182165316903,6.1952170031e-06,3.3184214373683947e-08,0,1.6592107186841974e-08,17,1,1,1,0,0
885,4,-3.1959731166746455,-5.5472988282630178,-2.114666404585734,2.1978778757255459,4.6307712013602966,-1.0967515424344885,0.134376919377,0.00413499807985,2.3265568806439726e-08,0,1.1632784403219863e-08,32,1,1,1,0,0
886,7,-2.8739886145783839,-0.70953022530370113,-2.3867944019471259,1.6322873471465369,2.882824868187833,-5.077841535082773,4.5107503381,0.142059895201,2.649435697253451e-05,0,1.3247178486267255e-05,41,1,1,1,0,0
887,0,0.64741050606869088,-4.2654779836507686,1.945313402351373,-5.2955278322978323,-4.3968940603267477,4.1619621147716392,0.0557163312088,0.00153178645749,3.8190546628867992e-09,0,1.9095273314433996e-09,11,1,1,1,0,0
888,2,6.0383047542741961,2.4533498328330596,-0.85741497797936084,0.8915838327304102,1.1191135229444105,5.5479247064242987,0.305959816738,0.147761412258,6.7444560297827652e-06,0,3.3722280148913826e-06,10,1,1,1,0,0
889,5,-4.2439998533642651,1.2745104521249744,2.8655256043488402,-2.6873508870648042,-0.79380768471032037,-0.39830888193849318,0.048205019152,0.342871298914,3.5813369239414351e-05,0,1.7906684619707175e-05,59,1,1,1,0,0
890,6,4.1420137872055536,-3.0417912723212406,-2.7534324393043059,-2.3705525818660833,-4.7079547292501811,0.058093684938096316,4.24829428275,0.0168658942828,1.8134655293599341e-05,0,9.0673276467996704e-06,18,1,1,1,0,0
891,8,-6.1412205057401277,-2.2960813200191179,1.7280725145468661,1.0754702641362806,4.6189553947552096,1.0961521742157405,2.85569986561,0.275760457223,3.1319296936929834e-05,0,1.5659648468464917e-05,28,1,1,1,0,0
892,7,4.1669390959571446,-4.8881020189254132,-2.5304893876602299,2.1624789559740578,4.6942800691526951,-2.7781820932232142,0.459708667072,0.109568914786,3.8683699119950798e-06,0,1.9341849559975399e-06,14,1,1,1,0,0
893,1,-2.0343359479004204,4.886815287980963,-0.55478279640768158,3.9249883421838789,5.6034441633402174,-2.221259324095588,0.0463617086679,0.0789088841498,1.8988838888012904e-06,0,9.4944194440064518e-07,26,1,1,1,0,0
894,15,0.15910720639895143,5.0927381395726616,-1.3380690197920375,1.639564342908812,1.8132331073291015,-1.8348528308611738,0.71309219999,0.0128177529663,5.5854754103679311e-07,0,2.7927377051839655e-07,15,1,1,1,0,0
895,0,2.510255047567953,1.7189041156438676,-1.0321744348027384,5.9389972735400614,5.0253723675197159,4.2395714129185862,0.0897769820665,0.420515659824,5.3874600086903128e-05,0,2.6937300043451564e-05,7,1,1,1,0,0
896,9,-2.103112399180771,1.7889828907369942,2.6658627248527749,-0.016009475804367956,1.8655030594496842,6.0532452095046105,0.349452233709,0.0374195168009,5.4864833955851324e-07,0,2.7432416977925662e-07,56,1,1,1,0,0
897,3,3.363139616548259,-3.6645204188321778,0.75477959076291712,-2.2478861976832247,4.5371521673105351,4.5452038768086833,1.71559401922,0.0187417241731,3.0502603852584188e-06,0,1.5251301926292094e-06,58,1,1,1,0,0
898,1,-5.9726932748976553,-1.9276409677033659,0.94690688025574576,-5.302928019351171,3.7677133990968468,-3.1393223250009994,0.349191631864,7.83237811819,0.018687226943605154,0,0.0093436134718025768,60,1,0,0,0,2
899,0,0.39351116671380298,3.0188973531773264,1.1161054456583406,-3.2096573470404919,-2.2740680846522681,0.24774076818117546,0.442434576105,0.00449514970948,2.0190356670291899e-07,0,1.009517833514595e-07,44,1,1,1,0,0
900,4,3.9569409397841944,3.7245269511992021,-1.5056865252258371,4.138260390684569,-2.3437686536770359,-1.9245331541076844,2.62318936061,0.0113241876832,6.9201857147217677e-06,0,3.4600928573608838e-06,8,1,1,1,0,0
901,12,3.4164816743797051,2.0502501980676544,-1.7772766708296637,1.1876302573379578,5.0029939952342266,2.9300371793944722,0.0385500156716,0.495817706077,7.4887169707352653e-05,0,3.7443584853676326e-05,9,1,1,1,0,0
902,0,-5.9581994989588924,2.8072647472213275,0.51792791291759754,-4.0684680666728541,-0.059804801497379843,3.080651662727214,0.358797052117,0.0242542155678,3.0793169201088805e-07,0,1.5396584600544403e-07,13,1,1,1,0,0
903,5,0.72670974647026954,0.89458292981453047,2.0079575926837281,1.4835558587077289,-4.5691760257984537,3.2881304225712906,0.0170356756682,0.236713339429,1.7068980563161385e-05,0,8.5344902815806927e-06,27,1,1,1,0,0
904,12,-4.8900036338004256,1.8943466824443758,2.6554439966800136,-1.7499675909408987,5.8776702069983537,-0.69771592689024275,0.242616534282,0.0175222455128,1.5238919123507272e-07,0,7.619459561753636e-08,12,1,1,1,0,0
905,2,4.9098111967589988,3.6526984524477544,-0.52494106516372208,1.0981575424155803,1.6943548941186564,-0.16842986707847549,0.0404203922942,0.145110592933,6.4159884597041874e-06,0,3.2079942298520937e-06,20,1,1,1,0,0
906,14,-0.34370387070757663,3.1353663317317055,-1.4427064267238066,-3.4874552261770622,-4.9083555599795581,-0.89969298994910152,0.0223527117559,0.00361370170822,4.4775938800246346e-09,0,2.2387969400123173e-09,24,1,1,1,0,0
907,7,4.9729529898812705,-3.2017457911832867,-2.3620775211876777,3.5838227127259383,1.9734290708375852,-0.11374574205550365,0.753919203001,0.0960212764489,3.3769928292815454e-06,0,1.6884964146407727e-06,11,1,1,1,0,0
908,2,-2.6182582047233138,0.92698666175242816,-0.47911055750781972,0.60921450731648619,-1.798001497684961,-2.3556519121635051,0.261163396763,0.0217867569017,2.1279686999271941e-07,0,1.063984349963597e-07,9,1,1,1,0,0
909,7,-3.2514881416042698,1.0103713879837164,-1.8866923716076356,2.6414237270143919,4.7845031596972438,-1.5256963261760206,0.23962536634,0.00113867252056,5.7815275557720318e-08,0,2.8907637778860159e-08,33,1,1,1,0,0
910,6,5.8641047002559521,-3.4719302471158118,2.292080271787817,-5.7132295218552374,0.42599388062476867,5.1223845465537119,0.0444426968316,0.00488818062971,9.2537763214283879e-09,0,4.626888160714194e-09,22,1,1,1,0,0
911,11,-3.4463277851483189,5.0301677256756721,-1.195116899303416,4.4612137154427147,4.2666344030853223,-1.5860331745542864,0.431541600724,0.0438926405245,7.7309307505525358e-07,0,3.8654653752762679e-07,29,1,1,1,0,0
912,14,-1.579016601497643,0.88425551939587654,-0.45243556115229433,5.6662337943212258,-0.12800407455251261,-1.6274606176826951,2.36022030249,0.356355092077,4.425368666898707e-05,0,2.2126843334493535e-05,10,1,1,1,0,0
913,14,1.1143976097639821,-1.2375786609952382,-1.3713204660289933,1.8465426205370692,-5.5670192242240013,-3.2754939750945735,0.0408002792737,0.00504378142416,9.4140480227492366e-09,0,4.7070240113746183e-09,16,1,1,1,0,0
914,8,-3.4161396122587644,2.0010313535341924,1.7453192928712777,-1.6320549442669015,5.0628233914331249,4.7835272094398382,0.0582110368211,0.000197753350466,3.4004372946770653e-09,0,1.7002186473385327e-09,9,1,1,1,0,0
915,11,6.111047007398402,-4.2305952891181775,-1.908580478511837,3.8185164325596448,1.6205818298161097,-0.20076404397529846,0.428822344324,0.0389595277076,6.4625056935968598e-07,0,3.2312528467984299e-07,6,1,1,1,0,0
916,0,3.2398994223919262,1.5284198595067693,1.4337474087199071,5.125380789463561,-1.8082010998340654,-2.4833672017567885,0.318661843342,0.0207544498925,2.327584681040216e-07,0,1.163792340520108e-07,7,1,1,1,0,0
917,2,-0.47516853238979839,4.9702561237251528,-0.3070309582624598,2.6100469604393055,3.9224737137193424,-4.845530344924466,4.12241274241,0.0282967897913,1.7238196518956744e-05,0,8.6190982594783719e-06,60,1,1,1,0,0
918,0,-3.2538712771736247,-0.31800606628973427,0.85855940845576606,1.4155084732995573,5.9728207518084444,-2.3209436923969493,0.115696461966,0.0547319735112,9.2589424021434271e-07,0,4.6294712010717135e-07,10,1,1,1,0,0
919,11,-5.8936292293807471,-2.2574896473653254,-1.7559943125370929,1.992993425401967,2.0811607783293677,4.2866906768952457,0.0420341654642,0.0140566861261,6.1956356458063424e-08,0,3.0978178229031712e-08,17,1,1,1,0,0
920,14,-2.3933956997032042,0.16951738756155213,0.68124627343297528,3.696767328075468,1.5173738926393774,-5.9720974830244975,0.0430480632336,0.27461104868,2.2973426849396061e-05,0,1.1486713424698031e-05,41,1,1,1,0,0
921,1,2.8075580669791984,-0.55415416159956576,0.3035126986697157,2.0217142261690548,4.4950751751840565,4.9438935430810398,0.0227296380292,0.0143487197835,6.3233025252153495e-08,0,3.1616512626076748e-08,24,1,1,1,0,0
922,12,5.3367863386738712,-2.4323018241913337,0.86384721990540769,-1.7478125621087264,-1.6261647166930719,1.9132275752242467,0.211762506278,0.154204440988,7.2883439147017626e-06,0,3.6441719573508813e-06,19,1,1,1,0,0
923,14,-0.30289478034322481,-3.9886899778398797,2.3327890702547314,-5.3932348956624683,1.960186682254917,-1.324507468516845,0.0772819428725,0.0025732912328,7.9896227833653843e-09,0,3.9948113916826921e-09,11,1,1,1,0,0
924,13,2.0192061130683299,5.4991786843295465,-1.1941489261562146,5.7387569499531006,-4.7617580138780315,-4.5031523346155238,2.9788919497,0.0377805021105,9.3085978994745098e-06,0,4.6542989497372549e-06,8,1,1,1,0,0
925,3,1.0539135316780255,0.35125937553960729,1.2972552247438314,3.5784087351536971,1.5636913302855366,3.6098699173529298,0.0758090322433,0.0424731388861,5.5526694277469267e-07,0,2.7763347138734634e-07,29,1,1,1,0,0
926,1,-4.671982198611234,1.351544211153753,1.6464471783637151,1.604976940895229,-4.4489975384131002,-3.537594919308817,0.749993441353,0.0596449564781,1.6461729791430225e-06,0,8.2308648957151125e-07,10,1,1,1,0,0
927,2,5.69426278378406,-1.0076727123564535,1.9842978975559207,3.0761975952105152,0.51244558539229856,-6.1551405760444569,0.482777028525,0.143842689565,6.5358271985337891e-06,0,3.2679135992668945e-06,10,1,1,1,0,0
928,2,0.52158785248722472,0.079896827615847543,-2.4392386828365691,1.9529409355122316,0.65181929018052831,-3.5903257612941664,0.666187723893,0.0325941573102,7.6742526092858051e-07,0,3.8371263046429025e-07,9,1,1,1,0,0
929,5,-0.31069848169174669,6.0882221543815973,0.81380396152856194,-3.2428799182895154,-4.1931153054315953,-2.0535903809656935,0.870893342321,0.0153310901444,8.3005320028618677e-07,0,4.1502660014309338e-07,19,1,1,1,0,0
930,11,5.2030779613018909,4.5648850431480321,-0.66910313411175792,4.0690128863939723,4.0332178843337863,2.5562728392750493,0.179970097943,0.0371892522265,4.5368745898719612e-07,0,2.2684372949359806e-07,12,1,1,1,0,0
931,15,-0.54466730895788962,5.9324986746691133,2.7938219827855586,1.6463590119978262,1.6434252138399725,-1.7118511512167531,0.059400699597,0.0211685580302,1.4002989988554581e-07,0,7.0014949942772905e-08,18,1,1,1,0,0
932,5,-5.3093466384967707,4.7967084980039658,0.85460340496594689,4.13664283197045,-4.7988843602290761,4.623119138732581,0.267466518858,0.181533307421,1.0110004879087638e-05,0,5.0550024395438188e-06,21,1,1,1,0,0
933,2,2.9748529595481794,3.1126514875851874,1.0053366162333586,4.7963893729546587,5.6700552481549265,-0.532757579825059,0.0127338322389,0.109904432143,3.6796311525430229e-06,0,1.8398155762715114e-06,15,1,1,1,0,0
934,2,-1.1895494822744803,0.12421391065497447,-0.4710891833865446,-4.2733390408516749,4.67818965816745,2.659883367344408,0.695577683729,0.00416307842565,4.891077062219922e-07,0,2.445538531109961e-07,23,1,1,1,0,0
935,0,1.7210943289183798,-0.33488344736067166,-1.544560471372993,1.2307957213349663,1.1642402493423452,-2.6201200171772219,0.0671714481728,0.0243476156899,1.8509115633900126e-07,0,9.2545578169500628e-08,14,1,1,1,0,0
936,7,2.2894656524375998,-0.93405986595783386,0.52228219176270074,5.4156077771709725,1.9087065853429774,2.9582134552848478,0.275485756804,0.0132504880469,1.2937573772654845e-07,0,6.4687868863274223e-08,43,1,1,1,0,0
937,7,3.0266769948398884,4.7264146736893906,-2.5140296833969566,4.0210158852583113,2.4444882822441398,1.8017827715963897,0.0687899584352,0.0236856284843,1.75625171432614e-07,0,8.7812585716307001e-08,10,1,1,1,0,0
938,11,2.3262983981324816,1.4868811239428257,-1.5487329955343099,0.62287057093713016,4.6807642445985982,4.8428531577422111,0.0491258496167,0.0235499020035,1.7135352565719088e-07,0,8.5676762828595439e-08,23,1,1,1,0,0
939,15,-5.481285922376208,-4.8849979655642253,-0.75570255041003498,5.2670289863706907,-5.7328872909270832,-2.4696279701025747,0.223777421423,0.127170807085,4.9764754119046189e-06,0,2.4882377059523094e-06,7,1,1,1,0,0
940,14,-0.94641098019887115,1.3474509717386334,2.8896186713152758,0.56913599737947307,1.655663943960632,-0.63338343561861576,15.2491622149,0.107153691381,0.00023603453914550942,0,0.00011801726957275471,60,1,0,0,0,2
941,8,4.3270623076555967,-4.6357961285037046,2.0841245713120444,0.065637046111637481,2.3565141544532882,-0.21601088042027305,0.259638204453,0.0297118289396,3.3632605573785493e-07,0,1.6816302786892747e-07,25,1,1,1,0,0
942,10,-0.46986727674151241,-3.8187115833744358,2.0866274702886041,-1.8042953452970389,-0.9462947629569074,2.4902085576982804,0.177759090013,0.268253187295,2.1951798519617488e-05,0,1.0975899259808744e-05,34,1,1,1,0,0
943,12,-5.9001063606951689,-3.2365188568626304,-1.081142103750103,-0.75747919370184036,-1.7462361116185647,1.341284770208472,0.0224828793809,0.0627399227616,1.1995703921536991e-06,0,5.9978519607684954e-07,18,1,1,1,0,0
944,14,-4.6311598023517462,-0.26363461354232698,1.4416902753514138,0.51579019013132432,-1.4005672783380756,5.946135117297918,0.0196587396671,0.00159366486109,1.1601235257190203e-09,0,5.8006176285951017e-10,22,1,1,1,0,0
945,12,0.36143094827830546,-2.9615040031547379,1.1899595520921915,1.0761388929117015,1.6180993075185452,3.2718908992719569,0.00438659782928,0.0219660151127,1.4699892014026321e-07,0,7.3499460070131605e-08,19,1,1,1,0,0
946,13,0.27179065577056083,1.2221858529059511,-0.751996793974124,-3.5322504579993477,5.6526416558637065,-0.58019863593589049,0.231195546188,0.000839449434935,5.3666036965201651e-08,0,2.6833018482600825e-08,13,1,1,1,0,0
947,0,1.5369882818049361,-1.3205719060036551,-3.0179646163954441,2.7113376899501835,-4.1824155020456351,-3.8092477104496707,0.125750170451,0.0677503566294,1.4140408209299342e-06,0,7.0702041046496708e-07,9,1,1,1,0,0
948,15,2.7307048184716152,-2.4214054674399321,-1.7463269177284264,-0.48674450834232302,-1.2658660301532119,4.6269143544880302,0.0447906433712,0.0141216550309,6.2753355098176105e-08,0,3.1376677549088053e-08,21,1,1,1,0,0
949,11,-0.93419154052226616,0.68879862020438853,-1.7243973486132484,-0.42410815994002293,2.0269556112117941,-0.60149781843511285,0.491838157354,0.278069920363,2.3795801155154196e-05,0,1.1897900577577098e-05,10,1,1,1,0,0
950,15,-1.7424558723434727,-1.1966094222589769,-2.8577101778376677,5.2816881151055011,-2.6647501892927177,2.5962663009956874,0.101781375747,0.0188364050512,1.1844080245611606e-07,0,5.9220401228058032e-08,14,1,1,1,0,0
951,11,-2.9645864094638199,3.6856749548009646,-0.99651177945005509,-5.3500906640055677,-4.1497752229446192,-5.1241005327067848,0.16158601112,0.0105388202604,5.9942900462095758e-08,0,2.9971450231047879e-08,5,1,1,1,0,0
952,5,-5.1451358975179566,-4.0078187253034736,-1.7117839802538577,-2.3725263816916184,1.1130887503776756,3.2959628874029789,0.181676781206,0.0217475988414,1.7707771532238555e-07,0,8.8538857661192774e-08,25,1,1,1,0,0
953,1,0.2885576347398518,-1.4739534948424478,-1.0735252039528427,-4.7694044859700364,1.5001388822057995,5.248575786658435,2.14624517066,0.0173433991776,4.6979952709275576e-06,0,2.3489976354637788e-06,6,1,1,1,0,0
954,2,-1.5907043669548853,-4.9115839472746687,2.0895591318189743,-1.6778195631757413,-1.4133826008838015,-3.0514716140548397,0.0265406295849,0.0226117958134,1.56453253836842e-07,0,7.8226626918420999e-08,19,1,1,1,0,0
955,1,5.6017999953262594,-3.8177849327925806,2.491513924642311,-0.30562225125958797,-3.638037716139114,5.0088890271049449,0.138772582863,0.0871104875523,2.3307670180984267e-06,0,1.1653835090492133e-06,24,1,1,1,0,0
956,7,-0.77444151929136018,-3.3425443727175517,-0.85241169161309449,2.6778290901860138,-5.4627138204944119,-0.57265275284366879,0.860302218826,0.0100627834023,7.7096534878345792e-07,0,3.8548267439172896e-07,24,1,1,1,0,0
957,1,4.6203776351504011,1.0847194878228588,-2.763745752637178,-3.4867560107706215,4.4947674708285241,-2.8536508375854202,1.08915198044,0.0596535282471,2.2702463550476473e-06,0,1.1351231775238237e-06,16,1,1,1,0,0
958,9,-0.40124591691713113,1.8028639789756495,-0.33692280700327437,5.3664600775662956,-1.9126003366275219,-5.453347111081813,2.61481089793,0.0240520460158,7.0134574887738618e-06,0,3.5067287443869309e-06,13,1,1,1,0,0
959,5,-1.9989280355321475,2.8076416353252474,2.4716072938769598,-2.2176768336308936,4.0640553838976263,4.6358337721006198,0.0495961541436,0.00525596506837,1.0874886146838468e-08,0,5.4374430734192342e-09,15,1,1,1,0,0
960,13,4.6178738995330813,1.8319906983558947,0.97042279656030117,2.1971676698256326,0.0099486271245456497,5.9323484979779453,3.71859612346,0.032078182514,1.4141411437575369e-05,0,7.0707057187876844e-06,25,1,1,1,0,0
961,6,4.4954669690173867,2.1281791730073998,0.73918648949799515,-2.8354131349461134,2.8469749467014327,-4.1704169840590515,0.415064673537,0.132650307085,5.5323584727561885e-06,0,2.7661792363780943e-06,6,1,1,1,0,0
962,7,-3.3435638400818579,1.0201597230210637,1.1489358327428874,2.3408815510837755,-4.2888228745184254,3.8789760428672282,0.846342138865,0.0305328707669,1.0002764934102555e-06,0,5.0013824670512774e-07,9,1,1,1,0,0
963,5,-1.6680062325522809,-3.1996111733022503,2.3655239981644107,4.8421101507654303,-5.1683379792800181,-5.2855701707398666,0.0406207393132,0.00309220937927,4.5627227704058511e-09,0,2.2813613852029255e-09,31,1,1,1,0,0
964,3,2.0959614752957041,5.5416179891732487,0.98075548999145912,3.5937543434486368,3.0454677525047482,1.848347515281809,0.0426474773304,0.000659058576139,1.9511203988603555e-09,0,9.7556019943017777e-10,50,1,1,1,0,0
965,2,1.5484249982005818,2.3719842123197155,-0.33176503894148462,-1.3587746262801021,-1.07549716220618,-6.0262239144582521,3.08372025074,0.264701724184,3.0852960185732643e-05,0,1.5426480092866321e-05,17,1,1,1,0,0
966,4,-3.7076163576142314,-1.4690094128357216,1.2889466393375444,2.1910395372443339,4.8007516004790878,5.2901852424493763,0.119764899751,0.00228475092151,1.5933760576262701e-08,0,7.9668802881313506e-09,27,1,1,1,0,0
967,3,-2.5259400280653432,-5.5742110167469479,-1.5681917080647461,-0.48965197829738388,-4.8981743815306302,-5.355968507770922,0.0403088031291,0.0136968758845,5.8772370618119326e-08,0,2.9386185309059663e-08,23,1,1,1,0,0
968,12,6.0335637896504153,4.5757835533467341,-1.7642084701555019,1.5290670833025082,0.96740759091800843,4.9713509098661532,0.0250019126822,0.00166554781622,1.4701194473840503e-09,0,7.3505972369202516e-10,19,1,1,1,0,0
969,0,3.3464066575289064,1.2965319376523561,1.574683820747421,-6.1442733677347308,4.1940002922198572,-1.0085478977301785,0.0514975437296,0.000923795780478,2.9119571031779707e-09,0,1.4559785515889853e-09,5,1,1,1,0,0
970,2,5.6490362106818983,-0.1235144851172767,0.8243586885596238,0.86038409137513239,4.8828982031032027,-4.3118879178658034,0.184796043029,0.0694022426863,1.5013915578062438e-06,0,7.5069577890312188e-07,19,1,1,1,0,0
971,3,5.8354315057583301,-0.33470511301302275,-1.3216420598580148,-3.6485386932784363,4.7195575461690851,-3.5381698340547438,0.0580303779917,0.0191980006065,1.1563830409447883e-07,0,5.7819152047239417e-08,41,1,1,1,0,0
972,15,2.0846544728169958,4.5411548878173242,1.4920688311078407,4.1797734461545781,-5.5863103386923214,3.957773480639351,0.6774701782,0.00591235619779,4.6961403541474127e-07,0,2.3480701770737064e-07,7,1,1,1,0,0
973,9,5.0266345906936776,2.2554111705416298,2.7252449883948828,-4.6901577820880513,1.171972707058889,-0.066726736177501772,0.0387756738949,0.189887279635,1.0985148374710873e-05,0,5.4925741873554364e-06,10,1,1,1,0,0
974,1,4.929975478502743,3.5506163002515958,-2.94561672550173,0.93559855762196309,-1.896672701688507,3.1251552754344067,0.561766812992,0.000516164840786,3.1566311022378866e-07,0,1.5783155511189433e-07,19,1,1,1,0,0
975,14,1.1516280389246156,-3.140415018232527,1.2160749277154248,-2.4377343669736118,4.7616019328284693,0.81446409896612937,0.0451928470525,0.00878581042853,2.5555953670434322e-08,0,1.2777976835217161e-08,23,1,1,1,0,0
976,5,2.3995988112196427,-5.103221514194936,0.60899484765461875,-3.0389225220269367,-4.2257548176742423,-3.2222143550873166,2.12034702678,0.126712480175,9.3868248387076928e-06,0,4.6934124193538464e-06,11,1,1,1,0,0
977,11,3.8229162674129351,-1.5617246957782174,0.40113685316157277,-2.0406976703272393,0.44076762023702942,-3.6140794123847324,1.34056060457,0.224311495426,1.7124125292523129e-05,0,8.5620626462615646e-06,23,1,1,1,0,0
978,0,-4.1751710777584909,-1.7343843792330687,-0.74486456131840995,-3.8713407257582717,2.2681610917199548,-1.4643698393769071,2.69147914177,0.0100119223355,7.2745943908604169e-06,0,3.6372971954302084e-06,20,1,1,1,0,0
979,13,-4.1607092158366275,1.8696883594205183,1.0458351173028486,5.536291097490583,4.713372159802395,-0.44359622298776186,0.238173217823,0.0285938804674,3.0578473033637746e-07,0,1.5289236516818873e-07,9,1,1,1,0,0
980,15,-0.030324244638153912,-1.9588284492929404,0.99164746096434053,-0.23545591893435411,2.4905513811463109,5.0534651862842965,0.128523251932,0.00870833512,3.9618918949585078e-08,0,1.9809459474792539e-08,43,1,1,1,0,0
981,11,-3.6092137888922551,4.0016869986792862,-2.5117909790566437,-0.54254229996459047,-0.2701297295105517,-0.65893655413582342,1.446657296,0.0326439396822,2.4174258177221759e-06,0,1.208712908861088e-06,16,1,1,1,0,0
982,13,2.5316676628376329,-4.8945952708991252,-0.76770857572539863,1.1427217655174549,5.1034310535084568,-0.31438860970872556,0.216506299796,0.0288150989053,2.998018448040664e-07,0,1.499009224020332e-07,11,1,1,1,0,0
983,3,1.1986056877133784,1.3977252979143076,1.2948031473218615,-3.736532405114775,2.2028170712870914,2.7336861450169776,0.109611428371,0.0262492675902,2.2190339321365278e-07,0,1.1095169660682639e-07,13,1,1,1,0,0
984,2,4.4094318171621891,-4.1655986398132541,1.2591274121310976,-1.8979816832478356,4.9203206964930821,3.0301219977225657,0.16945410746,0.00137360125983,2.9289440718602129e-08,0,1.4644720359301064e-08,12,1,1,1,0,0
985,11,5.7116560536536962,-1.0464559184895852,-2.037230241607237,-0.15386982935008178,5.0713185641527687,-2.8753782891897535,0.203970063984,0.0492112467696,7.793100512187518e-07,0,3.896550256093759e-07,14,1,1,1,0,0
986,5,3.3011857139548848,-3.4611522945927855,2.6391281834478426,1.7817164089306812,2.4584115416804075,3.316770479522138,0.040291601523,0.0518180721507,8.1955548563192178e-07,0,4.0977774281596089e-07,8,1,1,1,0,0
987,2,5.4004959028306043,-2.0984618651708091,-2.2681564053550107,1.1718868255839836,2.745794065855947,5.1284218869596998,0.348984239535,0.0551116604284,1.0470030005611021e-06,0,5.2350150028055106e-07,18,1,1,1,0,0
988,7,-4.7231328437147546,-3.2253999315323685,-1.0960477150545673,-3.4199876987771778,1.8115419694745756,3.0231905985881933,0.298784045071,0.0671932296533,1.4645982665908806e-06,0,7.3229913329544032e-07,35,1,1,1,0,0
989,8,-2.5849096616368596,2.3834345859609618,2.7227826218159183,-0.30964505554538413,2.8073468527843026,3.3865730461557777,1.92303358442,0.569070632494,0.00010234578521464662,0,5.1172892607323312e-05,20,1,1,1,0,0
990,15,-0.022297075810210672,-0.1983110997774768,-0.71970798744484099,-1.1230804403197074,-4.5778359154232717,-1.0338127854184642,0.0296971976073,0.227124183445,1.57146917574267e-05,0,7.8573458787133499e-06,9,1,1,1,0,0
991,3,-5.0663589767042501,2.1388693953203846,0.31400076173948199,5.2049502305205797,4.0519148786450963,1.2620007478062814,95.3638439591,8.03566295659,0.028763981952669795,0,0.014381990976334897,60,0,0,0,0,3
992,0,-0.30232831692084822,-1.5685675291408314,-1.7213982717061636,1.1886822929416281,-4.2107342169898168,4.4528762751907696,0.0321044360433,0.181438633192,1.0029029335179132e-05,0,5.0145146675895662e-06,20,1,1,1,0,0
993,7,4.8297832856301168,-2.8969590414258861,-2.8034821154435159,1.537396465003704,-1.9384096299062576,-5.0390619216532553,0.0111151567816,0.13470714634,5.5277158991933867e-06,0,2.7638579495966934e-06,27,1,1,1,0,0
994,9,3.4344926852270898,5.6246686201277116,-1.3890623874873449,-2.450615129703015,4.7281909900271772,4.2858748205753034,0.211123874783,0.00369801599099,4.8739031887721012e-08,0,2.4369515943860506e-08,27,1,1,1,0,0
995,9,-1.8224446926016531,-0.83912409667916554,-2.1407459817415626,-4.7201587941731669,-4.5649302525727711,-0.67823051834405157,0.16214808928,0.536985598027,8.7863801055705881e-05,0,4.393190052785294e-05,55,1,1,1,0,0
996,2,3.5276704363518685,-0.12442774764199421,-0.71083906560162047,-0.36265273263719516,1.8802813354996655,1.7429512711539425,0.338884366625,0.0275526714689,3.4609283833339611e-07,0,1.7304641916669805e-07,26,1,1,1,0,0
997,10,-1.2987229543472734,1.0588371580290423,-2.1714296859339428,-1.2204878942343655,-4.8216559520726676,6.0600393788974358,2.48367583613,0.0586068388338,7.2149338623823231e-06,0,3.6074669311911616e-06,12,1,1,1,0,0
998,2,-0.043116169970446643,1.0759432782553104,2.4446914894076004,3.9438172998807501,-2.307785090298057,1.4200321152333748,0.0480601060428,0.00319004735422,5.4096831500190252e-09,0,2.7048415750095126e-09,25,1,1,1,0,0
999,9,-5.9726921991510427,1.0263919111316704,2.0510984537983998,-4.5022884695010594,-5.4087613320922951,-2.1307618361393357,0.0101724629751,0.122087880319,4.5405633573687873e-06,0,2.2702816786843936e-06,19,1,1,1,0,0
1000,14,3.937000663715144,5.086950937747508,-0.98433489477874425,0.73719229584025392,1.8671765287520012,0.80005974389990764,3.82764223557,0.0367058657836,1.5061262403085201e-05,0,7.5306312015426004e-06,17,1,1,1,0,0
1001,0,-2.5049843669074634,-4.2898662036719291,1.2631112240304991,2.7076684315261641,2.8042412118708593,-4.1258030339129039,0.0704345977573,0.0193120963574,1.1857025161171432e-07,0,5.9285125805857162e-08,14,1,1,1,0,0
1002,10,5.1374038829958133,-5.92974706510046,0.43173560413250189,4.16108268550484,-3.327838239555827,-6.0512931602820652,0.665457322107,0.162061266231,8.4432608904992322e-06,0,4.2216304452496161e-06,10,1,1,1,0,0
1003,12,5.9235827192368573,2.5083138522127624,-2.6131188554680707,-6.1961709520134214,1.4223697981677033,-5.2057528002573719,4.99047077745,0.184430034005,3.5266188749967713e-05,0,1.7633094374983857e-05,37,1,1,1,0,0
1004,2,-2.1475901205948307,-0.41935481827276111,0.34826477608256595,5.4479564474863942,-4.523797866661206,-0.70883148874313229,0.0914351400544,0.437400003042,5.8287388223417606e-05,0,2.9143694111708803e-05,23,1,1,1,0,0
1005,2,3.1350169172734192,-5.8368378738470952,-1.7645962310648311,5.5132394547503907,-5.8563566282315715,-4.701478676599125,0.0640065268652,0.0694411928551,1.4729861792344937e-06,0,7.3649308961724687e-07,16,1,1,1,0,0
1006,4,5.2242161223131607,-4.7109537142117013,1.5827344304025033,-1.2773292061702874,-1.1521503836179658,-3.9134835369080037,0.0228564143449,0.0410214246258,5.1311959592964644e-07,0,2.5655979796482322e-07,32,1,1,1,0,0
1007,2,4.0441249392928302,1.3638988906244589,1.2063243277187625,-0.84507345633732966,-1.3306250085826434,-2.5795858656969735,0.0478583388661,0.0545818272834,9.097992870847734e-07,0,4.548996435423867e-07,17,1,1,1,0,0
1008,8,-5.0641504987574839,-4.6315204718330207,2.7936286635842924,-0.85295111165535797,-4.4594732867220914,2.7808072210871848,0.156804986628,0.020492486628,1.5250945482945978e-07,0,7.6254727414729889e-08,10,1,1,1,0,0
1009,15,-3.2873161445998571,2.3527400907228966,-2.8820940439180318,5.1588864535769954,1.8027645959793901,1.9010466049504033,0.176198685658,0.0245848009101,2.1516053350515245e-07,0,1.0758026675257623e-07,17,1,1,1,0,0
1010,6,6.0716865354416045,-5.8500345291569928,-2.9721749540541924,-3.3626060927183068,4.0827622937051045,-4.7360999010528548,3.76063833135,0.239433908697,3.1605689845815732e-05,0,1.5802844922907866e-05,34,1,1,1,0,0
1011,14,0.64700711128949195,2.0951512695943375,2.8718125846382652,-2.0259932311452489,-1.6598152841022042,-5.5099789124777514,0.100170785566,0.0333961626032,3.4977511453175411e-07,0,1.7488755726587706e-07,25,1,1,1,0,0
1012,7,4.5643273034876408,-4.5491373214340527,2.6048024397539749,5.2188332802313866,-3.0810013879651268,2.8366264112749082,3.30030588963,0.087697965903,1.3234811199431044e-05,0,6.6174055997155218e-06,54,1,1,1,0,0
1013,10,5.2488675150915851,-0.091787304743153553,-1.9985890705357314,-5.1162263487936572,1.7859422017369764,-0.73615309900071679,0.0316225811528,0.000392555482794,1.0469291243836848e-09,0,5.2346456219184242e-10,17,1,1,1,0,0
1014,2,-4.6037418671185062,0.50664780743614479,-1.4802503317971742,5.3169204535932746,-4.2788891118633199,1.4781190617014157,0.0458424359928,0.152268963528,7.0649114488235938e-06,0,3.5324557244117969e-06,12,1,1,1,0,0
1015,2,5.2376363550723752,-0.77294968545179543,0.835071312621952,-2.5844807486652663,-0.26807380502463779,-0.09426099975917987,0.113153392722,0.175518822764,9.3971090253637187e-06,0,4.6985545126818594e-06,28,1,1,1,0,0
1016,6,-0.047718135671878832,0.54235636580186841,-1.4713374341708054,-3.5083151369234264,5.0918397370980708,1.842734573409208,0.0267158148266,0.148856748799,6.7505275526915931e-06,0,3.3752637763457965e-06,24,1,1,1,0,0
1017,6,-1.8697635496850222,-3.0446636560219753,2.3203970346548974,-3.8030636133252624,4.6940178865556952,-2.6632122260323197,0.0261565760012,0.0177149540385,9.6279082258789216e-08,0,4.8139541129394608e-08,15,1,1,1,0,0
1018,6,1.2455424693899655,4.582911340795178,-1.461460337225545,3.9004710234168543,-0.94004328443879281,5.5789907239539875,0.148375366632,0.034681038993,3.884013037293252e-07,0,1.942006518646626e-07,27,1,1,1,0,0
1019,13,-2.9988027091475327,0.16759081760700717,0.76579516423608096,5.2734873120618078,-4.6771653088977496,1.6808918311744252,0.0169118052564,0.826042123102,0.00020785463877539423,0,0.00010392731938769711,38,1,1,1,0,0
1020,4,-2.2978402384251275,2.6057075878697917,2.5853574245395894,5.1945863645593811,-5.2000909091733405,0.85114256094160978,0.0586503976024,0.000444928108405,3.5001715145496665e-09,0,1.7500857572748332e-09,32,1,1,1,0,0
1021,7,-3.4547367940674523,2.9797212139329945,1.9647405073426554,-2.2599615462366627,-3.2466429776915069,5.52373760853225,0.560414494818,0.0626173176087,1.5084475180300987e-06,0,7.5422375901504936e-07,7,1,1,1,0,0
1022,8,-3.6512432264840728,-0.43480616487209417,-0.27321410099686327,-1.3205003907641604,1.8369100005735755,3.3880261515191843,0.0512752177495,0.402494234333,4.9351141182771944e-05,0,2.4675570591385972e-05,19,1,1,1,0,0
1023,12,-1.1803307008078441,-0.40195544455879961,-2.2930555362041782,-0.74019274967815785,-1.6626516700996088,2.1238503026208355,78.552860708,0.667143384446,0.0063061311365904182,0,0.0031530655682952091,60,0,0,0,0,3
1024,15,4.2809969153020173,-5.7065298193762359,2.8825218951188782,-2.4520765960102398,-1.2994363387149168,-2.6940752410803088,0.864312738326,0.0026785571891,7.492220386741393e-07,0,3.7461101933706965e-07,21,1,1,1,0,0
1025,1,-3.815963888396797,-2.4975864900163507,-1.2037428832646948,1.9355282495785917,-4.6590129558059896,2.6405633608409831,0.134659572794,0.0440697718379,6.0974433528075125e-07,0,3.0487216764037562e-07,12,1,1,1,0,0
1026,14,-2.2283321940796532,-3.2428577418498281,2.554359977159693,-2.3232760584203755,-1.8843133602708597,2.0914494676671436,0.667699243607,0.0651382877803,1.7383129365530781e-06,0,8.6915646827653903e-07,16,1,1,1,0,0
1027,0,2.2676038456518883,2.2131787645566865,0.11241046122812984,6.082949456988767,5.3712261240202599,-1.4642530278277943,0.0284648492751,0.508034934483,7.8622412357621743e-05,0,3.9311206178810871e-05,53,1,1,1,0,0
1028,5,-1.5344604104508162,-4.1709463700337475,-1.0421235325013691,-4.248181657751779,4.7016805296120676,-3.1680191787405239,57.7569798735,0.100358771072,0.003338936795094925,0,0.0016694683975474625,60,0,0,0,0,3
1029,5,-4.944925409449926,0.33992490489908284,-2.8681214572966645,3.1021306559284123,4.1130403915039064,5.9297044830057697,0.228510877839,0.774610215802,0.00018282906192392223,0,9.1414530961961114e-05,35,1,1,1,0,0
1030,14,2.2734891313529455,-2.5057126154601876,2.0870737225086691,5.0733800107021585,1.3897165152628066,-3.6887992568016523,0.0441194711178,0.00362248518544,5.9438390317564167e-09,0,2.9719195158782084e-09,23,1,1,1,0,0
1031,15,5.2156298839140867,-2.2057310794924274,3.0300024942882002,2.9804118260753176,1.7474248464878341,-0.31003756526237897,0.706852627621,0.00793832721343,5.188367249812354e-07,0,2.594183624906177e-07,30,1,1,1,0,0
1032,0,-3.7962317306596409,-2.8428982035191694,2.3237991770902671,-4.0899462321676188,-1.5240931389460426,5.4296475061081777,0.0348094500677,0.000167305678394,1.220224418095098e-09,0,6.1011220904754898e-10,60,1,1,1,0,0
1033,14,5.9464459430144894,2.0428634016808749,-2.9646945059671332,1.2148177624523424,-1.5507666321237779,1.4918998598676758,4.97827833403,0.0102665264085,2.4815362323689134e-05,0,1.2407681161844567e-05,14,1,1,1,0,0
1034,13,0.76707788617610229,2.947655183281134,-2.3465498316546616,1.2304228180148797,4.6296681043640966,-5.120140141799018,0.0152053295849,0.000716955166296,3.8778292879684316e-10,0,1.9389146439842158e-10,22,1,1,1,0,0
1035,6,0.50307481305719981,-4.3624192611788306,2.5263157747628346,-5.9557669886067055,-4.1992151347705535,3.7972080604060965,0.212252213933,0.0605570090317,1.162129182350926e-06,0,5.81064591175463e-07,16,1,1,1,0,0
1036,7,-4.7734399595544632,-5.7575211090100966,1.458158587401206,4.2811686908215325,3.9244684028757431,-0.72903414172569725,0.173918005655,0.00172608780756,3.1155043470986325e-08,0,1.5577521735493162e-08,13,1,1,1,0,0
1037,3,-0.81773674436340105,4.018535293371901,-2.5567411066113146,-4.6650812520087115,-1.6366762570836324,2.148871169239583,0.103026291104,0.107822068002,3.5519741889870975e-06,0,1.7759870944935487e-06,15,1,1,1,0,0
1038,14,0.086074905969141344,-0.78975610688111397,-2.4051419399465099,-1.8751683507627708,-0.45334797513632491,-3.9657763029637358,0.0932253225548,0.00298960167246,1.1413545410122705e-08,0,5.7067727050613525e-09,25,1,1,1,0,0
1039,1,-3.4094168386625863,1.0081832393748864,0.77826446533919158,-4.3313952276783976,-4.0003737592588768,-2.5961405760098639,0.389184890564,0.00790728299936,1.7051112111929766e-07,0,8.5255560559648828e-08,32,1,1,1,0,0
1040,2,2.2569366571640628,-0.48740165003280339,-0.76751950412662517,-1.8237215870125503,-5.0553746089022207,-1.1441601355489763,0.0977674067911,0.157030829422,7.5210223659056656e-06,0,3.7605111829528328e-06,13,1,1,1,0,0
1041,5,1.1102565118235999,-0.051164310691318438,2.3056711842060742,-0.26643104220030323,5.8742735759513351,1.3912231048831443,0.0543771657243,0.0682453596932,1.421690917422685e-06,0,7.1084545871134248e-07,12,1,1,1,0,0
1042,15,1.2284266038061238,-4.5156171565035539,-1.7440469123831175,-2.3617877294432126,-4.4463062912426867,-1.3759176003415454,0.0403168518414,0.00298580746055,4.3411269105342921e-09,0,2.170563455267146e-09,21,1,1,1,0,0
1043,10,0.97145976688044333,0.88560684616995133,1.3825914771980925,5.8155212734864605,-1.379400934292158,-5.3406412358615016,0.46291595961,0.033727238879,5.6080161640929906e-07,0,2.8040080820464953e-07,25,1,1,1,0,0
1044,11,1.3941149856175938,1.6937089059115993,0.82452756882257994,3.1403948003111739,5.3782614123216579,-3.4471372320482345,0.450565736921,0.332835887337,3.3948444360661949e-05,0,1.6974222180330974e-05,15,1,1,1,0,0
1045,9,-2.1488006076002901,1.6177152199807754,1.9453639109490819,-5.3301627464518351,-4.5077808845187635,-5.5990811318262903,0.0250817212798,0.035258549734,3.7931890773636835e-07,0,1.8965945386818417e-07,16,1,1,1,0,0
1046,7,0.19906621679842029,4.4637406066042864,-0.47021106981016914,-1.4584850909297158,5.8973494289305517,-4.8317073127154107,0.531647645107,0.000770270933547,2.8282995333655122e-07,0,1.4141497666827561e-07,38,1,1,1,0,0
1047,9,4.6672646392161266,-3.1179978973089635,1.2201309984157314,3.617039848822591,-2.512615015922711,-1.9114881510453698,2.0082761924,0.0866420343351,6.3198881403851645e-06,0,3.1599440701925823e-06,6,1,1,1,0,0
1048,10,-5.3847571302349886,2.1695984624194469,-1.732435382429528,2.7016843693891972,5.7612033047017217,5.2677205437438737,0.302367542099,0.0425601564868,6.4320004802790805e-07,0,3.2160002401395402e-07,26,1,1,1,0,0
1049,1,3.6108424604588074,0.90473888300658389,2.2583619111734796,5.5852532578298693,-1.854804131523911,-1.668585621175128,0.0171034205798,0.0637684718386,1.2389942861222344e-06,0,6.1949714306111721e-07,32,1,1,1,0,0
1050,2,-1.6732270594950023,0.37017147889590152,-2.7054619327620162,4.1637737534780133,5.0823676685772128,3.5235961790514332,1.36605751473,0.0278966735195,2.1031738402992004e-06,0,1.0515869201496002e-06,53,1,1,1,0,0
1051,12,-0.77587322922484769,2.0215865396885651,0.63074670064036165,-3.3475260570289613,1.4868960261591424,5.2802954440170291,0.234749494253,0.00147568456921,5.5770673637329402e-08,0,2.7885336818664701e-08,25,1,1,1,0,0
1052,0,0.77497700229579281,5.0456534627318002,-3.0552049974171918,-2.364956584133465,2.2616239112307723,4.1831973832409899,15.226736401,0.0667137149439,0.00023320926819643211,3.7496496295321177e-07,0.00011661588304710466,60,1,0,0,1,2
1053,12,-3.1000860535760308,0.26074093165305273,1.7527015080886317,1.9825360135114269,1.703679712101325,-4.2512185456742646,0.0202128406435,0.272567672734,2.263139202200722e-05,0,1.131569601100361e-05,11,1,1,1,0,0
1054,10,3.6352052539201889,4.9853648919463405,1.4475165222889397,-4.0166603401242247,5.046995845876415,-2.717676498192886,0.0275826839626,0.00149006788026,1.4371472086336512e-09,0,7.185736043168256e-10,12,1,1,1,0,0
1055,4,-0.43222197125990874,-2.6565982453303416,2.6631736086949411,4.5037662085854793,-4.1830581892847292,-0.30753917274678894,0.0667735312066,0.568052111054,9.8299382763016298e-05,0,4.9149691381508149e-05,31,1,1,1,0,0
1056,9,2.8165560749507361,5.4862734378366014,0.54460805336694429,5.3268926922978519,2.549027881115058,-4.4326913501816811,0.916167553752,0.226189912725,1.6424161833512476e-05,0,8.2120809167562381e-06,10,1,1,1,0,0
1057,6,1.5302174883009088,2.348837525123157,-1.0427903703958605,4.393739464782934,0.63692484416711148,-3.7069910989820105,0.0517095458955,0.00445894434108,8.7303369205114861e-09,0,4.365168460255743e-09,10,1,1,1,0,0
1058,0,-5.9652422677629389,0.80874102448392138,-0.2012430043644676,0.41629344847382704,5.2120999542434232,-4.6400648939343512,1.01087980594,2.38680434752e-05,1.0218781555834096e-06,0,5.1093907779170479e-07,20,1,1,1,0,0
1059,13,2.3951269618998383,1.5900147519062726,2.7484999712863312,1.7335718983791253,-3.0171027284993297,3.7090133335450126,0.240305123414,0.0266027720958,2.7332657982903419e-07,0,1.3666328991451709e-07,16,1,1,1,0,0
1060,9,-2.3179217402977108,-5.3402797622234051,2.2955634441844999,4.6426323475594025,4.3702918427127164,3.7995419385162608,0.143362762131,0.0650689084776,1.3102917205495414e-06,0,6.5514586027477072e-07,24,1,1,1,0,0
1061,4,1.917335242370295,1.0564454154634881,-0.97819836136231797,4.6238656755772318,-4.7502658411913474,-3.4245945426770699,0.0220599321953,0.000332691632594,5.2035679838881653e-10,0,2.6017839919440827e-10,24,1,1,1,0,0
1062,5,-0.91481462759747678,-3.7856611712231945,2.1287956329302453,-2.9832562005850112,4.3908821712876707,-3.4828459787763069,0.0476655403488,0.00501219441568,9.9246308435683533e-09,0,4.9623154217841766e-09,18,1,1,1,0,0
1063,15,-0.13331963296170399,5.821307697742351,1.7147347471462284,0.1755162664349908,4.3052226988309412,-4.532644128131011,0.0394289385524,0.020215414319,1.2604050253425479e-07,0,6.3020251267127393e-08,13,1,1,1,0,0
1064,2,3.0952478050132632,2.5361879550019264,-0.78392082774465821,-0.99078995400078929,3.8260747635446628,-2.5424020675409471,0.444487169092,0.803762423118,0.00019699078901432528,0,9.849539450716264e-05,25,1,1,1,0,0
1065,15,-1.8923868738127927,-1.851807912152478,0.66737352397892225,3.4814362295683523,4.303003536486953,-2.1216658243361857,28.4715868366,4.06847701594,0.0058528126909219826,0,0.0029264063454609913,60,1,0,0,0,2
1066,9,2.3155687622655696,1.3201424588550135,1.6627917268472683,5.7532772610125864,4.8506588345406465,-1.2402555190369218,0.0151509020756,0.554445571307,9.3642637528244967e-05,0,4.6821318764122484e-05,21,1,1,1,0,0
1067,6,5.4391638741490169,-4.5349736287077587,1.8818262434229491,-3.1344200696034825,5.6484631100312503,-2.9760972663128258,1.30374680616,0.077332305047,3.5214548438856092e-06,0,1.7607274219428046e-06,20,1,1,1,0,0
1068,3,-4.2272970901321152,2.5199913728119538,-2.0414678993137247,5.4911929472912826,2.6909094012364947,3.1557340856527891,0.0682427805518,0.509652909757,7.9127840332377701e-05,0,3.9563920166188851e-05,23,1,1,1,0,0
1069,4,1.9014233677533963,-4.8429133837138503,-1.3817706199249422,5.212188520294406,-5.309632814507534,-3.6404255579226872,0.0499527275567,0.132072409359,5.3159738826823032e-06,0,2.6579869413411516e-06,19,1,1,1,0,0
1070,3,-4.143711504300672,-3.4263230360368531,2.5841663936015649,0.12912437253676057,-4.5309603459470642,-3.9122273566177497,1.8879522627,0.0388434409281,4.0239744397109157e-06,0,2.0119872198554578e-06,39,1,1,1,0,0
1071,15,-3.269042440827703,-5.4363454349389819,2.1641379358187698,5.0153928816977205,-1.7172557917046887,-1.6522052546940875,0.0478121205364,0.0402074235024,4.9474176151333688e-07,0,2.4737088075666844e-07,14,1,1,1,0,0
1072,14,2.1734737181804689,-2.9076422448682271,-0.33961730668511259,-4.1389529416631214,-4.185270637716962,3.2025756588512384,0.235981259957,0.0321364891061,3.7028199311238368e-07,0,1.8514099655619184e-07,16,1,1,1,0,0
1073,12,-0.752517132114495,-4.6977965763712541,-2.8892206679320327,2.2872461160314841,4.7624749704757727,1.7504752210110195,3.63859957879,0.295364960656,3.9814370715915616e-05,0,1.9907185357957808e-05,23,1,1,1,0,0
1074,6,-1.0133780382155793,-1.6750395370989075,0.95320257552487297,-4.1464348292394746,4.2352148200688902,2.765320510823337,0.276868447342,0.000145640396687,7.6662598411585989e-08,0,3.8331299205792994e-08,19,1,1,1,0,0
1075,9,1.2446142255704,5.1528168609478291,-2.2980654981509714,3.2909259757584803,5.7757653981133625,2.6687029667788922,0.157247496956,0.199657010293,1.2167667146697518e-05,0,6.0838335733487588e-06,17,1,1,1,0,0
1076,8,1.8758553011359631,4.1823949893421251,0.89325434865254372,1.3545266217150029,-1.8340467530876285,5.3615770144037258,0.484979765878,0.0322111452855,5.5126357777880437e-07,0,2.7563178888940219e-07,21,1,1,1,0,0
1077,6,0.1302244385125042,-4.0584216144684637,-2.5800846884858508,-4.7501394845600773,-1.9552502225426931,-4.0269436718765146,0.692897561636,0.00497942571704,4.8765992251048219e-07,0,2.4382996125524109e-07,29,1,1,1,0,0
1078,10,-1.7508957347959042,-4.692117226553882,-1.8089451340978524,1.0001101450911112,-2.8194261741594193,3.5713225048643062,0.0367469995735,0.138865491173,5.8754783235631263e-06,0,2.9377391617815631e-06,51,1,1,1,0,0
1079,15,-5.0338610264801833,-2.3431473993081546,-1.3330545319192471,1.9994527917965628,-4.7799453541995405,-2.762705551572346,0.327836242746,0.0105922252706,1.4165322541676117e-07,0,7.0826612708380587e-08,13,1,1,1,0,0
1080,14,-3.8054928551121043,-5.5564060023202524,2.5590426906264967,3.3961935955718721,1.0164266325342117,0.92359366333984849,0.206309775704,0.0117157998377,8.4375500184382688e-08,0,4.2187750092191344e-08,17,1,1,1,0,0
1081,2,2.861265293766587,-1.3507268844586773,1.9345208586019829,6.0924670945071151,-1.4320491485499216,-0.82685984814858471,0.0564028187209,0.00439549488583,9.0666008302254256e-09,0,4.5333004151127128e-09,37,1,1,1,0,0
1082,8,2.343086794623316,1.56894184587378,2.2125304545959392,-2.1485596940204381,5.1562097545724814,-0.34717723821331214,0.0624420918997,0.0108865683366,4.0001470334843062e-08,0,2.0000735167421531e-08,24,1,1,1,0,0
1083,4,0.4957753286779446,6.176057671595828,0.75223511855970737,-1.7530367089625356,-4.9803741946555915,-2.0956486303353286,0.0372955955645,0.154763720155,7.2975292414878441e-06,0,3.648764620743922e-06,15,1,1,1,0,0
1084,11,4.8228448062137153,-2.6931147367718573,2.1689144569414665,0.36579539696242502,1.6198708063761564,5.2169412313847188,0.4057177475,0.23796032692,1.7413603983514682e-05,0,8.706801991757341e-06,54,1,1,1,0,0
1085,7,-3.4389865607491386,-1.9350077607259304,1.133697071185745,-1.6358123934737776,-5.290471447883176,-0.56937859556821413,1.6483431742,0.241102874746,2.0424627448391146e-05,0,1.0212313724195573e-05,10,1,1,1,0,0
1086,0,-0.21302440301181708,5.4218093630273136,-0.87057931526286181,0.76821389729776579,1.7475239008616492,5.1893888904672991,0.0517666309361,0.0210213749783,1.3728967539166157e-07,0,6.8644837695830785e-08,29,1,1,1,0,0
1087,9,-3.3611235913880511,-0.7943531982767752,-1.2143726415569127,0.32117506310616167,1.8215874651113997,-4.2490120884277465,0.132769587738,0.0120897549057,6.2151307644969585e-08,0,3.1075653822484793e-08,60,1,1,1,0,0
1088,13,-4.0592581013149713,1.8914515099679605,-0.80427341179254208,5.692429020035604,5.001689292141446,-0.31862586257126257,3.58887035062,0.0637494987284,1.4117955157461871e-05,0,7.0589775787309355e-06,14,1,1,1,0,0
1089,10,-3.7171185174001673,-4.4153446379382455,2.1970148787818595,-5.302456016308569,-4.512080451086387,-3.8547136791938339,1.3067960182,0.132596357564,7.0634365686727945e-06,0,3.5317182843363973e-06,15,1,1,1,0,0
1090,15,-1.0721359003105235,5.0695841127739572,-1.9419953073512017,1.5758114125412566,1.4420587534009723,-0.37093054716520713,0.415690095719,0.104009645788,3.4681514576218718e-06,0,1.7340757288109359e-06,36,1,1,1,0,0
1091,2,-1.820216848444745,-3.0764903032811604,-2.0268752005143784,-2.6694675582297691,1.4104573143220955,0.4842464466455525,0.0913256917539,0.0167153525389,9.3451406113338565e-08,0,4.6725703056669282e-08,10,1,1,1,0,0
1092,2,5.417319129617078,-4.3864850056256142,-0.35890445352242634,5.4332314334167684,3.5792596303224755,1.0756198014534251,0.738733451555,0.0240644876586,7.2213092812312587e-07,0,3.6106546406156294e-07,52,1,1,1,0,0
1093,7,0.93941703765191997,-6.1533939396478301,-0.18412705922412498,-1.9985955706323046,2.8449827688486709,-3.1262320838638598,4.35308226559,0.325091780825,5.1142715466776833e-05,0,2.5571357733388417e-05,22,1,1,1,0,0
1094,11,-1.7883121708746059,-5.6286316504062919,-1.8023046933251767,-6.0649235007273603,-4.1508395219338601,-5.4259956289579216,0.0830085459661,0.00128187532302,7.3909673707841704e-09,0,3.6954836853920852e-09,11,1,1,1,0,0
1095,0,-3.4871329001314657,-2.8417351072076689,1.2268272808141116,-0.25144442687487578,1.1010071420684024,2.1042121332365866,1.12768361993,0.385449044978,4.652897474829968e-05,0,2.326448737414984e-05,21,1,1,1,0,0
1096,6,-4.3642484885163517,-0.027623341814582099,-2.7681905612416586,-0.13782255395122975,1.7755584312080321,4.5281717051016122,0.850233850934,0.00637249554711,7.3526771853603726e-07,0,3.6763385926801863e-07,18,1,1,1,0,0
1097,5,0.12690751811276779,-3.503396309785805,-2.5499577501898001,-1.6337761792421508,-4.1283069972419364,4.1458362402813851,0.235475324845,0.0277749191993,2.9044456022507171e-07,0,1.4522228011253586e-07,18,1,1,1,0,0
1098,6,-3.1964258382046151,-0.34024182765293076,0.84660434506043758,-1.0015768604797224,5.0113421314654074,5.3690222825847185,1.31215569226,0.0903330849397,4.2074508824440107e-06,0,2.1037254412220054e-06,37,1,1,1,0,0
1099,15,-1.4352755571543592,3.0622669616117109,2.1981144509292889,1.7332565262966604,-0.66848575305196145,-2.0135865758785889,0.0543947242777,0.0179439964564,1.0104163786357982e-07,0,5.0520818931789911e-08,6,1,1,1,0,0
1100,1,5.523017165390435,-3.6387036949471745,-2.3120898967359298,0.9720952355870125,-2.6185350187583802,2.7166212836099008,0.0654097963678,0.448622762886,6.1312306366659769e-05,0,3.0656153183329884e-05,10,1,1,1,0,0
1101,2,4.8272370848780524,5.9875798437521359,0.37029838879411486,4.4534492059610455,-4.6024650790001065,5.9730739646950859,0.486872683998,0.0478290013225,9.338918919045488e-07,0,4.669459459522744e-07,11,1,1,1,0,0
1102,12,-3.9068440860504285,2.572471350453021,1.0052697785756752,0.12161325433507475,-5.2351533867136899,-2.9403186265048604,0.0696886548338,0.00311177262604,7.8061583462790444e-09,0,3.9030791731395222e-09,13,1,1,1,0,0
1103,9,-3.4813928614317473,4.7933599724513476,0.38488955327459906,-2.2664746500618769,1.7482157465893962,-5.0605316805418212,0.614564707221,0.00212494645031,3.7906524807204374e-07,0,1.8953262403602187e-07,9,1,1,1,0,0
1104,5,-1.645340764096755,-0.60407621105002107,2.4525656685516828,5.418794083292104,-1.4227681032554527,-2.3609227061773406,0.111871872759,0.0827319983355,2.0974946959996422e-06,0,1.0487473479998211e-06,11,1,1,1,0,0
1105,7,-5.9974856435093029,-0.79587530855449284,-1.215268463006421,3.0904645215930335,-1.6293661920155817,1.7888916253842948,0.0575645965322,0.00272204633579,5.5707565894793057e-09,0,2.7853782947396529e-09,27,1,1,1,0,0
1106,14,-3.3431954323594142,1.2795307455900202,-2.3967735175910558,-0.27316248525431741,-3.9696332778332462,1.7824586365203707,0.0258031157415,0.00820403867183,2.116845715360664e-08,0,1.058422857680332e-08,35,1,1,1,0,0
1107,8,-0.071656515039285607,-3.9156388971698104,-0.83233337788848827,-0.1563347369348537,-1.388106149056908,1.289708479298183,0.0851281913804,0.0151589767514,7.7246239835566989e-08,0,3.8623119917783494e-08,16,1,1,1,0,0
1108,4,6.110240894588717,1.3694796573731911,-1.7698070363543426,4.7902542319607235,-4.2514164329220359,-2.016624880419168,0.395128772695,0.0543726316482,1.0566925304109768e-06,0,5.2834626520548839e-07,13,1,1,1,0,0
1109,6,-3.3526087960165141,-0.55823769658338829,2.4429708066730718,-3.2634623113516481,2.3543922097382919,-4.94935965207923,0.0733559375061,0.0311072480955,3.001474553024081e-07,0,1.5007372765120405e-07,16,1,1,1,0,0
1110,14,-0.11584323773709408,3.0999258423961451,-1.5633314203189164,-2.6347280815836331,-4.54528960390466,-1.0144404105083153,0.905897809405,0.0741208156165,2.4941870542812311e-06,0,1.2470935271406155e-06,54,1,1,1,0,0
1111,5,-3.3503348896354535,-2.2796118234326763,-2.4970842047441519,4.0168058605037125,-3.8956012137778582,-5.4345556691155883,0.00802145603906,0.236657560419,1.7060711525466336e-05,0,8.5303557627331679e-06,12,1,1,1,0,0
1112,5,-1.8325473288190117,0.97236102663128188,1.8672378250951362,4.8842965514912704,5.3688229204837468,-4.2951385293824966,0.0319842796406,0.0179970707481,9.9686917926832121e-08,0,4.984345896341606e-08,17,1,1,1,0,0
1113,12,-3.9999596223913438,-2.7771026389470226,-2.2521320740336912,0.047849023255645405,-0.76354285077241391,5.2471849545345801,0.0343473362072,0.0415390581675,5.2679507268899004e-07,0,2.6339753634449502e-07,15,1,1,1,0,0
1114,8,4.2061414360299789,2.7646669203472598,-0.014234754726063725,0.14540906296228662,-0.72108691009550485,3.0202744370209706,169.785554775,0.229250302126,0.028843143992377408,0,0.014421571996188704,60,0,0,0,0,3
1115,13,5.0284902472199153,-2.329550124026055,-1.679797729736588,5.7947231993078274,4.3621449847314686,2.3899043027514404,0.0469552427933,0.00453139867915,8.4596791534175931e-09,0,4.2298395767087965e-09,8,1,1,1,0,0
1116,4,2.9235291537157755,-1.1580087068642819,0.31834143114837948,1.7106521644962427,-1.4999219935277093,-2.1797353115448947,0.831223841651,0.00885919423098,7.1484107133567189e-07,0,3.5742053566783594e-07,35,1,1,1,0,0
1117,4,-5.2018249363243756,-0.82295246782802289,0.55872113629266451,1.4248684449549138,-5.1514692012371164,-1.5957255453845838,1.52443222653,0.212034912333,1.6019128499049502e-05,0,8.009564249524751e-06,16,1,1,1,0,0
1118,13,-1.2736917240172525,1.1093715969285693,-1.6427842989437531,1.4780254315771681,-0.44898623314012631,2.0754232695873212,0.457817008458,0.0548796285508,1.127035125346853e-06,0,5.6351756267342651e-07,22,1,1,1,0,0
1119,0,-2.1902234208006877,-1.3797995076158778,-2.1324610873131955,-1.0864103074923939,-1.2172044190929852,-3.0054136203503234,0.0112377860034,0.11684770601,4.1591856242733107e-06,0,2.0795928121366554e-06,20,1,1,1,0,0
1120,5,-4.9312154288879775,-1.0140127456279333,-2.94848174518315,-3.790236634672572,-4.9543422573584195,-3.3236538650989176,0.139076418758,0.0655080787215,1.3265495358018767e-06,0,6.6327476790093835e-07,31,1,1,1,0,0
1121,7,2.0017046398804572,6.1465621092735763,1.6588467240786764,-3.2176523333533327,-4.7550941023403519,2.6830688417013246,0.0468972562895,0.000611166411302,2.313134681043313e-09,0,1.1565673405216565e-09,20,1,1,1,0,0
1122,3,-1.7569460859685038,2.4337351718024758,2.6178246176979529,-2.1709988429447247,3.8218888382467671,3.2325846785505257,0.063586368148,0.00678839439855,1.8080697084279094e-08,0,9.0403485421395471e-09,21,1,1,1,0,0
1123,10,-0.64541250867170574,-0.18108610242978709,2.2281041382399134,-1.1751952202115825,-1.1468598308930866,1.8726097420902952,0.0288043135585,0.00780679625999,1.9394922412642679e-08,0,9.6974612063213396e-09,18,1,1,1,0,0
1124,6,-4.5057784898484767,5.9571615378297835,1.1339729404544636,-2.5728189716732386,1.136395763330762,2.901896801683042,0.623955425486,0.0234157338099,5.5634106547221215e-07,0,2.7817053273610607e-07,26,1,1,1,0,0
1125,9,1.5604005849887157,0.28422552763156311,2.5135490084302043,-4.0300651517981736,-4.8688094853422417,-2.4866132375252974,0.0146832838525,0.447911787729,6.1114076179095528e-05,0,3.0557038089547764e-05,20,1,1,1,0,0
1126,8,-2.7778637506641637,-1.5307868960766575,-2.636934214078785,0.88426743567350963,4.5651084128300328,-6.0722038828909177,0.127184041846,0.131659422979,5.2964761731915217e-06,0,2.6482380865957608e-06,16,1,1,1,0,0
1127,3,-4.0577331314141025,3.4635720591897443,0.5798783604448271,4.2304224941059871,-0.85607707397797983,5.8953359424706822,0.0199929932812,0.289733779488,2.5571710977969928e-05,0,1.2785855488984964e-05,34,1,1,1,0,0
1128,6,2.4276416689163542,3.3864238819911541,1.1724476207871555,-2.8540053864257926,3.9763984481233954,-0.56965231972252195,0.0495107765537,0.0209088326949,1.3562374267332892e-07,0,6.7811871336664462e-08,9,1,1,1,0,0
1129,14,-1.8059582334008815,-0.73796126030915277,1.0580922068542451,-6.1693909761350705,-4.6692966215314797,1.9322502693188415,0.222256327234,0.0814495401042,2.0702382401812057e-06,0,1.0351191200906028e-06,7,1,1,1,0,0
1130,8,1.2958192421564494,0.38700890820239975,0.85114842850992034,-2.6687780511594026,1.9876731771404701,2.8363986939672619,0.313548405863,0.231457901308,1.6417508548626193e-05,0,8.2087542743130964e-06,12,1,1,1,0,0
1131,4,1.7966238757237347,1.0187025978149782,1.2094877376957849,-1.0635414360488267,-0.74931873737749988,-5.8276326258207174,0.125044255837,0.00179495686849,1.6617503692847144e-08,0,8.3087518464235718e-09,21,1,1,1,0,0
1132,1,-1.9947027626471603,5.749231211333016,-2.4677632658332107,-1.9345841356374629,5.0639038376595717,3.6540944553064127,0.0379179755374,0.0522449187601,8.3290062666697857e-07,0,4.1645031333348928e-07,20,1,1,1,0,0
1133,14,-3.2253035373264547,-5.3730165179235057,2.5155450575916478,0.32720751850392382,-2.859820923689854,2.06890693648853,0.023373992922,0.940919675109,0.00026968743634370982,0,0.00013484371817185491,23,1,1,1,0,0
1134,10,-0.79041785802273334,5.8128663510877709,-2.6925263291293633,-2.1987089229315835,3.9192543734860879,0.35971645464715701,0.189823665454,0.368687940731,4.144292187068288e-05,0,2.072146093534144e-05,16,1,1,1,0,0
1135,9,2.3558640552619901,-3.70254249001098,0.978384668530905,-0.28075409947398866,-5.0239068700768748,1.5691945579035462,0.173046123979,0.0221989090547,1.8005785550400672e-07,0,9.002892775200336e-08,9,1,1,1,0,0
1136,5,2.8894709989457428,0.89384538063931929,-0.57947064808176774,1.3176434122784098,4.8687834482934047,-1.2212778051262243,0.0982881125578,0.0112237722698,4.8034142777827521e-08,0,2.401707138891376e-08,33,1,1,1,0,0
1137,0,-4.0411369246333324,-0.4250314747081696,-1.1319326284769538,5.4412701066826985,1.6483634383263841,-2.7908401412832124,0.239044453148,0.0865376631555,2.3383511754933704e-06,0,1.1691755877466852e-06,20,1,1,1,0,0
1138,0,-0.22709627993264944,0.6745754390221762,-1.9726422065467537,-0.84342239025050514,3.2952488463704066,-1.2674858128316915,0.292896612709,0.00355252006766,8.9632819064818731e-08,0,4.4816409532409365e-08,24,1,1,1,0,0
1139,2,3.5684659864783299,-3.9457928060576175,-0.68741039373910162,4.7023892298978254,3.4804606831908074,1.7074481160645016,2.38325435728,0.129479453861,1.0786790737926595e-05,0,5.3933953689632976e-06,17,1,1,1,0,0
1140,9,5.9554682118651145,4.3224818629713848,-1.9296563562277613,-0.97516633614774961,-1.5505641297463828,1.110403988968377,0.0354417278465,0.10958712777,3.6595098454738742e-06,0,1.8297549227369371e-06,8,1,1,1,0,0
1141,10,1.6988811563943991,1.6820690968890428,-0.84882987251843345,0.5139429476578522,-1.5830677912396058,-0.65975168911982407,0.699691918685,0.0263936249757,7.0177241573362857e-07,0,3.5088620786681428e-07,16,1,1,1,0,0
1142,6,0.32793422633803759,-2.3474192961311728,-1.3581978168132618,-2.0955857024702391,5.0772675974024262,2.0273047014675751,0.0633471856929,0.00194123535188,5.1607846028345195e-09,0,2.5803923014172598e-09,22,1,1,1,0,0
1143,12,-1.5886747018622513,5.8632531373400445,-3.047470596137841,-5.9093487148409087,4.3549015553539334,-2.2434604028603746,30.1147728605,0.215696527601,0.00092107186746302825,0,0.00046053593373151413,60,0,0,0,0,3
1144,9,1.1330669235347497,3.9599198604482844,-1.2290082425398046,-2.5455922540869209,-6.1282018053952632,-4.6493957049665235,0.783449315339,0.0239261040183,7.8817364674323408e-07,0,3.9408682337161704e-07,15,1,1,1,0,0
1145,8,1.7152218817209932,-4.2900199033804762,-2.0292633309990009,-6.157801033422885,-1.3705370845016267,-1.0209299567044505,0.703535693674,0.0397812553014,9.7703424399106449e-07,0,4.8851712199553224e-07,54,1,1,1,0,0
1146,1,-2.7598443025583754,-3.7267639599057616,1.037243324304689,4.6319658089928959,5.2149751001714204,4.6204933538934414,0.114186596944,0.326906687978,3.2566887709933441e-05,0,1.628344385496672e-05,28,1,1,1,0,0
1147,7,4.4552920633467714,3.5539465325983977,-1.74961302224298,3.1310701940933576,1.5201111732001762,0.29038404443118637,0.0272862883607,0.00392135683392,5.4286556042580921e-09,0,2.7143278021290461e-09,31,1,1,1,0,0
1148,13,-0.14774966138768694,-2.1299734230699778,-1.4675409636313095,2.1444525370021816,1.4924369688876538,4.7916503124820986,0.0437585094431,0.0105633510698,3.5905354846962574e-08,0,1.7952677423481287e-08,25,1,1,1,0,0
1149,9,4.1397599511815883,-3.3820359498564159,1.1393100594510237,2.9429044718728816,5.014401864361278,-2.9380643851821646,0.0248117317732,0.151528890864,6.9949376496846604e-06,0,3.4974688248423302e-06,31,1,1,1,0,0
1150,11,-5.1743477894714722,5.0351172281798657,-2.4398686964265717,5.6528643858903358,3.7858131813475513,6.0082068245618165,0.82085518675,0.0328054941627,1.001632641031797e-06,0,5.0081632051589849e-07,21,1,1,1,0,0
1151,2,3.2544708818363355,-2.598594881755675,-0.96963176738276879,-1.3720926416867536,5.1273368393503489,4.6467552592971755,0.0661194363174,0.0587617000295,1.0561966583949398e-06,0,5.280983291974699e-07,18,1,1,1,0,0
1152,1,-3.3472731111028842,-3.0732658052834756,-2.5698860000783808,1.4027912957870063,4.4086759008606515,4.2919096373105772,1.45201406448,0.0189007988805,2.2171664308926145e-06,0,1.1085832154463072e-06,9,1,1,1,0,0
1153,0,4.9050031096111226,-3.1396424193835619,0.26950058313041209,-3.9060265622904096,-3.0118322784245128,-5.4300378795189825,2.09719632592,0.0190029854232,4.5082338783538511e-06,0,2.2541169391769256e-06,11,1,1,1,0,0
1154,11,6.1349593196772867,-1.9418434611936495,-2.1144874865005665,-1.8805289542138353,-1.3090810026717641,-2.4973833752680918,0.437707267974,0.0804847320597,2.1648359662480568e-06,0,1.0824179831240284e-06,16,1,1,1,0,0
1155,9,1.7625879299856706,1.2969607798150384,0.15983707901449737,3.2096768129508875,1.517258951038031,2.8460597141588622,3.26690450117,0.385257894999,5.5885092995788964e-05,0,2.7942546497894482e-05,28,1,1,1,0,0
1156,5,4.8717785170158168,1.0929874098669443,2.8084300483929905,3.9642507187194616,4.0073873206659982,-3.7687844866609779,0.277272842395,0.00887230214102,1.0085902558899461e-07,0,5.0429512794497303e-08,17,1,1,1,0,0
1157,12,-4.2638791530468927,1.3104585792284451,-1.1976520765328698,1.227389170341324,4.1514720083495762,0.11645703083780377,0.0974834554084,0.182625416739,1.016911625831973e-05,0,5.0845581291598652e-06,17,1,1,1,0,0
1158,0,3.5525600946639613,3.8033897976275068,-0.71675527013809093,1.0155595801229893,-2.5836702462139374,-0.62893580841330476,0.0422587758537,0.0967215723099,2.8515008200917469e-06,0,1.4257504100458735e-06,19,1,1,1,0,0
1159,15,-3.1087199597336328,-0.41578239986286386,-0.55010622489313632,1.4482348879851488,-1.3080673788036936,-0.40581102031700866,0.266192357381,0.0202313760151,1.9554089328256717e-07,0,9.7770446641283587e-08,9,1,1,1,0,0
1160,4,4.5198246808611646,4.3241839590425624,0.63674089705831882,3.1696057154767363,5.1794757438112802,4.1909608509430258,0.252054277454,0.0225499828953,2.1842984329937569e-07,0,1.0921492164968784e-07,11,1,1,1,0,0
1161,14,-4.7890409853514928,-3.7429751698738487,-0.23144930741961248,-0.44083580368348363,-1.4828386526416319,-5.4500983342900922,56.525608316,0.025378715616,0.0031953405932378539,0,0.0015976702966189269,60,0,0,0,0,3
1162,2,6.1087041799839286,1.6146675778720045,-2.2950771029210513,-4.4814168762588071,-1.3003376066852996,0.79911805385172308,0.0808390692821,0.0924297299499,2.6089592432855818e-06,0,1.3044796216427909e-06,16,1,1,1,0,0
1163,14,2.5861703930157951,1.0484782219829212,0.88903274661790532,-5.5129550362943283,-4.4178516548986897,-4.1676578876029478,0.357402343307,0.047946680578,8.280166018304882e-07,0,4.140083009152441e-07,15,1,1,1,0,0
1164,14,-5.0768144413979153,3.9818105631034943,-1.3503070812376843,-4.6008770628180535,1.5799213739910667,3.5201926219887802,1.20006052997,0.016597096537,1.524056290774064e-06,0,7.6202814538703201e-07,19,1,1,1,0,0
1165,10,-4.4874754802239476,3.0636604194935573,2.5911528235555483,-6.2710725730475181,1.6645739401142436,-4.0917471346754315,3.22757652266,0.348163170082,4.7342240622453239e-05,0.0056081025891743103,0.00019191419798645593,51,1,1,1,1,0
1166,1,-4.9222816675555761,5.6952816135860216,1.5018971999901318,-0.80737404009643532,1.5750001352662772,-3.585801138639666,0.0490186662292,0.00426254257762,7.937505549933139e-09,0,3.9687527749665695e-09,14,1,1,1,0,0
1167,8,3.2005953441434443,4.0391964785110757,-2.0850832969753461,-3.6457917101246076,-4.7846589609982351,1.395222941745373,0.0464054481974,0.0100457490564,3.2894564348337387e-08,0,1.6447282174168694e-08,30,1,1,1,0,0
1168,4,0.23011324347310153,2.7497197602451244,2.911367897092533,1.7097212280940703,4.2999118119431294,0.72141007280997449,0.136609338277,0.00808431093957,3.8570712787284066e-08,0,1.9285356393642033e-08,11,1,1,1,0,0
1169,6,-0.21309867913259523,2.9064394933546791,-1.6262299741393293,3.0525152743439152,-4.484944334745161,4.9496800880882192,0.310385096076,0.101205769266,3.2164156472697431e-06,0,1.6082078236348715e-06,57,1,1,1,0,0
1170,9,1.2965273186377044,0.6255538883577606,-2.4958641858370259,3.5303478915464983,5.897019243298069,0.24954372457543111,0.0335933308716,0.00361175263085,5.1021721183774884e-09,0,2.5510860591887442e-09,28,1,1,1,0,0
1171,3,-1.5886111463202754,-2.6508605533598359,-2.6833330496908729,-1.242917887034876,-0.3275963703481608,5.3656916923937121,0.195048783969,0.0237641430555,2.1007199290915826e-07,0,1.0503599645457913e-07,30,1,1,1,0,0
1172,2,-1.384613160985706,5.1171371729835213,-0.45342769490315454,0.98438062426586992,4.1199933476910537,-3.9219532830027619,0.959394221692,0.16372264293,9.0857388317552858e-06,0,4.5428694158776429e-06,8,1,1,1,0,0
1173,12,-4.2286309550613463,4.8740430336693992,-2.6905678239883906,1.8417058148911758,-1.8056516948588062,3.1443859122118982,0.228659436652,0.00554524029197,6.1652029165172683e-08,0,3.0826014582586342e-08,13,1,1,1,0,0
1174,15,-5.7421989537134701,-0.98056491536411006,2.4889207934226545,-0.4212124273563938,4.467841150168792,1.0909071542695024,0.0749286415956,0.00396662295639,1.0407181568748258e-08,0,5.203590784374129e-09,28,1,1,1,0,0
1175,9,-1.4308427208444796,1.4116174178280281,2.2918987182783837,-1.6179273262722706,4.9814119946621496,4.2530001156641815,0.0867231555771,0.279107588138,2.3737536462672529e-05,0,1.1868768231336265e-05,7,1,1,1,0,0
1176,14,4.91173568413436,5.6122755741220898,1.1684757352976758,-4.9374046016130819,-3.2690636320639164,-3.4873956909160975,1.8135468009,0.016778522517,3.3747075349861984e-06,0,1.6873537674930992e-06,9,1,1,1,0,0
1177,10,-1.3840650166915318,3.5135151726134803,-2.7373811788237807,0.69173554388177183,-1.7174641005056577,-3.714453234400164,1.12505699031,0.0970307410541,4.13371548864698e-06,0,2.06685774432349e-06,19,1,1,1,0,0
1178,7,-1.8424643025047873,1.1598512564908443,-2.0407849328896894,-3.9964401617223517,-1.1098109676273014,2.7999927439416568,1.17437790014,0.013443149494,1.4342133849341232e-06,0,7.171066924670616e-07,33,1,1,1,0,0
1179,9,0.21265335411167205,3.6436392842671097,0.23479798258146523,-1.653252939048905,-2.1116644425680091,-5.3227578536784081,37.1450884888,0.000473755977238,0.0013797576672073173,0,0.00068987883360365865,60,0,0,0,0,3
1180,13,4.8788533174585922,-0.70683804015814078,-1.5154916985140547,2.1908219605223036,5.2713597986210523,-1.7883382223120705,1.03192855114,0.0756306417242,2.8072863382573735e-06,0,1.4036431691286867e-06,22,1,1,1,0,0
1181,9,-2.4260811828385025,5.8191451778102312,-2.6153201856047912,-2.4426496591751476,3.3472455019719454,-1.533707324686038,0.0081584357502,0.231852092949,1.6374895676818008e-05,0,8.1874478384090041e-06,16,1,1,1,0,0
1182,11,-5.9749777232160159,1.1236497305416926,-1.320873793500271,4.9172377792933757,1.6835799986549391,4.431365344577495,0.0487237076515,0.0132229411267,5.5635189473858413e-08,0,2.7817594736929207e-08,44,1,1,1,0,0
1183,6,0.067823981242913431,-0.88270377632806951,-1.7592656483552469,-1.8920883936351363,-1.6657528043759222,1.70466020017273,0.0518854110623,0.0252815653421,1.9739061842536479e-07,0,9.8695309212682397e-08,18,1,1,1,0,0
1184,2,-6.055971530875027,2.1427189960178477,-3.0142215913905295,-1.1592347932298503,-4.7441780212380129,4.2680898626131745,0.426823503407,0.0108832774682,2.1825893524584866e-07,0,1.0912946762292433e-07,17,1,1,1,0,0
1185,11,-3.5568558764924032,5.0343861302221971,2.1819144881264494,3.1774660542796327,2.147598828193277,2.1899404230605626,0.0763572293101,0.000389646533796,5.8766748313896241e-09,0,2.938337415694812e-09,53,1,1,1,0,0
1186,12,2.130102060322085,4.8103778149061727,2.5205431144816894,-3.8731315988128885,-5.01173087318901,-2.699076048419744,0.234334636057,0.0838267329388,2.1954353129975274e-06,0,1.0977176564987637e-06,13,1,1,1,0,0
1187,15,5.8297180212921251,2.4256712073805073,0.39346525396385662,-1.4491138747527699,-0.77347125797088367,-4.0114618562480189,0.40971770319,0.00270813968485,1.7010266672461186e-07,0,8.5051333362305931e-08,23,1,1,1,0,0
1188,9,4.9760928661479085,-3.3632937798834925,2.9103737156314962,3.7700828471338514,-3.572011988388712,-4.1880157959691475,0.313127378117,0.0249950399321,2.8835910363372003e-07,0,1.4417955181686002e-07,21,1,1,1,0,0
1189,2,5.0184354973175234,4.7604739601981079,1.4376864815504542,3.9183007385319302,-4.8428781687587099,0.36712406992129543,0.0297146222296,0.008309431593,2.1915772177484209e-08,0,1.0957886088742105e-08,28,1,1,1,0,0
1190,12,0.44265721413838116,-4.8666121738306174,-2.3983808683638932,-4.2673987363306054,4.8747533137621986,0.81225599071419996,0.0319532989328,0.0723422307822,1.5952053167919148e-06,0,7.9760265839595741e-07,18,1,1,1,0,0
1191,0,-1.9468016048910926,4.329862387884913,-2.5576094336429942,3.7120017356681321,-5.0654341317779688,-0.30234663699181169,0.0750711265231,0.00578394059243,1.5826335687863945e-08,0,7.9131678439319726e-09,32,1,1,1,0,0
1192,13,-1.8537308398872365,-4.1185911386679184,1.2978406959017819,-1.7942776509860587,-0.3377119949275153,-2.6413226576299591,0.0562925226032,0.00256325631439,5.1702707354287366e-09,0,2.5851353677143683e-09,30,1,1,1,0,0
1193,6,-3.198326081602858,-3.7102074134977876,1.9868000705558808,4.5279691772744446,-1.7716716380839888,-2.0584225506626175,0.0415174281634,0.0333163898604,3.3984349892119872e-07,0,1.6992174946059936e-07,16,1,1,1,0,0
1194,11,0.30538275205127313,-5.2537809584521282,1.661731297336861,5.0231623173210229,-2.1966374034831873,1.0969551058924876,0.0849867489248,0.0119340292834,5.0606681770837746e-08,0,2.5303340885418873e-08,22,1,1,1,0,0
1195,9,-1.84730382878619,6.031858409918633,2.2703218404675791,2.5111237411967369,-4.6996169737384692,0.31831230517923914,1.00331595024,0.0341807197995,1.362534009106974e-06,0,6.8126700455348701e-07,11,1,1,1,0,0
1196,1,-2.6087103861267074,-2.9464374396152753,-2.8810426951220611,5.4168867055529608,1.7368157015311558,-5.0648789883073571,124.653377465,1.51199115752,0.016234855654592643,0,0.0081174278272963217,60,0,0,0,0,3
1197,2,-2.697057032660644,2.1715913524051396,-1.9768419210201793,4.5291668952977933,-5.734726115535258,-4.4352478195528899,0.313864594448,0.0577766159327,1.1153657696816845e-06,0,5.5768288484084223e-07,18,1,1,1,0,0
1198,2,-1.1523464224474889,0.3487116238541319,2.810079181245106,5.789642005760804,-1.5240109778731172,-3.8342306349000963,96.3984895008,1.3994769726,0.0098892728990374774,0,0.0049446364495187387,60,0,0,0,0,3
1199,6,-1.9221488229777848,-4.7558474284280621,-1.7581765823597484,-3.9614098645752343,4.2746414484368147,3.349265452710978,0.0253662780761,0.000987918852821,9.4074968762599117e-10,0,4.7037484381299559e-10,38,1,1,1,0,0
1200,8,5.4036277724886457,5.5285954125624936,-2.2415282329927115,4.5423840834886411,-1.6219990593839386,-3.4084335111132953,2.86955698316,0.215776296651,2.2417164680356627e-05,0,1.1208582340178314e-05,30,1,1,1,0,0
1201,4,1.2979894428598862,-0.6949834269159394,1.3616703224776034,0.80444014155448296,4.5336272310626198,-0.5671324075416514,0.0074891851783,0.00380397930037,4.4639807079153624e-09,0,2.2319903539576812e-09,13,1,1,1,0,0
1202,3,3.5241412511786363,-1.1747149958944079,0.69992863994339927,-4.2657124862877653,-2.0832502631437286,4.4785148225739233,0.162710962903,0.0129621967099,7.7656232659772172e-08,0,3.8828116329886086e-08,9,1,1,1,0,0
1203,13,-1.3752041376567115,0.92963989986195528,-0.14051624631876758,-2.045778892759595,2.5387148320102524,-6.1629171200144972,37.5816915267,0.000534351461606,0.0014123836249889991,0,0.00070619181249449953,60,0,0,0,0,3
1204,8,-3.8562664299173846,-0.35486167729931911,-1.6049291145888849,3.5617779676871963,-1.7677594707826572,5.2867269403099622,1.20090551368,0.0446801175541,2.0502857388823947e-06,0,1.0251428694411973e-06,12,1,1,1,0,0
1205,3,-2.5820456536899132,1.7432773779430577,1.5896631938731656,-0.61635571361013353,5.4053312516604493,-2.9551026126875626,0.0259626700306,0.0297631477743,2.7051786793703174e-07,0,1.3525893396851587e-07,14,1,1,1,0,0
1206,10,-2.2936058620358288,5.6348398873210854,-2.0610511493810471,-2.2186236972279052,4.0339051097863816,-2.7605619727813591,0.429714426589,0.0587280779938,1.235276053359789e-06,0,6.176380266798945e-07,45,1,1,1,0,0
1207,3,2.8143382455410042,-0.81360083976069442,1.1482792267663946,-3.9034316066574903,5.3663509292788003,4.8705080423147509,0.232277709191,0.182980132304,1.0253070776675817e-05,0,5.1265353883379086e-06,25,1,1,1,0,0
1208,0,-4.216433512644671,6.1811277702382696,2.0554734639904693,-0.61157110960146055,-1.5072193363804294,5.6885939578888367,0.0856022979805,0.00731416007726,2.3623852528638073e-08,0,1.1811926264319036e-08,6,1,1,1,0,0
1209,3,1.9030291261459622,-5.0897332848085242,-0.27299959506731436,-2.7302426906124526,-4.8666484681730235,2.4988017899310524,72.1429443579,0.0356581935759,0.0052049917437366052,0,0.0026024958718683026,60,0,0,0,0,3
1210,3,-0.014340922329637025,-2.3276251159701675,1.4323021992581051,0.60984843106600428,3.9857338358849437,1.18493903799362,0.415907866184,0.858113904899,0.00022448090229165818,0,0.00011224045114582909,15,1,1,1,0,0
1211,12,0.013205948731986182,-0.8288204765500361,2.2234986566318073,-4.2136151660365728,1.284477968813293,-0.62726970760543799,0.353489747239,0.134388817934,5.626453554833107e-06,0,2.8132267774165535e-06,12,1,1,1,0,0
1212,8,1.7320253510966468,-2.6473538282158859,-2.4702885850331224,-2.0707167288202295,-5.2249850070237533,3.4861103003368106,0.145359580517,0.00914481553439,4.6603846966543521e-08,0,2.3301923483271761e-08,14,1,1,1,0,0
1213,14,-3.396437482814072,-2.9454660856327251,2.745437396269176,-6.0883840085369316,-4.66853260957246,1.0416355783651026,3.16054277765,0.00645702193433,1.0001731103723097e-05,0,5.0008655518615485e-06,60,1,1,1,0,0
1214,14,2.9711014738020336,1.2981810375539955,2.598653951676646,1.3669790142123839,1.5504251662643362,1.505901302439083,0.0919627430954,0.0596324364842,1.0916850620836579e-06,0,5.4584253104182897e-07,12,1,1,1,0,0
1215,8,-6.0803049968091498,-1.639632282179353,-2.1007517825854651,-1.2541309248589141,-1.4999529584946028,0.51761184969396479,0.00155693278645,0.0347114590689,3.6703150289007775e-07,0,1.8351575144503888e-07,46,1,1,1,0,0
1216,5,1.5564875398935771,-1.7488890394726093,0.45128823241082094,1.6932496246652249,-3.4883277874862415,-1.9254302124666756,0.617559619757,0.845293598396,0.00021803700476942035,0,0.00010901850238471017,28,1,1,1,0,0
1217,1,-0.050270363209376515,2.7300422929172043,-2.6130955206137148,1.8878873294751566,5.0155991997233373,-3.470369875725738,0.0114675105442,0.100969398899,3.1056511193394112e-06,0,1.5528255596697056e-06,16,1,1,1,0,0
1218,7,-5.5038808723662234,2.6375266136605084,0.024090765589208779,5.5746682633462257,-1.7342973923784588,-5.423626411065217,3.6349505026,0.00082510027167,1.3213072536985342e-05,0,6.6065362684926708e-06,60,1,1,1,0,0
1219,4,3.6845631684969393,0.2918911392460895,2.1033912917772599,4.86098792496154,3.2842482782447635,-3.5644528849250432,0.565453948103,0.310275334693,2.9645495782840293e-05,0,1.4822747891420147e-05,14,1,1,1,0,0
1220,4,2.7639982469335189,-4.9596199267176546,-1.9271685812588502,1.4617911990005608,-2.1447562055247502,-0.95608437670669288,0.287377817673,0.00136911984739,8.3157012140556725e-08,0,4.1578506070278363e-08,13,1,1,1,0,0
1221,14,2.8556680072703178,1.9977376632122303,1.1008539837260851,5.0458803811872386,4.0446958049307273,4.2967762698846732,0.0224632948914,0.0134725565645,5.5795640583959929e-08,0,2.7897820291979965e-08,26,1,1,1,0,0
1222,10,-4.9481541409690948,4.8508388802212332,-2.3106985633959236,-1.4185848716143765,-1.1515935545947749,-0.0077234443125936093,0.0245767482175,0.121789685884,4.5189112227214826e-06,0,2.2594556113607413e-06,20,1,1,1,0,0
1223,11,0.71950480280470896,2.136792654109815,0.56208539996415452,0.36011997268517337,2.4072379161834565,1.4182999095457278,0.556088665288,0.0950334826956,3.0603450470858813e-06,0,1.5301725235429406e-06,11,1,1,1,0,0
1224,3,3.7632111193702813,3.4569766264132156,-1.1121057110901971,2.411338393268756,1.514485832111425,1.6975304091207775,0.828889497317,0.206760822012,1.3709463923596073e-05,0,6.8547319617980363e-06,15,1,1,1,0,0
1225,12,3.1340972512167786,-2.3871500188341308,2.2379363396608651,3.2668256986300839,3.660749068307239,-0.22681228225073788,0.0927857903178,0.0145343531072,7.2958846976311955e-08,0,3.6479423488155978e-08,13,1,1,1,0,0
1226,12,3.553969611855134,4.306770512464877,1.6246130008387207,-4.6630313360834501,4.7326362928711898,4.3117248968166466,0.860709419406,0.00646213853447,7.53541294900602e-07,0,3.76770647450301e-07,16,1,1,1,0,0
1227,14,6.1891819618335271,1.4439578160857378,2.9243180876135479,-6.1950582535431256,2.3294328182398027,4.7337792133608456,26.9608905769,0.00629568202453,0.0007269016943982498,0,0.0003634508471991249,60,1,0,0,0,2
1228,10,-5.2188107471710179,1.0673050185473918,1.4452673998400238,-4.4482003276367452,1.6997538317650667,3.7308288818335558,1.02112854224,0.0020080258202,1.0439317682950164e-06,0,5.219658841475082e-07,13,1,1,1,0,0
1229,8,-5.6104716302505739,0.64068637216877466,1.5209911769163313,-2.2932269677700892,-3.9062256077242306,3.1808067706800025,0.0887300328633,0.197186525479,1.1852167712028204e-05,0,5.926083856014102e-06,59,1,1,1,0,0
1230,9,0.73765938597595271,-2.9415672319885058,-0.81105952039556828,1.6893954587925544,-5.0394649065402346,3.36010553228276,0.00437952625222,0.115924432267,4.0936124548947418e-06,0,2.0468062274473709e-06,22,1,1,1,0,0
1231,9,-2.0526157086858174,1.4350764371626004,1.2853481402646652,4.3444700620448655,5.0063443906239202,-2.3648582553755255,0.0292552734048,1.8413993972e-05,8.5597431019228523e-10,0,4.2798715509614261e-10,19,1,1,1,0,0
1232,15,-2.8057395269805778,-3.2873704355486439,-0.6029700485616506,4.8911875749613554,5.9077803008275787,0.15064127772318858,3.1128444092,7.64649916293,0.01782035031902476,0,0.0089101751595123801,60,1,0,0,0,2
1233,14,-6.0337051178722341,3.8973534449434251,1.1001548447474292,3.8077500620410145,-1.5120793469474318,1.0681436421273807,0.650646330217,0.0547582716736,1.3367263289635566e-06,0,6.6836316448177829e-07,21,1,1,1,0,0
1234,15,1.9801345888995014,-3.1786234395563264,1.8685578130928955,2.8434580758777641,3.5101225346340157,5.2692931132089331,0.0238045364923,0.00229205987239,2.1669752876330597e-09,0,1.0834876438165298e-09,21,1,1,1,0,0
1235,1,1.4000334925291908,-2.4865893228980833,-2.6082040678966765,0.014936624223659973,4.8238597599256199,-0.2003537762896688,0.0563602446821,0.000882883475096,3.413921351093183e-09,0,1.7069606755465915e-09,6,1,1,1,0,0
1236,14,-3.6782778936210958,-5.4713614650999256,-0.77151435828322124,-2.1757985827204998,-4.3961743579474577,-4.3740306552850381,0.262996734471,0.00393383530455,7.3881255252455043e-08,0,3.6940627626227522e-08,12,1,1,1,0,0
1237,1,5.5649736774447387,2.0037471528541375,-0.48085810993325601,-0.89824020766755597,0.11792172378794842,2.9268016310428777,1.42757093321,0.0152077578831,2.1084094372012383e-06,0,1.0542047186006192e-06,7,1,1,1,0,0
1238,8,5.4698105740204337,1.6511642002062574,-0.82833764763584883,-0.27853592133827565,3.7893073501158581,0.76086211186242114,0.332580945988,0.0648850110421,1.3930691188696909e-06,0,6.9653455943484546e-07,15,1,1,1,0,0
1239,1,-4.5952391467287867,1.249118782503408,-0.59755368304665391,6.0795739078237716,-0.9643713859148163,1.1767180228189003,0.286320341264,0.00549913219907,9.1191107179228668e-08,0,4.5595553589614334e-08,19,1,1,1,0,0
1240,2,-5.2628786015471736,-1.2802085205148801,-0.58848409652194822,1.804032688445079,1.9087646166738659,3.6521057927069855,84.6337224005,1.68982395489,0.0080327035322009018,0,0.0040163517661004509,60,0,0,0,0,3
1241,2,0.63130653924846925,4.704237833179989,2.4041838480404669,-2.8551088682413823,-4.4045640470486331,-2.089937541002052,0.0366869439822,0.10159965793,3.1457563511356047e-06,0,1.5728781755678023e-06,13,1,1,1,0,0
1242,15,4.0649604036607228,0.9361452985666977,-1.2470692876699099,2.4528101989887028,-0.3194375469888393,-2.8458207630022638,0.0278018327352,0.0202637852292,1.2585524894073452e-07,0,6.2927624470367261e-08,12,1,1,1,0,0
1243,5,5.1734569345492405,-3.4004118428379257,-1.9959200396583658,-4.7854368730031718,3.1181621856378707,4.7742055753297219,1.02939169171,0.0255981945556,1.2592531697378144e-06,0,6.2962658486890721e-07,15,1,1,1,0,0
1244,3,-4.1667558726299534,1.067125217722475,0.49816255406958504,-0.3226150828660786,-1.0339764279431232,-0.63566344774062822,0.872215859692,0.318868572208,3.1733396568263765e-05,0,1.5866698284131882e-05,36,1,1,1,0,0
1245,5,-3.219292318924265,-4.4384082639666085,1.8878717551645259,-5.4318796730323227,-4.5382790112365399,1.7470529886860731,0.0189886418957,0.018992806498,1.1024420471815721e-07,0,5.5122102359078603e-08,14,1,1,1,0,0
1246,10,5.6485729773783344,3.3222690155399919,-1.6086418966982012,3.1744915797585636,-4.9647525008017697,-1.6163043543380664,0.235839515083,0.0210873273865,1.9107614264720125e-07,0,9.5538071323600624e-08,43,1,1,1,0,0
1247,11,-5.0965067294249478,-1.6830644172044853,-1.6340250488562358,5.8306380742646811,-1.0009954593866428,-4.8980672267249794,0.665379578383,0.142055249602,6.5898162832358249e-06,0,3.2949081416179124e-06,20,1,1,1,0,0
1248,2,2.1178413605464472,5.4915682425131367,-0.81573537064739376,3.0173897534886818,4.6130277418283363,-0.40889539985320938,0.42163590357,0.0036643504334,1.8186707464710723e-07,0,9.0933537323553616e-08,30,1,1,1,0,0
1249,0,0.05049527183560322,-2.358880552105695,0.99560399999931692,2.9290140844953432,4.8700561377174418,-5.1851457313748126,0.7807100747,0.00753498789578,6.2680319233691923e-07,0,3.1340159616845961e-07,47,1,1,1,0,0
1250,9,0.47131731084009421,0.58881193007666555,0.30254397515369186,-2.3455304293625021,1.0190107980380534,-2.1300307763584803,1.36105745933,0.00311419478758,1.8554316510463568e-06,0,9.2771582552317842e-07,29,1,1,1,0,0
1251,2,1.83024239347758,-3.1661940818730687,2.6088957276682425,-3.9465299273640309,2.3666224117641552,-2.2070667602960619,0.11739820539,0.00547659416105,2.29187543680333e-08,0,1.145937718401665e-08,14,1,1,1,0,0
1252,15,-2.5843629487238875,-0.29298861913251506,1.1493024072415414,3.7245983258556246,1.3846805385166001,-0.71954448162268858,0.034592112039,0.0754898738533,1.7371263178885347e-06,0,8.6856315894426736e-07,17,1,1,1,0,0
1253,4,3.2591388147321956,-0.39136107265102615,-2.4845843182996128,-0.24301460261298172,-3.9646406027804968,1.5256094770277073,84.0109870628,1.76902958632,0.0080111357071898405,0,0.0040055678535949202,60,0,0,0,0,3
1254,9,-3.472408437511973,4.2144350896913387,2.7830929907995259,-1.6849438022409737,-2.1320519070430959,3.9451858837355038,0.397343501643,0.00504204327993,1.6562590340004177e-07,0,8.2812951700020886e-08,15,1,1,1,0,0
1255,11,-4.1837097324985928,-4.5406558857016304,0.37486759427581223,-5.0092574218463781,6.0173331528255174,5.0067042557896926,2.36406278667,0.0858751363598,7.8352059152695449e-06,0,3.9176029576347724e-06,14,1,1,1,0,0
1256,13,1.1420200148973318,2.7435092178884912,2.2879779423994431,5.9678357559904454,1.7437199005053796,3.6360859585285454,0.427153234806,0.000821863162276,1.8266564260067889e-07,0,9.1332821300339447e-08,13,1,1,1,0,0
1257,7,-1.0156334857339022,4.8457461512513547,-2.5834731875400041,-5.4949254619909027,-0.36057938410218443,-4.4946009070152222,0.271633824634,0.0390111325198,5.3737257837202098e-07,0,2.6868628918601049e-07,14,1,1,1,0,0
1258,13,-5.2111025365031498,2.8225395965090776,-0.82832462314962096,-3.4604834523077761,1.641838559886982,-2.76234928480054,0.0319860196303,0.00476600578811,7.9424326220334692e-09,0,3.9712163110167346e-09,20,1,1,1,0,0
1259,0,4.239927677961318,1.8997708683844496,0.56617459712723761,5.177858962904347,4.4775357678670655,2.8529764823306203,0.441572619902,0.136227682534,5.8480708161428241e-06,0,2.9240354080714121e-06,35,1,1,1,0,0
1260,10,-4.5993189726080166,3.0633551553411893,0.27448977546924674,-1.2616038770881941,4.7597156590074938,-5.7460130082985579,3.4624745664,0.0778607892647,1.3835413070008552e-05,0,6.9177065350042762e-06,19,1,1,1,0,0
1261,1,4.5739549868873848,5.5097566559445186,1.2353222199814973,-2.7268944875639121,1.4168141343823137,-0.35330030640511212,0.0415386664012,0.00185190925705,2.7701669299543077e-09,0,1.3850834649771539e-09,25,1,1,1,0,0
1262,5,-1.4365297890405309,5.4277723067371006,1.7313546289947634,-3.5293316470893847,0.34792145380912998,-5.6302638740434983,0.524155068621,0.000545606401036,2.7482921640686052e-07,0,1.3741460820343026e-07,17,1,1,1,0,0
1263,9,-5.5866993566763767,-3.5633815174495567,1.1056829435274314,6.0507139190797412,-5.1097200790662116,-3.3717949085006063,0.177370687944,0.00751890154847,4.8681565748861838e-08,0,2.4340782874430919e-08,55,1,1,1,0,0
1264,10,1.4804759965434244,-2.2262594098551114,0.86036532595188031,0.42832887240365713,-4.2821824741870866,2.3700202740024543,0.200351139432,0.00179295316324,4.1119826917300767e-08,0,2.0559913458650383e-08,20,1,1,1,0,0
1265,8,1.4858657786547522,-5.4750639002444368,1.2936619652989347,6.0844952279470963,-2.2824322842552216,0.28647029301745741,1.23693783444,0.095981641311,4.3362957134067328e-06,0,2.1681478567033664e-06,20,1,1,1,0,0
1266,0,-2.2567806060774349,5.5170168043593133,1.2831867908884034,-5.4892323663079248,-1.4030867623591319,3.9946330867255644,0.0181266775839,0.0286525807751,2.5041045686324065e-07,0,1.2520522843162032e-07,19,1,1,1,0,0
1267,4,-5.3179829276931692,0.40411311081563672,-1.1107835367653813,4.8781757751981552,-4.2893569055112462,3.2399489490880762,1.48135831059,0.0239717870346,2.369469800904605e-06,0,1.1847349004523025e-06,48,1,1,1,0,0
1268,8,5.1431008150112349,-4.2210698830850442,2.79966587966064,-0.95507445673946445,-5.3618553247114411,0.52296789317096803,1.20962725228,0.0154870322707,1.5362600196944344e-06,0,7.6813000984721719e-07,17,1,1,1,0,0
1269,12,4.7524611857604322,-0.50667249975543061,2.2693111120929341,-1.3516060281770572,4.8444567068985434,-4.1615218009553709,0.0232305321386,0.305105103712,2.8357108515397975e-05,0,1.4178554257698987e-05,8,1,1,1,0,0
1270,15,-3.4837340156439907,0.35677437604712314,-0.061331881562048607,-2.6806729809290188,1.033107537428803,-3.2586838489612062,4.2924282039,0.0284970498469,1.8672314163437463e-05,0,9.3361570817187313e-06,13,1,1,1,0,0
1271,3,-0.63259466492166994,0.91120972738705264,2.3769547522347887,-4.3208939755211553,1.4488654084041732,-0.80390501090062516,0.471558795389,0.0345210481521,5.8538111909332561e-07,0,2.9269055954666281e-07,28,1,1,1,0,0
1272,11,-3.0384748517633273,1.2623869648134596,2.4951089250018685,-5.7168909514098889,-4.7708050112043328,1.4630239448166378,0.0752062815497,0.0342709421045,3.6342837447373128e-07,0,1.8171418723686564e-07,13,1,1,1,0,0
1273,15,-1.1212475933876322,-4.2430763242894791,-2.2626091372524351,-0.831168929864877,-4.4195309190272969,0.35834109010292298,0.615990920061,0.0164589808723,4.6196507902660328e-07,0,2.3098253951330164e-07,23,1,1,1,0,0
1274,8,-4.7596904986313282,-3.6921489198715292,-0.38280084887219196,0.93378754974049816,0.92607338181876397,-3.2912950312070355,1.16468316842,0.00535139328464,1.365210336763621e-06,0,6.8260516838181052e-07,11,1,1,1,0,0
1275,9,-5.5668002175317692,-6.1097715714012351,-0.47523401963200984,3.6076222951514088,5.8092597838093214,4.3924033460159571,0.0334042746694,0.743129459959,0.00016822346446420121,0,8.4111732232100604e-05,58,1,1,1,0,0
1276,0,-3.7782542310682921,-4.0460153540172916,-1.3960517635908569,-2.5128331900972642,1.3560243038011195,1.7003495824131312,0.0415522453468,0.123102790599,4.6179894561640588e-06,0,2.3089947280820294e-06,11,1,1,1,0,0
1277,12,2.762415195048749,3.4989500444760009,1.4564819955216137,4.3168098362330296,-5.9547200542359855,-1.6740961352526629,0.0330161744977,0.00969530388805,2.972377548445648e-08,0,1.486188774222824e-08,23,1,1,1,0,0
1278,4,-3.945614390265594,-0.87620279332061035,-2.467986428935796,3.3785402007962402,-1.7791702942336933,0.60973406721352019,0.391305693563,0.143571180861,6.4321027528366649e-06,0,3.2160513764183324e-06,16,1,1,1,0,0
1279,4,5.3591181807374682,1.8045861215746615,0.25443038631750359,-2.7970897107159134,1.2457061428686997,-0.99074324168443884,120.130557388,2.34412382849,0.016105198111529426,0,0.0080525990557647129,60,0,0,0,0,3
1280,8,2.5268429662718273,-1.9630780792389428,-2.0111664163838872,3.0284231007998148,-4.8927140941034626,-3.7601154527106746,0.057821031009,0.00610657860258,1.4702547275168937e-08,0,7.3512736375844685e-09,40,1,1,1,0,0
1281,0,3.1089730731507865,-4.763348445034242,2.7017405323650712,1.7942383387265504,-3.4644290701546261,-2.285707645419448,0.0268107376562,0.343616661193,3.5967631651914133e-05,0,1.7983815825957067e-05,17,1,1,1,0,0
1282,15,3.517676344884042,0.16105689280201613,0.9807728291373693,3.7672622393675042,-4.6820981732697673,0.81608092136140309,0.536114466081,0.311292313978,2.9805731532944399e-05,0,1.4902865766472199e-05,18,1,1,1,0,0
1283,2,-5.199613204950718,5.1577553177221152,-1.8939000926624991,-1.0335029735513015,-1.239853655640605,0.31793792693675976,0.267011204234,0.00287009286112,7.380424878244829e-08,0,3.6902124391224145e-08,11,1,1,1,0,0
1284,8,-4.0768163762289102,0.81630736030137185,2.2544290591942096,0.71103273520883548,-3.7414993696542678,2.1126655043793203,0.0045508466274,0.495986880153,7.4936815347150068e-05,0,3.7468407673575034e-05,21,1,1,1,0,0
1285,14,3.255311078480505,3.9060009587858415,-1.4820989375213154,-0.95654705940642692,4.6953675238930916,4.601532869884803,0.113612897392,0.00461118099955,1.9384967668749602e-08,0,9.692483834374801e-09,26,1,1,1,0,0
1286,4,-0.39210759850069909,-4.195228860279312,0.040818785392838286,-1.1682223942869248,5.246068695115726,3.1899685393750987,40.347939491,0.00942752343796,0.0016279832950150787,0,0.00081399164750753936,60,0,0,0,0,3
1287,0,0.27511049582348301,-1.6281083842074353,-2.5555997907865944,-0.24232043114841109,-1.450404866179055,-4.8440777250650058,0.081886044616,4.49812714183e-05,6.7059406397813183e-09,0,3.3529703198906592e-09,25,1,1,1,0,0
1288,2,4.3687154045264114,-3.6759433626041904,0.72249860863461302,3.245406293379971,5.2572376675014674,-4.5575404560416857,0.495538659537,0.0114104205154,2.8521904941567173e-07,0,1.4260952470783587e-07,15,1,1,1,0,0
1289,0,-1.8591311924320069,4.8782665652379906,0.27287682552894332,1.6433022240148496,-2.1860564081096503,3.0843372310104993,0.11286564603,0.000289655799883,1.2764211602320325e-08,0,6.3821058011601625e-09,16,1,1,1,0,0
1290,14,3.5767506829955851,3.7179930916303494,-2.2876737055199867,-5.9008554848665904,5.8423203601809721,-1.9565731885349182,0.733910735813,0.0125414046453,5.8653727660821987e-07,0,2.9326863830410994e-07,14,1,1,1,0,0
1291,6,-3.4915710519990277,3.8960283377606095,-2.4973792151902279,3.4266740153324737,-4.5961273631921671,-4.4985401933503963,0.0667795223195,0.009528215359,3.2114772152147221e-08,0,1.6057386076073611e-08,13,1,1,1,0,0
1292,8,1.8156240985685572,2.7436474070317995,-0.86763623203591256,0.88698165042972443,-2.254624518947355,0.74087374783817239,0.0772377322979,0.0285442474001,2.541600390461881e-07,0,1.2708001952309405e-07,13,1,1,1,0,0
1293,0,-2.198352317263137,2.0633449750081057,0.96245257077581647,1.4728204655770081,1.6233347370640225,0.75014374481621204,0.0549751682448,0.110207737691,3.7028279085600302e-06,0,1.8514139542800151e-06,43,1,1,1,0,0
1294,11,2.0088558112519403,-2.8656150791028581,0.55408718621553288,3.9061175058741395,-1.3349780603152706,-0.78037586063220421,0.292764882476,0.207464712061,1.3196934468188007e-05,0,6.5984672340940037e-06,18,1,1,1,0,0
1295,1,1.3315129621582489,4.1548078076156401,-0.79933530573205414,-0.22213452218965124,3.8422889605464374,0.44939886334338347,0.0219464020601,0.81650616972,0.0002030835313614038,0,0.0001015417656807019,59,1,1,1,0,0
1296,2,1.031322354122717,0.10169702368503256,-2.2954098659848166,1.3546731573085078,2.6582962022147503,-1.8522806695508707,0.156652335467,0.00562549231261,3.4179926957832032e-08,0,1.7089963478916016e-08,25,1,1,1,0,0
1297,2,-1.552549862907467,1.0797179127857455,2.443442245448701,-0.67134247081966936,-2.5745839455357067,4.5714359150706914,0.0696752438064,0.0192706917756,1.1797723103928411e-07,0,5.8988615519642053e-08,36,1,1,1,0,0
1298,11,-3.7597885313076702,3.4805229900980579,-2.6373126053630145,1.225892456110381,-1.4865952173223755,-0.32669269800443401,0.0631113680112,0.000267681530531,4.0048716466110259e-09,0,2.0024358233055129e-09,16,1,1,1,0,0
1299,7,-0.88502751863487195,-2.3857403070493062,-2.0695824201898207,-3.2504003906787258,1.664916785516279,-0.65671937350132059,0.0291424224571,0.00979344788618,3.0065631455370098e-08,0,1.5032815727685049e-08,34,1,1,1,0,0
1300,9,-4.8602924537602092,2.3902286112079931,1.1222797753999647,1.3225832543869813,1.7426989284593157,3.3847076083982373,0.0886988919453,0.0565144969604,9.8078152678058925e-07,0,4.9039076339029462e-07,16,1,1,1,0,0
1301,12,-2.6191403203088996,3.7455659979453113,1.0387949618227816,-3.1405733953090196,4.053020087090732,3.6415399735267249,0.0700440784541,0.00964898014435,3.3266913067532214e-08,0,1.6633456533766107e-08,29,1,1,1,0,0
1302,9,3.2553320705336422,-4.9420349874670535,-0.74869095588993329,-1.8544308717682039,1.0132077010277614,-0.12231732753080871,0.0560977462899,0.242288388971,1.788530544319351e-05,0,8.9426527215967549e-06,11,1,1,1,0,0
1303,9,-1.056896138544432,-4.1072696686994812,-0.70232110768056533,6.0334589956281066,5.2399053957488233,1.3895059003259584,0.700888795616,0.0145147369175,5.554211670172038e-07,0,2.777105835086019e-07,14,1,1,1,0,0
1304,2,-2.2426077664973829,1.5745114683440724,-1.4393921849819316,2.8691618520785998,-5.5444129829017461,-4.9279310642188729,0.351299954167,0.0304917757092,4.0662921216083084e-07,0,2.0331460608041542e-07,18,1,1,1,0,0
1305,2,-5.0216927332643193,2.8050034568771824,-1.7298980947075155,-2.7245674311023071,-0.7085312903309785,3.8795170172461195,2.2752898772,0.0541708379453,6.0708376549396788e-06,0,3.0354188274698394e-06,38,1,1,1,0,0
1306,10,-5.2287869585949593,4.6767887489993916,-2.4685988320340928,-3.3609357002982496,2.1911187606437506,-2.8548876138396051,0.278653329757,0.00366299505985,8.1734892408694511e-08,0,4.0867446204347256e-08,15,1,1,1,0,0
1307,6,2.6814108768244962,0.70584711403641165,-0.64848837884354971,-6.0497895939464925,3.1404687029438905,3.0685033175763792,0.739801536928,0.139211445345,6.4507390629346699e-06,0,3.2253695314673349e-06,40,1,1,1,0,0
1308,5,3.4185393583509267,-5.8809374982531217,-0.48854329261099305,1.6086032081414712,-0.85743132478320772,-1.553482243457192,1.52067813517,0.065478956817,3.6185072851719572e-06,0,1.8092536425859786e-06,22,1,1,1,0,0
1309,14,-3.9811019838466732,1.9889342414816251,-1.5373968961290292,-2.2437569903339969,1.4924556841647172,2.4013427913692666,1.0642170008,0.0744027744143,2.8188506639949627e-06,0,1.4094253319974813e-06,20,1,1,1,0,0
1310,5,-4.1968509664706533,-0.38699823049963189,-1.2319740501561809,-3.8943070067249206,4.4297141107252065,-0.73262443549906386,0.0800495306898,0.153588761431,7.192182878091501e-06,0,3.5960914390457505e-06,13,1,1,1,0,0
1311,14,-5.7849196695552507,-0.67220314451153096,-1.1183747536415594,-2.9285861230003376,4.2970127375594647,-4.8276709366981034,0.926810338236,0.00860694980519,8.8154333508767788e-07,0,4.4077166754383894e-07,8,1,1,1,0,0
1312,3,-4.9159568740152473,2.2737041767434798,-0.57507151094452635,4.3724134561153321,1.186957266883049,3.3207602767496298,1.68632100302,0.109587875464,6.5019821740515213e-06,0,3.2509910870257606e-06,19,1,1,1,0,0
1313,6,-4.5363055382124795,5.2275966552614772,1.0235286651612674,-1.4232086964417299,-4.7606069328422356,3.0167563758398797,0.213687212071,0.0083114502723,6.6705258599617386e-08,0,3.3352629299808693e-08,15,1,1,1,0,0
1314,11,1.9652143714246131,4.5830699426844852,-1.8675344326171619,-4.7771584317659519,-4.4600589804307571,-3.658247930220957,0.556096298207,0.0455232954951,9.4052322694229854e-07,0,4.7026161347114927e-07,8,1,1,1,0,0
1315,7,4.5997004580686536,5.1798177320100987,0.57148171298092187,-4.4511025995083759,4.9696988996643388,-2.9113037529071817,0.36482536926,0.0190151337372,2.4323968836455708e-07,0,1.2161984418227854e-07,11,1,1,1,0,0
1316,3,-1.3570783476941153,-4.389011143866659,-0.053875435436898933,3.5252187157603245,-5.0096905033219743,-0.49283248185000816,153.55702271,0.0158296189788,0.023579835553623352,0,0.011789917776811676,60,0,0,0,0,3
1317,6,-5.6989685190179378,3.9493022507459958,-0.49024515266428509,4.0891279153320257,4.8723040654284731,1.5250140041284836,0.209678853049,0.0691952661927,1.502468816506221e-06,0,7.5123440825311048e-07,19,1,1,1,0,0
1318,6,4.1282229581624996,0.45351436054397548,0.45825639765136972,-4.2041944961797233,-2.1040680478224525,-4.6444575495812996,0.0231144037086,0.506111089399,7.8027809570564995e-05,0,3.9013904785282497e-05,24,1,1,1,0,0
1319,12,0.19497353985400506,1.1008879375648757,-1.3156469977064993,3.9424809492533215,-4.1165919262439097,4.5055808109262392,0.758363512924,0.00659090399271,5.8834780315373131e-07,0,2.9417390157686566e-07,20,1,1,1,0,0
1320,3,0.98345854471421668,2.4664418154994125,-2.7904355336302369,-1.5289374682552281,-4.2796217587703662,3.6173513971788278,0.163084500063,0.0132809172396,8.0325816236473383e-08,0,4.0162908118236691e-08,48,1,1,1,0,0
1321,2,0.2751224767114453,-4.6546385588816603,-1.5736016603680085,-5.3040767658061396,4.4797749781405889,1.151520653905614,0.084201233629,0.0126811930787,5.6076184663169389e-08,0,2.8038092331584695e-08,8,1,1,1,0,0
1322,6,4.3797201278353368,2.3424770525725922,1.3078854160528179,-2.8156659822601515,-0.32240498517979538,-1.5303405258504943,0.147753449086,0.0282877479727,2.6558493133438073e-07,0,1.3279246566719036e-07,18,1,1,1,0,0
1323,7,0.38992854677723598,3.0741950411528332,0.30501060267587549,5.8869638355515317,-1.7198550436081845,2.5554572449124362,1.56925064915,0.015087645841,2.5318898128250471e-06,0,1.2659449064125235e-06,12,1,1,1,0,0
1324,3,-2.4803539946463418,6.0368559564422739,1.2321611017100482,-5.4226541531539825,4.0432401534498101,-1.7821962031273457,0.276058853681,0.0580094751967,1.1012763301622486e-06,0,5.5063816508112429e-07,40,1,1,1,0,0
1325,5,-0.51802579385525815,0.050154682321111817,-1.332993820104303,5.3778847563206797,2.0119973773692723,4.1596196859135208,0.372430715667,0.0453467662026,7.6509833464249395e-07,0,3.8254916732124698e-07,20,1,1,1,0,0
1326,14,-1.3917597311151908,3.3507968817361715,-2.0142319806763496,-0.83843775129506493,2.1501708960882375,2.1685872076959787,0.0208905721776,0.125579014023,4.8042801647646941e-06,0,2.402140082382347e-06,42,1,1,1,0,0
1327,7,-1.8372946906580485,4.8376819372896094,-2.3270423397909039,5.3116302134415978,5.0170266248526758,-2.6285584387363987,0.0508645225911,0.0341460905034,3.5775755463836507e-07,0,1.7887877731918254e-07,15,1,1,1,0,0
1328,9,-0.8832099822715086,4.748460125615634,-1.8538935490023094,4.6962035510441646,-1.7685900414246651,1.6326667786278704,0.014781460225,0.0504923884653,7.7683490481441435e-07,0,3.8841745240720717e-07,17,1,1,1,0,0
1329,6,4.9121091932115082,0.89179228180101977,0.5667961414315843,0.13254303773764375,4.3878351686863475,-3.0574743292207982,0.279474160129,0.02480390329,2.655166835881784e-07,0,1.327583417940892e-07,23,1,1,1,0,0
1330,13,2.4290553628035738,-1.0649841392871342,1.9309941150108858,5.564850266789831,-1.486631708587004,-1.2292142787331086,0.547868483787,0.000578027937729,3.0026165317121789e-07,0,1.5013082658560895e-07,10,1,1,1,0,0
1331,12,1.2019451115624837,-1.9436876355965074,-1.4520148529707708,-1.5123290861424685,-2.4284067313393871,0.18541880962665677,0.0601945071012,0.00649945207398,1.6491294961054997e-08,0,8.2456474805274983e-09,44,1,1,1,0,0
1332,2,-5.5186845852535775,-1.129274092555326,-0.91155948673138454,2.0005737970672266,2.7675480414764535,-1.7175238562463386,4.77813202874,0.129567875378,2.7944412461396342e-05,0,1.3972206230698171e-05,42,1,1,1,0,0
1333,5,2.9344155173625968,-5.9973065946842761,-0.40234219841400837,5.0454850227117838,-0.77130047248898725,-2.5239754222857629,0.0295178476477,0.580390877182,0.00010261233673879815,0,5.1306168369399077e-05,38,1,1,1,0,0
1334,12,2.6129016102888243,2.741267104839487,-3.0243145571733376,1.2372103055199424,-1.3089582527624926,5.3717124947922184,1.14553397085,0.0457158211833,1.9488790835533354e-06,0,9.7443954177666771e-07,8,1,1,1,0,0
1335,13,5.5663802767669681,-0.23033066737855906,-3.0507577542335365,3.2894835042407911,2.08630598091474,0.49345653335036044,2.14025682449,0.151223509325,1.1546857900728763e-05,0,5.7734289503643816e-06,18,1,1,1,0,0
1336,14,-1.8554051339488362,-4.9149458883726167,-0.95719662783762627,-3.2019169381930417,-3.0551710123746982,0.92865027194408423,0.0713062395804,0.370781157149,4.1883481243657756e-05,0,2.0941740621828878e-05,10,1,1,1,0,0
1337,5,-3.3764627738070234,-2.544412691272945,2.8532384469793075,3.8585149847258973,-0.83756185744016043,-0.86043347894092193,0.127738396187,0.0549607263817,9.3646928545116069e-07,0,4.6823464272558034e-07,16,1,1,1,0,0
1338,2,-2.4326299437474481,1.4189277209942688,-2.5537070729165703,1.8644726148232225,4.8087356862985118,3.4124598956039054,0.025320423575,0.000848836130724,8.6060763919167427e-10,0,4.3030381959583713e-10,33,1,1,1,0,0
1339,6,0.57807387532189491,2.0084696624269847,-2.3260837766050182,-2.0673729977255402,-5.2910041487607531,3.6556793015743287,0.315880706669,0.0503580872271,8.7227119104348878e-07,0,4.3613559552174439e-07,17,1,1,1,0,0
1340,3,3.5291815614440436,1.5789119702415408,-1.8427069291426146,-1.2422719184372208,-4.6513625846424178,-4.4041067020403615,0.00109705252601,0.00856030532798,2.2323210823873662e-08,0,1.1161605411936831e-08,23,1,1,1,0,0
1341,11,-1.9365581594473857,1.2406887189759919,-2.246095503003112,-3.70807511847678,-1.6603959352260453,3.571146316114755,0.0616260467202,0.00814994605659,2.4030952357779931e-08,0,1.2015476178889965e-08,19,1,1,1,0,0
1342,10,4.0739831783376337,-2.8503660259491297,-0.29934372246993995,-1.1637148746662258,-0.84144312056321147,-1.801697586436368,0.0682262063561,0.0229199314881,1.6467743107222508e-07,0,8.2338715536112542e-08,48,1,1,1,0,0
1343,14,-0.28243772875263295,-1.642119437226953,0.61334513198876084,2.6417542441848818,-3.2258806131773321,-0.12587533424267641,2.83544824791,0.387224731144,5.3715014229541756e-05,0,2.6857507114770878e-05,35,1,1,1,0,0
1344,11,-4.2856912551938917,-1.6671000682254007,0.77242923829543408,-1.0391729166933525,-3.0894682550365089,2.5047818905766737,0.24906222431,0.0208481581829,1.9443264311750788e-07,0,9.7216321558753941e-08,22,1,1,1,0,0
1345,2,-0.30408818771428725,1.2001733443122307,2.8328008986910067,-5.5802585151848403,0.84693562593380056,5.0282449321202174,123.884324846,1.44063033925,0.01597953374074788,0,0.0079897668703739402,60,0,0,0,0,3
1346,9,-3.5600996620038696,-1.5496782574991566,0.44513434542509056,4.7519714324690243,-4.0657141078969037,3.6666383858471225,0.0100250790807,0.599710286521,0.00010955649506617426,0,5.477824753308713e-05,12,1,1,1,0,0
1347,5,0.31490151256547766,5.065132914320853,0.057254840546550501,-0.73157665254444715,-5.1535033426330497,4.0249683234652789,2.93136191434,0.012222281561,8.6383876921915463e-06,0,4.3191938460957732e-06,19,1,1,1,0,0
1348,5,5.9935038248169992,0.0017777776516908501,-0.72821496364790028,-4.6617742708065784,5.0052467728324528,-3.6827113472145818,0.0460274908466,0.0132554722239,5.564210856673122e-08,0,2.782105428336561e-08,10,1,1,1,0,0
1349,4,-5.1972048105181976,1.0191613003516959,0.52246688644954697,-1.4982763935763754,5.2917383626444963,-6.048542876295846,0.146123978465,0.0475338087146,7.0962399738525829e-07,0,3.5481199869262914e-07,21,1,1,1,0,0
1350,13,-2.5142896866344522,4.0434538887211859,-2.3857788800884832,-2.5394960984232591,-5.2114901390772346,1.3304783638552398,0.0497609654975,0.143971661639,6.3165370957702231e-06,0,3.1582685478851116e-06,19,1,1,1,0,0
1351,8,4.5160750030333796,-4.1735558914579443,-1.2243051562243061,3.8399174552082025,-5.3748442880527394,-5.4056274803300441,0.025146680412,0.245768453703,1.8400174209573552e-05,0,9.2000871047867759e-06,22,1,1,1,0,0
1352,8,-0.55476978444000791,5.7996794240692084,-2.7120001201148503,1.7486492044081303,2.6525887600835891,4.2089578827278116,0.100081646892,0.0253859085627,2.0632531222015978e-07,0,1.0316265611007989e-07,20,1,1,1,0,0
1353,3,-4.7249880131235509,0.60403112281558868,-0.80468191712943382,-2.2221340674231964,1.5151332915312707,-2.5339559744817417,0.21329223418,0.0227271168857,2.0283512791597033e-07,0,1.0141756395798516e-07,21,1,1,1,0,0
1354,5,2.0406674846900636,5.0046795015651391,-2.764928568823767,-4.817544209414665,1.3890469839903599,3.6885023321208985,0.197995707017,0.0317133676373,3.45567519162738e-07,0,1.72783759581369e-07,27,1,1,1,0,0
1355,15,-3.8987829600404185,5.0193059395290804,-2.4194969421818882,-0.38989582099671521,-2.5284486396106352,-0.20318500593514841,0.0427730596423,0.00431249560246,7.4946931383545469e-09,0,3.7473465691772735e-09,16,1,1,1,0,0
1356,2,4.0961247671465735,5.2801249779637764,0.8431974889267545,2.2288854862276879,4.5421388977008155,-2.3566872220234156,0.162342162115,0.0207630317226,1.5767660926248334e-07,0,7.8838304631241668e-08,27,1,1,1,0,0
1357,3,-0.53027135169096817,-4.7479037775399133,1.8447093005662667,-1.2778119514857489,-1.4638947447548947,-4.6810598454727268,0.540535007087,0.0193345500726,4.0605164799037941e-07,0,2.030258239951897e-07,25,1,1,1,0,0
1358,3,2.8885523686296088,-0.52497638585734407,2.1051384542520122,1.9368840541163392,-4.1686001743315027,-5.23162839769551,0.0536820432677,0.00796584541881,2.2211166696392127e-08,0,1.1105583348196064e-08,18,1,1,1,0,0
1359,14,-1.1048527758214102,1.4502841337235914,1.7527051874262174,4.6079724480421742,-1.8259131286147394,-3.4840591400503884,0.0200138741315,0.0124250481324,4.7427947160854276e-08,0,2.3713973580427138e-08,15,1,1,1,0,0
1360,3,0.45884009715799157,-4.1092693066355857,-1.9725425154045284,-5.4801312956631456,-1.6221735334834999,1.0981967280173104,0.227776868478,0.0248608833471,2.4015521678355668e-07,0,1.2007760839177834e-07,29,1,1,1,0,0
1361,7,1.0710435383398433,-2.7092043376979902,1.8010461695187403,2.6180708676129529,4.3901304546526365,0.26785871711742271,0.0484215128555,0.0240533494289,1.7858519963336027e-07,0,8.9292599816680136e-08,10,1,1,1,0,0
1362,15,4.6361591212253588,-0.15049539720844141,0.96727781862542317,3.8760715082890345,1.9113274206513771,5.6653576598572215,0.0747830093256,0.0406595832202,5.0918653705096556e-07,0,2.5459326852548278e-07,21,1,1,1,0,0
1363,10,-0.053846799409714693,0.0035352699746613518,-0.66040195969296778,5.3102489836371438,2.1429873351404329,-1.0728563388616574,0.0188832713536,0.0599683091614,1.0958211653221175e-06,0,5.4791058266105875e-07,20,1,1,1,0,0
1364,5,4.9969012367720653,-2.2859274726227126,-1.634633585180379,-1.3559723272079056,-2.7984851413246159,-3.8651798802339123,0.0660539735255,0.00068439773371,4.5058102964963209e-09,0,2.2529051482481604e-09,25,1,1,1,0,0
1365,11,0.86816596568354198,3.2637234511385147,-2.5358154164330116,1.2194314869700849,-1.1751182324793756,0.32584347465843355,0.153471978065,0.0155294301728,9.7016160237549369e-08,0,4.8508080118774685e-08,12,1,1,1,0,0
1366,9,-5.0357853793408198,2.9520521321561528,-1.0752749367029444,-3.5019813153456876,-5.2933736644811749,-2.3096344611692969,0.532126777309,0.0147561225295,3.4948726430045531e-07,0,1.7474363215022765e-07,14,1,1,1,0,0
1367,10,-0.85700808258596528,-2.1868832783442906,2.9303476540745126,-4.6174109982382658,-1.8797089444707278,2.2732656213930196,19.4167261108,0.127359339,0.00038195026963273952,0,0.00019097513481636976,60,1,0,0,0,2
1368,11,-0.5689044462604016,3.2951600323388219,1.3477465162712241,-2.7165326707133279,-1.7918390067807839,2.4845860072813921,0.420870273552,0.0205283591289,3.0550168888237181e-07,0,1.527508444411859e-07,11,1,1,1,0,0
1369,3,4.7461328989412879,-1.9741625973808967,-1.1553816263052337,-1.6400743147912942,-0.6196784237734122,3.5552940425202966,0.111887771068,0.0197867398264,1.3178118464682831e-07,0,6.5890592323414153e-08,51,1,1,1,0,0
1370,12,-2.5416828117833825,6.1337244959917054,1.943074075838009,-5.6759829858767192,-2.0694096473732873,4.5803522314005898,0.027736922537,0.0195036805573,1.1664384018566002e-07,0,5.8321920092830012e-08,27,1,1,1,0,0
1371,8,-1.6688492423414707,2.1246432474924783,2.9593343544805584,2.5952255900963599,4.7283902728536695,2.5776967280858614,0.0412391433993,0.0107432022185,3.6858511061481052e-08,0,1.8429255530740526e-08,16,1,1,1,0,0
1372,14,2.4319410862003656,-5.8840331990646417,2.7368959035634504,4.7749637272637484,4.3124021470549074,-5.6256138839087981,0.0102492712788,0.495643192284,7.4833082647997163e-05,0,3.7416541323998582e-05,24,1,1,1,0,0
1373,15,0.80928554969006028,-1.9510582516148327,-1.003433086319276,1.1065692336977597,0.40127828498106788,4.0240433983099706,0.187506075964,0.0235489520062,2.0408507534532194e-07,0,1.0204253767266097e-07,24,1,1,1,0,0
1374,14,-0.22006201369360182,-5.2055315369942639,-0.94977429331216934,-5.8927887320472463,4.0982811588562509,2.6600633725209932,0.118541792957,0.00457578126368,2.0430167422126667e-08,0,1.0215083711063333e-08,24,1,1,1,0,0
1375,9,-5.4619541951090449,4.0267642576019815,-1.3509067218051409,-2.7731143186490113,1.5761503911985169,2.9848680115289699,0.0207352111581,0.000127023080124,4.3486394207193881e-10,0,2.1743197103596941e-10,35,1,1,1,0,0
1376,0,-5.9576297936570191,1.4781105029294794,-0.89043095114026782,3.2456583242113144,-4.4170436069165904,3.9933979881200026,0.14432906921,0.0578574069244,1.0405314592701373e-06,0,5.2026572963506867e-07,17,1,1,1,0,0
1377,2,-0.73860911142100127,5.3112065557444978,-2.1995400014152229,-5.1483166363191337,-4.1861790196455768,-1.2599497137637843,0.167612670012,0.0704514016717,1.5400321077590135e-06,0,7.7001605387950675e-07,27,1,1,1,0,0
1378,0,-1.8335787371297407,-5.7914439588380837,1.8254712909336903,-4.4436165779481742,1.2818749076471698,6.1148496667391878,0.433691826932,0.0245328120609,3.7142529607527854e-07,0,1.8571264803763927e-07,17,1,1,1,0,0
1379,13,-1.9405641539384797,-3.6055476525353689,-1.9086588899682513,-1.7927926773624752,2.0401892123357777,-0.17555997616854196,0.0284300269619,0.686339780318,0.00014349458883771563,0,7.1747294418857813e-05,47,1,1,1,0,0
1380,14,4.0439958206348674,-5.0947695754338556,-1.8767787739327433,5.3343616680424475,-4.5755901719324221,-4.0541441363869168,0.0222644526087,0.0706299483884,1.5201070010229478e-06,0,7.6005350051147388e-07,8,1,1,1,0,0
1381,8,-3.4308212117548558,-3.6454644430668557,2.1520039776225262,3.2395895866149469,-1.1430164839648422,-1.4830113717662585,0.0814852920421,0.023679186916,1.7744002596949101e-07,0,8.8720012984745503e-08,10,1,1,1,0,0
1382,12,1.052744694992251,-3.2018828023090578,-2.8542517262893758,-4.7390233882639601,-1.6185601378968109,0.2461496739287439,0.0956104494325,0.0630363458961,1.2195633203115818e-06,0,6.0978166015579089e-07,8,1,1,1,0,0
1383,9,3.2713963610110359,2.8148405120903615,-0.68314829730467819,-0.86513526359391335,4.6758530489508221,-1.4797525021422429,0.0435202333053,0.0478167521088,6.9838400690477408e-07,0,3.4919200345238704e-07,18,1,1,1,0,0
1384,12,0.08465586362155425,1.2542080713113897,1.5205238029502006,3.1513270312240338,2.5743747611999357,4.803460956322013,0.16105458756,0.000739220900304,2.6105037613560346e-08,0,1.3052518806780173e-08,26,1,1,1,0,0
1385,4,-0.057350308975572514,1.3076360878984197,0.4200577707577432,-3.1387223774902537,-4.3997879820241304,-0.5097903933836041,0.333437243062,0.0204776581008,2.3891698278052671e-07,0,1.1945849139026335e-07,25,1,1,1,0,0
1386,7,-0.82901009312143936,1.3957655585645814,-0.093720386135874884,-2.950802783919356,-4.6313232394938684,-1.0383012500742477,2.94409996119,0.00072134121194,8.6678830840082388e-06,0,4.3339415420041194e-06,28,1,1,1,0,0
1387,9,0.51739230182233076,-3.9971600435034413,0.75899810871669715,-1.0847262940032545,5.2329533292353556,-5.0387583363354773,0.232866273507,0.2469951948,1.8637907780806306e-05,0,9.3189538904031532e-06,11,1,1,1,0,0
1388,6,-6.133227107503866,-3.0775710637755531,-0.68738097859977543,4.2894382287479909,3.4302456135625445,0.81518893317959407,0.390888210353,0.18948065174,1.1089447649236152e-05,0,5.5447238246180762e-06,8,1,1,1,0,0
1389,11,1.0959123451553043,2.8123162420618657,1.5598864808793869,5.5344494558380974,0.2635771002252732,4.9335174089780978,0.112471053803,0.00614164025722,2.4139829355465607e-08,0,1.2069914677732803e-08,21,1,1,1,0,0
1390,15,1.0771462421530611,2.627633881156346,-2.712008104415256,-4.3521014413916621,-1.4298729820541471,0.53922645146295289,0.425104348459,0.0330629339423,5.1370855487755986e-07,0,2.5685427743877993e-07,10,1,1,1,0,0
1391,7,-1.7580108346452723,-5.8711565647278388,-0.051657009905392376,-1.0808942129029702,-3.5077190580985991,-4.4675659024336278,2.3074787274,0.398131813335,5.3609042633791572e-05,0,2.6804521316895786e-05,13,1,1,1,0,0
1392,0,1.6909989105074477,-5.2081782632103257,1.8089995609520726,2.1611217084613461,1.3980818843802207,-3.2215445388724411,0.201561214759,0.0100395287798,7.1329964344057245e-08,0,3.5664982172028623e-08,12,1,1,1,0,0
1393,13,-4.5452289231180414,1.664923374510892,1.8233493226700168,-2.3108479029273865,3.5719219186158861,-1.3048586871319778,0.0235119717522,0.000802745414184,7.4910834190951238e-10,0,3.7455417095475619e-10,9,1,1,1,0,0
1394,13,-1.0709761294394999,-4.1253082370962186,-1.7595724927957936,-4.4031560355589709,-1.9523176692554192,-3.1150836143476734,0.372727546217,0.000924605601233,1.3918623977549906e-07,0,6.9593119887749531e-08,10,1,1,1,0,0
1395,9,4.7481685644122109,4.7175917075220868,1.7546176148419801,3.2240506425533924,2.305633121242193,4.6834628326651355,0.189591518507,0.029832949084,3.0705592521446809e-07,0,1.5352796260723405e-07,11,1,1,1,0,0
1396,0,-2.2667047063778107,2.3075099068799321,-2.7480732033238886,-2.4011306933519383,2.0919343295253729,-5.2298351847913747,0.0102590637451,0.126567843986,4.8798993706704729e-06,0,2.4399496853352364e-06,19,1,1,1,0,0
1397,0,0.32652391142936221,4.0100364123961443,1.4916086650746996,-2.6757784359311811,-1.3704895084372315,0.95577060459641672,71.736658927,3.93095159243,0.0098532124877308731,0,0.0049266062438654366,60,0,0,0,0,3
1398,9,3.8094724312618493,1.3992236220699499,-0.3760971881461298,-0.66553644549165158,-2.0173738918969506,3.9957811602494027,1.85737650701,0.301669726723,3.1171441246749828e-05,0,1.5585720623374914e-05,23,1,1,1,0,0
1399,2,3.070061071193714,1.4922598153890709,0.68894119409341681,-2.5954092370692918,0.98976526472842397,-5.2246233441233425,0.0430809094203,0.76198108979,0.00017686735435030126,0,8.8433677175150629e-05,35,1,1,1,0,0
1400,4,3.547867222716913,-2.271320618283883,-1.4140987090938966,-1.4079764475431094,0.82027209762010267,-2.6024891089025379,1.08059563875,0.0340411812412,1.5206782159589639e-06,0,7.6033910797948194e-07,10,1,1,1,0,0
1401,11,5.3922505015199036,1.9063293612489745,2.4795246836391942,-5.5043772509194762,2.3682850828615409,5.2339130947805224,0.0289219153072,0.0991750495623,2.9969591256138508e-06,0,1.4984795628069254e-06,21,1,1,1,0,0
1402,8,1.3854563104586379,3.3974778848201477,2.9180282777392827,2.3415111186400881,-1.2430537391147258,0.70224241181229097,0.05113634158,0.124333847087,4.7116668411460459e-06,0,2.3558334205730229e-06,35,1,1,1,0,0
1403,3,-4.3734589851083463,0.48237116468924301,-1.7456929294079961,4.5700052574672831,1.353736149456904,-3.4570606852558425,0.147567461445,0.00531969358952,3.0396566651585155e-08,0,1.5198283325792578e-08,10,1,1,1,0,0
1404,4,1.6216704414547163,1.5785533127041576,1.5065871566862088,2.0521923824167527,-4.3935637577891855,2.6201733267150713,0.0659349578273,0.00948942749675,3.1777984044347512e-08,0,1.5888992022173756e-08,45,1,1,1,0,0
1405,15,-0.72971320929358041,5.7123689997748883,-1.3964884915464091,-5.3164182312783588,0.97624931846273022,5.2976443959837827,0.130752155858,0.00700354903481,3.2037519037595294e-08,0,1.6018759518797647e-08,42,1,1,1,0,0
1406,13,-1.8846775011742598,0.065991812692231949,-1.1810159636395887,2.7010223039809729,5.113596374716133,-2.2123888430155949,0.70113734457,0.00147011207595,4.9225192410946802e-07,0,2.4612596205473401e-07,13,1,1,1,0,0
1407,11,-3.9980288916861566,0.65361510220846497,0.84346829189301697,2.5223414321626794,2.490013791347149,1.143805954621677,0.0644742319396,0.0140410413959,6.4212507834407689e-08,0,3.2106253917203844e-08,22,1,1,1,0,0
1408,7,-4.0520296776588003,-4.5633333277919128,-1.243151088899574,0.20415908187460821,-1.3824810725975187,4.2597095758410832,0.0193665245417,0.183759534421,1.0286564039099131e-05,0,5.1432820195495656e-06,21,1,1,1,0,0
1409,13,2.4823203995453542,-2.2835099226322817,1.5947300029703986,-5.5892394310522864,1.6152112075149829,3.8747258549049772,1.77048438527,0.0606898742254,4.2566003699826709e-06,0,2.1283001849913354e-06,21,1,1,1,0,0
1410,15,-2.8948169340808723,-3.9893620654864077,0.18466955808076468,3.6022292759226882,0.36055444917846718,-5.2188599264453774,1.45825087475,0.895721628835,0.00024652630200489766,0,0.00012326315100244883,9,1,1,1,0,0
1411,12,1.0627776805682059,-0.27452046969159022,0.94548682070731949,-0.83820687910681824,-1.797885351472166,6.1593001996006187,0.0804028863721,0.0394514630577,4.8057664033469699e-07,0,2.4028832016734849e-07,12,1,1,1,0,0
1412,8,-1.6057812848017465,-2.2435892070059782,1.6576804831272718,5.0308769779714568,1.0945005950732067,5.486534042080776,0.0093638873201,0.0514285825965,8.057700242253515e-07,0,4.0288501211267575e-07,36,1,1,1,0,0
1413,0,2.1944369176713803,1.0513871205369125,-0.41897611652675953,-4.5989968953424887,3.9929111733112919,-5.0879607475203752,0.554528199053,0.0939092083573,2.9939040931824155e-06,0,1.4969520465912077e-06,20,1,1,1,0,0
1414,10,-1.7341670729508252,2.4485317965819786,2.1824546306977908,-5.1261862748030609,-4.6457635916181079,4.346671073663753,0.0570207117148,0.166417870832,8.4396026961951565e-06,0,4.2198013480975782e-06,8,1,1,1,0,0
1415,3,4.425390110803284,1.4876123722749903,-1.9017491203622605,-4.2814150446939125,-0.99855037855767415,2.9065878883574725,0.162835345358,0.0110444688179,6.3672671350193478e-08,0,3.1836335675096739e-08,14,1,1,1,0,0
1416,5,-0.057636092101785878,3.1271339439597892,0.77356351625531394,1.0223484820470363,1.2849345592942751,-0.8290971581870501,0.475115863239,0.0206010941198,3.5501626358947951e-07,0,1.7750813179473976e-07,34,1,1,1,0,0
1417,15,2.4801685213958984,-2.5056521328262473,0.39676576915836725,1.1446139362738721,-3.8507999152181207,-3.5733860204814936,0.856991081952,0.0655605482518,2.043735887383181e-06,0,1.0218679436915905e-06,29,1,1,1,0,0
1418,13,2.3792491374634257,5.8016051498516443,-1.2422960999730803,-0.92657586228662958,2.7342590446212047,-3.7720773266956487,4.35866721004,0.241255630731,3.6728017246814238e-05,0,1.8364008623407119e-05,33,1,1,1,0,0
1419,13,2.8351228372588202,-2.2679425083629265,-2.1136759235260261,-2.6792839405141176,-4.3227870918712679,-3.9899474008550873,0.163625128613,0.0106569334825,6.1368653521664058e-08,0,3.0684326760832029e-08,27,1,1,1,0,0
1420,3,5.279817171342513,5.0487914593099852,1.0009977666873384,-1.9483699413675066,-5.5263818759920049,-0.66617914965584701,0.179926769791,0.013843600188,9.0752128981012985e-08,0,4.5376064490506492e-08,17,1,1,1,0,0
1421,5,-0.43121231794040993,4.1019410063657524,-2.7327193813364454,-5.1405134201825753,5.0012375195534791,-5.4064092433570181,0.260649001974,0.0647646975971,1.345645329239077e-06,0,6.7282266461953852e-07,32,1,1,1,0,0
1422,13,-1.8029318199167179,-0.90552186639407795,-1.3428856071738724,-5.7310101795910864,1.369642535119594,-0.0094364070544652734,0.163745191805,0.00486249192325,3.4014809628389338e-08,0,1.7007404814194669e-08,13,1,1,1,0,0
1423,10,5.8053002754862746,0.85071262969519668,-0.54109508088413016,-1.7290770467191656,-4.7361857801974336,-1.4803953121349858,0.37618849707,0.00109428143188,1.4188255002123655e-07,0,7.0941275010618277e-08,7,1,1,1,0,0
1424,9,-1.1483853855541497,-0.71081752658080011,-3.0048946175368716,-0.70651864527406549,5.2111088834367685,2.5628245093679669,0.259955179151,0.0356270525269,4.54223587010397e-07,0,2.271117935051985e-07,7,1,1,1,0,0
1425,12,2.4581593814030631,-5.4399963610122244,1.2162762317907223,-0.57166251134181179,4.6694041604763035,-0.71192723401734914,0.241242703207,0.0390587565156,5.2291825312349776e-07,0,2.6145912656174888e-07,20,1,1,1,0,0
1426,15,-2.2526052083032959,3.4620250492793958,-1.8646204536628628,3.0196771040764472,-4.4214273790627159,0.64267601767694194,0.0802192514527,0.00730918081239,2.2709047156005731e-08,0,1.1354523578002865e-08,14,1,1,1,0,0
1427,9,5.0548194116002252,1.8219578838844737,0.42597586221017708,5.9134558328493068,4.822251541226084,3.5923350837506991,0.112602391142,0.488921288927,7.2829653947459704e-05,0,3.6414826973729852e-05,15,1,1,1,0,0
1428,8,4.3340931808016672,-3.764130536194692,1.8995628258941506,-1.2436710121940104,-6.0036369676236818,3.0472828647584391,0.0380546766457,0.0501722063625,7.6824644710080363e-07,0,3.8412322355040182e-07,41,1,1,1,0,0
1429,14,-4.8077707368745966,-1.7455454886210915,-1.4298010219103294,-4.1662498830290762,1.9378271681729944,2.7642731087337769,0.424584061512,0.469772257504,6.7405063584156233e-05,0,3.3702531792078117e-05,30,1,1,1,0,0
1430,13,-6.1084546231007657,-1.6016750727768843,0.3051228712305174,5.8091440272791939,-4.2603332948187873,6.1474859531373358,0.0308891706992,0.645226663306,0.00012681850067087751,0,6.3409250335438755e-05,19,1,1,1,0,0
1431,11,-0.18150899971206513,1.71441989725083,-1.6410998152175216,-2.4669989790520819,-4.8478935175806877,-0.49214403117677596,0.0505960007122,0.0371681766847,4.233808051259389e-07,0,2.1169040256296945e-07,11,1,1,1,0,0
1432,14,1.5445609088990915,-4.1357076198467118,2.8135086534227867,3.2911427728128007,6.1918986822379525,-1.7771597229919696,0.495238559627,0.0104038585419,2.7823310348624048e-07,0,1.3911655174312024e-07,15,1,1,1,0,0
1433,10,5.4982007092324086,-2.0846577187158868,2.2891687882616938,4.6639954892097322,-4.3934043944070185,4.989587408411146,1.80393387632,0.0638607092044,4.4964652001856578e-06,0,2.2482326000928289e-06,31,1,1,1,0,0
1434,2,-5.4073074273541106,-3.0792236133789448,-2.8124175606544339,2.1619706071982474,-3.0912220960785408,-2.9916838459977293,0.285248018048,0.011178772699,1.1943293519200435e-07,0,5.9716467596002177e-08,12,1,1,1,0,0
1435,12,-0.026456905825036355,-3.1437741181769785,-2.4301576753112011,5.7783922757480779,1.2034817960845499,5.8985998081904265,0.0316503353833,0.0209375168227,1.3453980962831584e-07,0,6.726990481415792e-08,7,1,1,1,0,0
1436,14,-4.5276738050097256,0.031534046080471327,-0.42081805050341231,2.2893654129326526,-1.5675174951873119,0.087540725499249461,0.0542560380221,0.0953379638294,2.7717111617418927e-06,0,1.3858555808709463e-06,16,1,1,1,0,0
1437,2,6.1936049860846216,-4.4838311862267552,-0.04052821910293395,3.5578015135525001,1.8720151846394675,4.5510055762104784,16.1716782612,0.0504187768726,0.00026229753142893454,0,0.00013114876571446727,60,1,0,0,0,2
1438,14,-1.3012142852073916,-2.7516468398267855,-1.2303096556125985,-3.7102963579495927,1.4440743224776893,5.6919984781935584,0.0225702991145,0.0763463726747,1.7760538761365042e-06,0,8.8802693806825212e-07,28,1,1,1,0,0
1439,10,4.8638332468812031,-3.6408009501717284,-1.0921465138979833,6.0776822407426199,-1.3661869011537775,-2.9202392131923105,0.500021084051,0.124210762923,4.9497541729147141e-06,0,2.474877086457357e-06,19,1,1,1,0,0
1440,12,3.5340510566764487,-2.1128717403803168,2.0427503368347875,2.3669662790565904,5.0298386987340624,3.7943607097259835,0.0683822684883,0.0638539517582,1.2467010122693636e-06,0,6.233505061346818e-07,16,1,1,1,0,0
1441,15,3.672955415358222,0.51763311383031085,-1.907825744712691,-5.5481647157666876,0.93990224559396207,0.39416320753346246,0.0486096365845,0.0708075388347,1.5296255559902217e-06,0,7.6481277799511087e-07,35,1,1,1,0,0
1442,6,4.383562721139568,-2.5761834316509997,-0.35674538469239869,-1.5291897209270278,4.069764503357443,2.8148538724780301,0.586789648887,0.0363719932913,7.4730714657444452e-07,0,3.7365357328722226e-07,12,1,1,1,0,0
1443,5,0.88153725905121094,-1.2118978609935562,-1.2248708847421836,5.0675781113354175,-1.5705621301066908,-4.4062225510968842,0.0407093480864,0.264255187124,2.1273336563346611e-05,0,1.0636668281673305e-05,10,1,1,1,0,0
1444,10,5.4085001835453701,-2.2378814172044375,-1.51249156098364,-0.27945906609481713,5.9707004252957878,-5.206031426948214,0.250277538281,0.00194372634382,6.3789712742984418e-08,0,3.1894856371492209e-08,9,1,1,1,0,0
1445,12,2.1429743860832842,3.0927283053424337,-0.69536480522315114,2.2745654928006953,-5.2062746372669979,-3.7622641241715953,0.434216657066,0.038435761405,6.3855778176672879e-07,0,3.192788908833644e-07,32,1,1,1,0,0
1446,5,3.3032712859419369,-2.903572578290833,2.7040375917828632,-1.4850280488981498,1.3298114068572395,0.086517823926008181,1.06812788512,0.423596119582,5.579951952626659e-05,0,2.7899759763133295e-05,19,1,1,1,0,0
1447,9,-2.7971001611642494,-2.9636015624779897,-0.41874379365423053,-3.0284888744419312,-5.4898411088284762,-3.7047295899855395,0.956611821532,0.0593818553689,1.9892495687796343e-06,0,9.9462478438981715e-07,5,1,1,1,0,0
1448,14,-4.073905526931842,5.1823325855088589,2.4488589586586227,-5.5907020878822991,-2.9635082205640995,5.6504370789294773,0.115892082945,0.0891042923306,2.431963798704894e-06,0,1.215981899352447e-06,55,1,1,1,0,0
1449,12,-4.3145114145656462,-3.2100467892702902,-1.9992361954925331,-4.8328713915568358,4.7766799040308703,-0.070444734606254722,0.243770404592,0.0205087595919,1.8754890548934656e-07,0,9.3774452744673279e-08,10,1,1,1,0,0
1450,4,5.1405807768774165,-3.6130046210217057,1.7063741528359,3.1726867131202297,-0.96158194486432957,-3.0538642297816434,0.179241575888,0.193107603155,1.1391477568248825e-05,0,5.6957387841244127e-06,12,1,1,1,0,0
1451,11,-4.3427493581087182,0.95304591069162847,-2.7602233038081203,-0.27550944291439128,1.8253212089777855,2.4004248497538749,0.3256819929,0.0327789090648,4.3336704279747113e-07,0,2.1668352139873556e-07,12,1,1,1,0,0
1452,14,-1.4858910354593085,-3.5357140004848717,3.0033575034793123,2.1075381877097286,4.7028205751347496,-2.8702834871793947,1.52571905604,0.00445929032062,2.333876037643327e-06,0,1.1669380188216635e-06,12,1,1,1,0,0
1453,7,-5.8318322838619796,-5.0836302968534959,-0.58855854075871439,-4.4855518179379645,-1.5179458845646809,2.00138494569743,1.13779055871,0.0570009020232,2.2843006766338629e-06,0,1.1421503383169315e-06,31,1,1,1,0,0
1454,12,4.6280537448765493,-4.8564452488317853,2.2302854123122784,-1.7618690456025801,4.1600657230816829,2.9133513379137708,0.0498527801125,0.072085876749,1.5853912260888487e-06,0,7.9269561304442436e-07,16,1,1,1,0,0
1455,15,-1.2723714770084078,-0.91180005366593986,1.4741263214205786,-5.6708342395579772,-1.5886310579113252,2.8127245287921228,0.0482635259792,0.0166438363498,8.6713659580398727e-08,0,4.3356829790199363e-08,13,1,1,1,0,0
1456,7,3.8229592633755036,-3.3222483231676998,1.8692435224993555,3.0082172617196505,-1.6335275424215983,3.7157429026539597,0.0731364707315,0.0740059156028,1.6737006401224468e-06,0,8.3685032006122341e-07,37,1,1,1,0,0
1457,2,-1.4368834439980094,1.5606754434906256,2.8517479028956787,-0.0025012550452157903,1.4781438245878282,-6.0572119245773486,1.16446728264,0.0647539006956,2.6332655024909194e-06,0,1.3166327512454597e-06,19,1,1,1,0,0
1458,6,-3.0065928824429431,0.81057219674669145,2.4174827113575992,-1.6332786122950631,-1.8063415091412391,-1.8766423836297985,1.68049889176,0.0124134802923,2.8710163920676935e-06,0,1.4355081960338467e-06,24,1,1,1,0,0
1459,7,4.3291408468655774,-3.0580998043029455,2.3011871181356458,-5.7718143897092489,1.4941597729812459,-0.69044528087846502,0.00908100450864,0.0240887572279,1.7684227406160826e-07,0,8.8421137030804129e-08,19,1,1,1,0,0
1460,5,-0.20177241885558658,-5.8170714080161714,-0.72995590931790888,-0.88616213664712984,2.332111188878867,-3.273363176847492,0.0469312500782,0.990527926757,0.00029887623563322447,0,0.00014943811781661223,13,1,1,1,0,0
1461,2,-3.5587164600877021,-4.2624737504913606,-2.3078525835667376,4.3311993832581948,0.85490819529244944,-3.238079257128287,0.367165958759,0.0435899400923,7.1360918472117402e-07,0,3.5680459236058701e-07,7,1,1,1,0,0
1462,8,-4.0764653171277958,3.4461983166448373,1.0598849038592204,-5.2357584766496839,0.2030676782067993,3.1562787571809192,0.0953829310355,0.00491812818154,1.6465985055618538e-08,0,8.2329925278092688e-09,28,1,1,1,0,0
1463,13,5.8198274357327922,3.468144054408973,0.63551446476814122,-3.3667471371153486,-2.2520733699099642,-4.9435612301938399,0.3152016204,0.118981814302,4.4117209999077255e-06,0,2.2058604999538627e-06,22,1,1,1,0,0
1464,12,-4.4388991718722703,-0.4563954059058698,2.2493072257283697,-3.7447388793018708,1.0307640890996612,-3.8482530280605989,0.097926667812,0.00990166487656,3.9455228004355753e-08,0,1.9727614002177876e-08,41,1,1,1,0,0
1465,9,0.87028875629163183,2.0513951227720622,-1.719935262999218,4.0875950487560297,-4.6689915773233128,3.5638250681497339,0.0868264635798,0.0252665966047,2.020068709391095e-07,0,1.0100343546955475e-07,13,1,1,1,0,0
1466,1,-1.0350636378702442,1.9567373275995716,2.2764399331162197,3.7851018185115017,-2.866786448120207,-3.8461272723564286,0.0412437395091,0.00738641543805,1.8320708376107747e-08,0,9.1603541880538735e-09,19,1,1,1,0,0
1467,6,3.0278909543763453,-2.8572242162646915,-1.2510952589806132,4.3245538354066637,-1.3268072839668477,6.0554633160109583,0.559881727977,0.00643103945777,3.2606599836248282e-07,0,1.6303299918124141e-07,12,1,1,1,0,0
1468,6,-3.0098654648909311,-5.4019177581753963,1.2169228153050884,-3.3304018421043611,1.7215850484955761,-4.7310902566480308,0.0204937243122,0.0268153450509,2.1945902627455977e-07,0,1.0972951313727988e-07,34,1,1,1,0,0
1469,2,-2.4293791844955801,0.40625557650417427,1.9387445453364589,-3.4804060795068419,1.6659676336859075,-4.4066635583301474,0.0135557100736,0.00877192425743,2.3623048837151336e-08,0,1.1811524418575668e-08,33,1,1,1,0,0
1470,7,-1.5307018269366974,-0.14899017358245478,2.4494795428477989,-0.19130584332309125,-1.4658680328574378,-2.7030485797741473,0.0144076745376,0.00593331461235,1.0931400444879117e-08,0,5.4657002224395583e-09,50,1,1,1,0,0
1471,10,5.102995496722194,2.0750396701642693,0.98398552346580404,6.0796789284163255,-2.8065262093841539,4.6755077044784077,0.0962565299698,0.0192676437557,1.2235212892983004e-07,0,6.1176064464915022e-08,56,1,1,1,0,0
1472,6,1.1883375860568226,3.1655349762026894,1.3042435542966693,0.144437583519824,1.7384991075172109,-2.9695381521661277,0.18993724233,0.0293583474299,2.9862973729504124e-07,0,1.4931486864752062e-07,23,1,1,1,0,0
1473,2,-0.020494486856327584,-4.8989587142354951,2.0332150632149255,-4.2551486578842752,0.95062845719692823,3.9948826393986545,0.505849790105,0.0595557513032,1.3363277327223684e-06,0,6.6816386636118418e-07,35,1,1,1,0,0
1474,1,-5.6395185720105232,4.446869789097522,1.2066649973015982,-1.1848467894446231,1.4775914099159655,3.8482816744374495,0.202346302463,0.0321445588519,3.5569687889732864e-07,0,1.7784843944866432e-07,24,1,1,1,0,0
1475,8,1.0357367631998087,3.6441538804331297,2.2007489455995972,2.2157570610739463,3.5862065164600097,1.6746328508114052,0.576891636049,0.136105036585,5.9757140216792867e-06,0,2.9878570108396434e-06,13,1,1,1,0,0
1476,0,-3.1860387215540462,-3.2335861652764684,-2.8078095776447132,-2.8409118688631492,-4.4940120276109159,1.9965727573703214,3.70841400652,0.570761297856,0.00011298708191186708,0,5.649354095593354e-05,59,1,1,1,0,0
1477,4,-1.3532287582129954,-2.1382875309655356,-1.0103501947646576,3.7981850828005554,-1.4649193675030554,2.5485689553095998,0.105207448094,0.0340245641164,3.637153489394707e-07,0,1.8185767446973535e-07,22,1,1,1,0,0
1478,13,-4.0722069942783987,2.1422826940774886,1.7999343933103784,-3.2384517161993549,-2.8460625650419007,4.8121782399344326,0.126463318229,0.000726940639399,1.6153943707172156e-08,0,8.076971853586078e-09,39,1,1,1,0,0
1479,13,3.8812862122707386,4.6686164684648519,-1.0692206134958282,-5.0788010579273353,2.0195095574346156,-5.5004059868248847,0.175563999465,0.00082862288606,3.1031873068055284e-08,0,1.5515936534027642e-08,12,1,1,1,0,0
1480,3,1.8630566428122923,3.0441090201689365,-1.3973052447853576,3.6456171500842385,-4.0798753627076252,-3.0636154595496845,0.0177437552975,0.408245872242,5.0769283349053403e-05,0,2.5384641674526701e-05,27,1,1,1,0,0
1481,8,3.4616939385854253,6.0907244502232789,-1.3822929005494029,0.8669424916289783,-4.853631373982056,-4.5424283661346481,1.15957353984,0.118652036414,5.6331079653351746e-06,0,2.8165539826675873e-06,6,1,1,1,0,0
1482,14,-0.78734666505205686,-5.4037811746686524,2.8456142304386436,4.1412757929886332,-1.6045315341072826,1.8675471232598273,0.951457087152,0.0203734048012,1.0317098540441022e-06,0,5.1585492702205111e-07,20,1,1,1,0,0
1483,10,-2.3320065382375996,-4.5132118040939329,0.62589470770661926,5.843973363753487,4.1196976418877602,3.2129941911363482,0.870040540279,0.0964468628344,3.5905209735299677e-06,0,1.7952604867649838e-06,36,1,1,1,0,0
1484,11,0.45148818189192452,5.1822699499462637,-0.5873700529040381,0.79299651974755669,0.71326801719869937,2.8479882224301445,0.0689042076092,0.0282823071087,2.4840788125624894e-07,0,1.2420394062812447e-07,11,1,1,1,0,0
1485,8,-1.3931055049561174,4.6171832362487439,-1.739504426251254,-1.2570829447599179,4.8666091981376578,-3.5815290983705808,1.21616797942,0.337581611207,3.6193675187552214e-05,0,1.8096837593776107e-05,10,1,1,1,0,0
1486,11,-2.354355911272441,-3.8916492969482519,-0.79124607089668786,-2.0017628306057724,1.8518116876938278,1.0790394856546992,0.771100283636,0.00194932528375,5.9575315373245223e-07,0,2.9787657686622612e-07,19,1,1,1,0,0
1487,4,-1.8748852129006539,1.1385380233667344,-0.31434408705080813,-5.8438815589138375,4.6364458743789765,-2.5667355129683838,1.34678483166,0.00289449775722,1.8163815032602761e-06,0,9.0819075163013804e-07,56,1,1,1,0,0
1488,11,-4.6785519724600384,5.9209554506249757,-0.83224657178705952,-2.4041969270889645,4.1230225807471914,1.3296007086668715,0.0602580997668,0.00100084197634,3.936169184565023e-09,0,1.9680845922825115e-09,13,1,1,1,0,0
1489,1,-1.3380233745353765,4.1687484987010421,-0.9201052291827958,-0.3953723835416556,5.6489783171741914,-2.4599775264534265,0.637253082463,0.103934202681,3.6966658763204804e-06,0,1.8483329381602402e-06,10,1,1,1,0,0
1490,6,2.9003136242218335,-1.8886507851693513,-2.2335702766823626,5.3292515901846684,-0.99031238004619881,-1.6583853054356055,0.0520840906839,0.00480363835036,9.7417816136933203e-09,0,4.8708908068466601e-09,45,1,1,1,0,0
1491,5,-1.4293579871981787,-2.3109622069840121,0.61850262984094795,6.1739294584583577,1.9437502870566576,0.69664714351625878,0.0456959016118,0.0493356718716,7.4352951022651743e-07,0,3.7176475511325871e-07,54,1,1,1,0,0
1492,5,3.3044619100252781,-1.810411112483608,1.615255110131727,-4.3966006522168257,5.1222901071766005,-2.2021113542169002,0.0213081761414,0.00566853962225,1.0242109314366696e-08,0,5.1210546571833482e-09,17,1,1,1,0,0
1493,0,-1.8346644330324346,3.5197907048779089,-3.0034018702031515,-5.4519917256320083,4.5493091302763125,3.031835838649048,2.19587966248,0.00879478164252,4.8454490963537392e-06,0,2.4227245481768696e-06,20,1,1,1,0,0
1494,14,3.6043515349527429,4.3881085653929102,-1.4560303789271054,4.8291232140918572,-1.7085804990257651,-2.1487504023571997,0.194830700338,0.0247454813038,2.2448808078044757e-07,0,1.1224404039022379e-07,14,1,1,1,0,0
1495,11,4.4513162267786042,0.81452463378538942,2.9720995320224719,-2.2067827213789721,-1.9071522898250095,2.8660393201451559,0.0481920080341,0.198590293605,1.2015856168962533e-05,0,6.0079280844812667e-06,23,1,1,1,0,0
1496,15,-4.6270278867644175,-4.3753256979547217,1.3074485354415888,-3.7637429546571339,5.5848280662805116,3.7781569873515011,0.0928826578798,0.000486985679942,8.6994296949855372e-09,0,4.3497148474927686e-09,8,1,1,1,0,0
1497,1,2.9767981251868831,3.7165927744415246,-1.89226366156018,2.1875200049758106,1.2327870814256767,2.1174049458462094,0.086376403748,0.0447356008612,6.1708380054335754e-07,0,3.0854190027167877e-07,12,1,1,1,0,0
1498,3,-1.1834772563227602,-6.174351645263414,-1.9619901553245307,2.2006031264270804,-1.5742791412823962,-3.6094280296449299,0.0220434771586,0.00947773535288,2.7848926236450084e-08,0,1.3924463118225042e-08,13,1,1,1,0,0
1499,0,1.8918390325735841,2.0371106833051247,1.4486739897877376,3.8426169081668866,-2.2614709120172791,0.53422886440766471,0.033058290714,0.0392323069766,4.6995203586712999e-07,0,2.3497601793356499e-07,10,1,1,1,0,0
1500,9,-1.3494490899209921,4.0331216826564251,0.88192097632855482,4.2992885041779028,5.0049483642707546,0.67485019307919702,0.137836823101,0.0354590713009,4.0200840414678262e-07,0,2.0100420207339131e-07,56,1,1,1,0,0
1501,5,-5.4021252673307574,-5.9564236781137385,-1.8574463136297876,4.486216939525673,-1.5367821951154095,1.9454085350509485,0.0330666685202,0.0877010885272,2.3440524794524674e-06,0,1.1720262397262337e-06,16,1,1,1,0,0
1502,14,-1.5636166200044421,-1.7904915696003596,-1.8052346076016257,-4.877553585145149,2.2991830089367733,5.8819575737096743,0.158808487366,0.0191972999199,1.3748271983983799e-07,0,6.8741359919918993e-08,31,1,1,1,0,0
1503,2,-5.7806322301335893,5.9871020767071732,-0.25536006486578272,-1.4463225732540914,-4.7205790960024805,4.4357879388477803,0.544336351783,0.0038037495546,3.0070942426231231e-07,0,1.5035471213115616e-07,28,1,1,1,0,0
1504,15,5.2992992650528672,-5.6586456486335397,2.6030629946699202,0.59568318121251973,-4.4781328288290156,-0.60066013179719524,78.8974426076,0.486600717601,0.0062969338413862812,0,0.0031484669206931406,60,0,0,0,0,3
1505,15,-1.6409196787976954,-0.83520405190428448,2.757028809802514,-5.0772205233115484,4.3028885841432807,-2.5937088014616916,0.0263906005495,0.0546840156762,9.1160659727552117e-07,0,4.5580329863776058e-07,18,1,1,1,0,0
1506,14,3.1137557358691752,-1.9395748739715544,1.9553432557459061,5.2304789598287984,2.813403138798531,-5.7423013484246095,0.361491491794,0.00179055466601,1.3165272828767435e-07,0,6.5826364143837173e-08,17,1,1,1,0,0
1507,8,3.8015573877651496,-0.70496782469416241,2.4405082644880665,-0.19729608344497968,-1.1319305117005352,-2.6526512722614304,0.0524246815035,0.185133772612,1.0443362293772795e-05,0,5.2216811468863975e-06,11,1,1,1,0,0
1508,14,-5.8068739936229328,-0.50652146140711352,-0.88106591073423879,0.042703181495154771,-4.3285247882426958,3.908362424658145,0.187955278698,0.0417106447855,5.6529383816377446e-07,0,2.8264691908188723e-07,5,1,1,1,0,0
1509,4,-5.3257424202767565,0.88297988834356578,1.102578137635037,1.9735427995642407,1.5353109413810371,-2.8307657622419802,0.0613076766403,0.000724972260657,3.9187334942087593e-09,0,1.9593667471043796e-09,13,1,1,1,0,0
1510,15,-2.0143980497707128,-1.2211253494975709,-1.7443216223825762,-2.4281947548726333,-1.6455980160858314,-2.1495754752207605,0.0207009483167,0.00448563890403,6.5577230765198961e-09,0,3.2788615382599481e-09,30,1,1,1,0,0
1511,14,-6.016749548698451,2.7775505590229592,0.07450948988531042,-0.83906009355693856,3.7694284091999553,-5.1808116162183682,57.7739865623,0.0429068594127,0.0033383943235362071,0,0.0016691971617681036,60,0,0,0,0,3
1512,12,4.8257475554578697,-5.4844111651085701,-1.2673422189304684,-1.1356089011553756,-4.7748784199335006,5.9443854762753077,0.0995346980658,0.00660418684449,2.3193131356904099e-08,0,1.1596565678452049e-08,20,1,1,1,0,0
1513,11,2.5678825450865874,6.1806507346387294,1.5025309209796243,2.0562767248085274,1.4344515851600042,3.163676520369394,0.0403676270064,3.30013090452e-05,1.629877064819459e-09,0,8.1493853240972948e-10,18,1,1,1,0,0
1514,3,4.6261562752376948,1.2073219373951523,1.153419252834782,-2.0090265722293932,-0.22269495668171402,5.1503513044609166,0.360983750583,0.147230654098,6.7334601076816983e-06,0,3.3667300538408491e-06,24,1,1,1,0,0
1515,15,-1.4891330429454412,-3.6296696790285905,-2.820122816287792,0.16399992814958597,-3.5955757104327444,0.67779349947456469,46.6371173075,0.113975635906,0.0021789778267726503,0,0.0010894889133863251,60,0,0,0,0,3
1516,15,-2.8768636469824984,2.8586509242785811,2.7856018816035424,3.2823189166240887,-1.8879225533763699,-2.73267519888994,0.0107008876379,0.0425076158967,5.5052693561351035e-07,0,2.7526346780675518e-07,20,1,1,1,0,0
1517,3,-3.9261418504737247,3.0463646408475009,2.4629930232849797,3.4379426245744562,-0.99050516365305274,-1.5318738992677543,0.0710506931083,0.00430018874451,1.0681071549717265e-08,0,5.3405357748586325e-09,48,1,1,1,0,0
1518,5,1.8608914435484427,0.88199534192495255,-1.2564407672306017,-4.7786520078400248,4.4696287048073513,-0.72560551604369961,0.0505885230214,0.006089690064,1.3855730080542214e-08,0,6.927865040271107e-09,13,1,1,1,0,0
1519,6,0.11484532907295501,-2.959495532503523,-2.1822790293384622,3.8630448422739825,-4.2485619190628867,4.3527337704627556,0.0242820879916,0.0906162114915,2.5018939641878133e-06,0,1.2509469820939067e-06,35,1,1,1,0,0
1520,2,2.8210703141326832,3.3596252883695441,-2.3160973101584994,-1.0167855514445332,-4.4179390956365028,2.0470229542212075,0.143814813765,0.000650611513789,2.0811643793011347e-08,0,1.0405821896505673e-08,9,1,1,1,0,0
1521,12,-4.2200382998176913,-2.5965076349292491,-1.1308675633353655,5.6114404774916578,-2.216278069214781,-0.069834413978038232,0.238460099678,0.000644800471511,5.6989869206857143e-08,0,2.8494934603428571e-08,9,1,1,1,0,0
1522,13,3.1342333541927343,-1.5118010925123477,1.9096040556820357,-2.3303393803608317,2.3705888755291364,-4.5794375795738782,0.539118091089,0.183431429449,1.05401378450381e-05,0,5.2700689225190502e-06,7,1,1,1,0,0
1523,6,4.7054124955327747,-2.8215872625352652,0.9869457427462186,-2.715880615893056,4.8285189222169809,3.2951258763456202,0.0131223427396,0.0154504813106,7.2889666018017415e-08,0,3.6444833009008708e-08,17,1,1,1,0,0
1524,13,-0.65764240082256653,2.4899608270387295,-2.4267384281902529,-4.6498205013780396,4.6196723626273553,-5.1224055543148594,0.224624089627,0.764647366786,0.0001781558734793467,0,8.9077936739673352e-05,27,1,1,1,0,0
1525,10,1.6822232828390846,3.8810956758401614,-2.6768960543403768,-6.1741865481575298,-1.5122045376519493,0.48976601607183301,0.0520106712804,0.000127538144052,2.710064827339964e-09,0,1.355032413669982e-09,24,1,1,1,0,0
1526,9,-4.8504595663283556,-5.649387401213108,-0.073715794609162194,3.5258176908474721,1.46422560887564,3.5457245620552684,2.70400565576,0.023524265429,7.4802191444026947e-06,0,3.7401095722013473e-06,17,1,1,1,0,0
1527,2,4.9344964571478398,-3.0225688775968735,1.2877405187494999,-2.1330786716423971,-1.4660289408825191,-2.6875610494029258,0.00815558727082,0.163948056627,8.1878675612132138e-06,0,4.0939337806066069e-06,24,1,1,1,0,0
1528,8,-5.6599022439726836,0.67046533155716748,0.42258465343983226,-2.7222104348494529,-4.6763417296052321,-2.3477941315821109,0.291268552444,0.00766735874086,1.02745337336701e-07,0,5.13726686683505e-08,25,1,1,1,0,0
1529,0,-6.1105252741958598,2.2747467303556692,1.2645383081412174,-2.8294273760987463,2.1923350531361327,3.1079528117852924,0.223903760597,0.0227295111982,2.0750759852336345e-07,0,1.0375379926168173e-07,6,1,1,1,0,0
1530,7,-3.1769998419267824,-3.8125697166792141,0.49527012862623476,4.6095658073920083,-1.9921133703711285,-1.8011373448467858,0.23319589753,0.00151389871845,5.5078476039037887e-08,0,2.7539238019518944e-08,22,1,1,1,0,0
1531,10,-2.4739419041496791,-1.1082591336860304,0.54018832295503871,-1.270801848347294,-4.536627399225992,-4.8674775621670632,2.38988005936,0.24637170805,2.4201505105551553e-05,0,1.2100752552775776e-05,15,1,1,1,0,0
1532,0,-2.4139616007612763,1.7944073690650846,2.3620717454740898,-2.4327896151176054,-1.9527515209996045,-2.4933858481359317,0.599004699195,0.0230442875571,5.2057041722145304e-07,0,2.6028520861072652e-07,50,1,1,1,0,0
1533,1,-0.26315080928383544,4.3938432731294972,2.7832279481718181,4.8705022476350273,2.1376455811811805,5.1831323037205381,0.136335772419,0.000893110762825,1.8830419961894375e-08,0,9.4152099809471877e-09,15,1,1,1,0,0
1534,8,4.6737707754016204,-2.5911447712269169,2.1769782661131627,-1.0534437734796347,1.6557985038038749,-6.1860265895907887,0.962077767518,0.0394610262244,1.3999355274891841e-06,0,6.9996776374459207e-07,50,1,1,1,0,0
1535,4,-1.3624025292169148,2.5607234017666816,0.79535321359775157,-2.3833071433467099,-3.840035607740738,3.6766220246430974,0.159798292805,0.0149257969976,9.3397985270731846e-08,0,4.6698992635365923e-08,25,1,1,1,0,0
1536,10,-1.4988360248366124,3.078585530500249,-1.1093557368432747,-2.2005716700229825,-2.4129337066382583,-4.0731935179233778,0.135283493401,0.175431380769,9.3932589245203315e-06,0,4.6966294622601657e-06,21,1,1,1,0,0
1537,5,-4.6768917408580517,-4.7193204752873532,-0.36804858452026001,4.6762299550281146,4.5989675684663247,6.1930713498058747,0.0253553010045,0.863769814772,0.00022727517978511264,0,0.00011363758989255632,27,1,1,1,0,0
1538,0,4.5901659805360548,-4.0071364513385026,-2.7623883668972971,2.3920047858794722,-1.5740512606044139,-3.2756981664050495,90.5676435811,0.00122682325968,0.0082024985223063621,0,0.0041012492611531811,60,0,0,0,0,3
1539,11,3.0386365733496827,1.0688334523406937,-0.1202422444591002,-0.1337135589948866,4.1109123154147404,-2.1255741217971686,0.568098670244,0.576461820149,0.00010154961172274458,0,5.0774805861372288e-05,37,1,1,1,0,0
1540,2,-1.2980505608725426,-5.8046734557485902,-0.72643149282174524,1.5546343379923488,4.7223215487109078,3.462802096399888,0.142084339646,0.0236654073199,1.907894035515719e-07,0,9.5394701775785951e-08,56,1,1,1,0,0
1541,11,5.3747836030438894,-0.74205163957250375,2.5636265941247718,1.1506417991549054,-4.7451019371186876,-0.73636315785463158,0.676360862863,0.0273114269323,6.8468242738827268e-07,0,3.4234121369413634e-07,15,1,1,1,0,0
1542,2,-4.2645033472026288,2.167808794616608,-0.99081424770794002,-3.0605499134339382,1.8292343229514136,2.6504528053682352,3.57744402327,0.338339221829,4.766870632431046e-05,0,2.383435316215523e-05,45,1,1,1,0,0
1543,6,-2.0593100066344139,-2.0167768308942202,2.3247406746852675,-5.215465297436884,4.6036717649723711,-2.7309447052950153,0.363770762793,0.00861934771804,1.5496015707260784e-07,0,7.7480078536303921e-08,14,1,1,1,0,0
1544,3,-2.8514421456910726,0.34291983388876734,1.0102413792681562,-0.65857076088646138,3.3649750509471783,-3.702626871703798,0.161289291144,0.00375693925831,3.031378621411193e-08,0,1.5156893107055965e-08,10,1,1,1,0,0
1545,11,1.3874870319549859,-2.1478448991169947,2.2989151581526359,4.1879985892753577,1.6008235111927678,3.3907042483449734,0.0616544681617,0.0122095164891,4.9211290668427292e-08,0,2.4605645334213646e-08,29,1,1,1,0,0
1546,12,-0.38345795335557847,1.005597966520245,1.5131279676927361,5.9949116410561993,-2.1091649615807886,3.8727490392572701,0.0664956160489,0.000621625850432,4.5393768204364569e-09,0,2.2696884102182284e-09,8,1,1,1,0,0
1547,0,3.3421129045691433,-4.4732270290409781,1.2078563879732445,2.3931632579319064,-3.8173228513696489,-4.1622456553281149,0.0994800535266,0.0726481208881,1.617590706448322e-06,0,8.0879535322416099e-07,19,1,1,1,0,0
1548,1,3.44891605815386,-0.21712658238266014,0.82846404270263496,-3.0837871835420261,-3.165894911659707,0.57271979042345189,0.0572673445073,0.000139824202352,3.2855042634670173e-09,0,1.6427521317335087e-09,40,1,1,1,0,0
1549,12,-5.9471613211032794,1.9423285409832689,-1.5476757739196463,5.4853084461417483,1.806256652342382,4.7293280333116625,0.200595907803,0.00719138318654,5.5992310313247642e-08,0,2.7996155156623821e-08,18,1,1,1,0,0
1550,14,-1.5376845370612777,0.064681589693945066,0.96264695971587633,5.2055190873125996,4.7746281546100127,-2.3550190979454966,0.135286403574,0.00337225500295,2.1766551910469552e-08,0,1.0883275955234776e-08,30,1,1,1,0,0
1551,10,1.6029315203398886,5.8735729876799798,-0.7752475518363553,-3.8494066556616686,-2.9621432877386091,5.812289705794476,0.647965999319,0.0285794293216,6.6866650396787266e-07,0,3.3433325198393633e-07,26,1,1,1,0,0
1552,13,5.9040128839035795,3.9023407450741625,2.9905768233654539,-5.9445446191984352,-2.1256399512964093,4.1583074938009554,1.40162298634,0.012643067507,2.0132392240444549e-06,0,1.0066196120222274e-06,15,1,1,1,0,0
1553,12,-0.261912829828234,-4.3103126708773942,2.2075731615503389,3.9652792601616706,-0.57344750691317126,-5.3528630302004823,0.586811739409,0.0256152889366,5.4422061349682001e-07,0,2.7211030674841001e-07,23,1,1,1,0,0
1554,7,-2.304487390965944,0.54326385033962088,0.53057518344837595,6.0443828546227154,-1.5404171961537354,3.2003271842917367,0.452548898296,0.0409073278492,7.1455018088286468e-07,0,3.5727509044143234e-07,13,1,1,1,0,0
1555,12,-4.4158354137095488,2.8031181681273587,-1.6650732185615509,0.50965078696682675,4.993210168128404,-0.42913889440567748,0.0305901235645,0.0108986605083,3.7118456742223177e-08,0,1.8559228371111588e-08,18,1,1,1,0,0
1556,14,-1.9109111720850545,-3.655754606042477,-1.8779845818861882,1.4622443423809617,-0.98333087288761711,3.7428946778732568,0.0408755158556,0.0105526338047,3.5592418864318957e-08,0,1.7796209432159478e-08,36,1,1,1,0,0
1557,11,0.71973460980054305,-2.3503507527277794,2.2864870658276883,5.8694722494717686,-2.7111721832553082,4.8708318994232629,1.31238318627,0.504958431143,7.9394618411046431e-05,0,3.9697309205523215e-05,12,1,1,1,0,0
1558,3,-2.2203944310208223,-5.6583368011151638,2.3484502858813148,2.0261966440282642,-3.5892182913557473,5.9330020547506637,3.30266441235,0.131677541905,1.6189346059707553e-05,0,8.0946730298537763e-06,25,1,1,1,0,0
1559,7,-1.9151704312102098,1.5329871175145786,2.7121750843514127,2.0939637031367697,-3.8081046086888071,-4.4287402033981262,0.783377091466,0.016355823169,6.9516877249034562e-07,0,3.4758438624517281e-07,11,1,1,1,0,0
1560,13,-4.8598863373711483,4.7798133913327217,1.0896137209235188,-1.1774266280936836,1.6207950938676345,-3.0920390384673935,0.842489259282,0.0176832346325,8.0504104045723826e-07,0,4.0252052022861913e-07,17,1,1,1,0,0
1561,9,-2.7042041993616044,5.7685973288981272,-1.6267961776783417,-0.9944006684523985,2.7849441127345824,3.465676224413178,0.221427108521,0.0593098265852,1.1205691155030577e-06,0,5.6028455775152887e-07,6,1,1,1,0,0
1562,1,5.8913764437802438,1.2083623319422268,-0.94286277673171803,-5.0714196095840904,5.6694410203563104,1.0731148648261353,0.0500126919588,0.00710687389443,1.7886781375091385e-08,0,8.9433906875456923e-09,12,1,1,1,0,0
1563,6,-1.0901259758067812,2.2897097861608406,-2.0042845250603811,4.3530264919993806,2.6700723317118729,6.1579417016244395,0.900133896966,0.0188998483038,9.1905167428398849e-07,0,4.5952583714199425e-07,15,1,1,1,0,0
1564,4,2.0786398149578802,1.6669481809880866,1.7869586512736089,-4.7299139351647472,-5.2191275864949924,2.8653657620056472,0.0309464561346,0.00740579314812,1.7664660746678777e-08,0,8.8323303733393886e-09,15,1,1,1,0,0
1565,2,-2.5020004768496795,4.9495185182283512,0.48682994306142147,1.2229937835417812,2.9002620739019052,2.0010092647187063,0.408264158611,0.00838410945671,1.8809218425585035e-07,0,9.4046092127925173e-08,13,1,1,1,0,0
1566,9,0.84621738760860588,4.3652029304052089,-1.3886448933075555,-6.1569201020820667,-0.23631047947317638,-1.3850040410636095,0.260697332224,0.0648387769976,1.3485951419549646e-06,0,6.7429757097748229e-07,13,1,1,1,0,0
1567,8,-1.4000204916949128,0.60941107689238183,-2.2287768104312891,0.44420794151437581,2.2102867411958407,-5.5417347745184733,0.0128963590745,0.0297988084016,2.7065713627165072e-07,0,1.3532856813582536e-07,25,1,1,1,0,0
1568,4,-4.4748686618938143,-0.89560289194176035,-2.1805020574738339,-0.95105123725050544,-1.8777333985775984,0.22971863592812194,0.295728666901,0.121940210208,4.6169382345504014e-06,0,2.3084691172752007e-06,37,1,1,1,0,0
1569,11,-1.6277098763407185,1.7946620565792577,0.68178140625334283,2.516079531545937,-3.8771710966200037,-5.0864967328621535,0.477333156239,0.00423702098242,2.3331553960826205e-07,0,1.1665776980413103e-07,45,1,1,1,0,0
1570,14,-0.13578393453755941,5.5542419555604789,2.3036503881468993,3.329869959531552,1.636488516093614,5.1430458091581537,0.870254623711,0.00147488611113,7.580057410250536e-07,0,3.790028705125268e-07,8,1,1,1,0,0
1571,2,0.91331347614459257,2.5826475990527702,1.0603616552273163,0.90467649364720815,1.7811968076777489,3.3651319531462791,0.00691108982391,0.0162116802564,8.0106879879940272e-08,0,4.0053439939970136e-08,22,1,1,1,0,0
1572,6,-0.35280238547160703,0.88463404571255844,1.0319084344469667,6.2027632570807336,4.0260044873186791,0.38326103054387117,0.745407158818,0.517869901786,8.2250744666337389e-05,4.3269424902004805e-05,4.2423455080228841e-05,28,1,1,1,1,0
1573,3,-2.221598974639853,1.9149448426720799,-1.5734838832612297,3.9718278378352871,-4.4734411574077351,-5.0769677401120807,0.125405077833,0.050896816745,8.0483358108231282e-07,0,4.0241679054115641e-07,32,1,1,1,0,0
1574,8,3.252389777490579,3.2707644771741533,-0.67178855490310263,-0.33729675310653096,4.4947507603691044,4.254525565346567,0.0334852975395,0.0503345331336,7.7288936708934886e-07,0,3.8644468354467443e-07,12,1,1,1,0,0
1575,13,-3.0604865846553455,3.02697691098856,1.9799187794219599,-2.9465315672177339,4.9694941628560629,4.4928811138554829,0.0274789217197,0.066943003068,1.3658571355353424e-06,0,6.8292856776767118e-07,36,1,1,1,0,0
1576,7,-5.1209121982261738,-2.7926589554418464,2.6526002438363858,1.9263656393158959,5.2963906735112696,-4.0694826384955141,0.168963125691,0.00398090516646,3.3375994675710527e-08,0,1.6687997337855263e-08,34,1,1,1,0,0
1577,7,3.3211449841983978,4.7310231656155661,2.8763915629280157,-3.4639939278876852,1.695893791301061,1.5545584440818816,0.130600520172,0.0420129268714,5.5473244629227541e-07,0,2.7736622314613771e-07,10,1,1,1,0,0
1578,3,-0.79870354848489677,3.3659587062281426,2.4071771534145543,4.6218856116482412,2.8619753359130722,-0.28239534517076659,4.53051675288,0.271489757079,4.2977923228368313e-05,0,2.1488961614184156e-05,56,1,1,1,0,0
1579,6,3.1541034966860892,-5.7350688167885782,2.8218487973777977,-3.6567043296117698,-4.8575226932015543,-4.4643845914901101,1.08961294555,0.0164370737017,1.2695571111119427e-06,0,6.3477855555597133e-07,41,1,1,1,0,0
1580,14,3.4509783043156834,-2.354816728186762,-1.9437172983017865,-2.7938322887310987,-5.0983019014616122,0.99484416914695106,0.013456495753,0.371971597849,4.2147921410944202e-05,0,2.1073960705472101e-05,14,1,1,1,0,0
1581,2,-4.7627508385284756,3.2197963494017232,-0.62995688773159098,-2.0245740737516109,-5.6918280379989445,2.9517008665858002,0.281847664607,0.302871259405,2.8022298571541216e-05,0,1.4011149285770608e-05,7,1,1,1,0,0
1582,1,1.0894879229793049,0.31701860828319051,2.8197102810228345,-1.4415195437330079,4.5363553787489872,-5.8091721931951579,0.0429654648482,0.000278153917067,1.8695992980292716e-09,0,9.3479964901463579e-10,20,1,1,1,0,0
1583,6,4.3600745995885175,-3.0425940027718785,-0.63399227928737245,-0.45670350194797055,4.6000984152662632,3.9260368341504894,1.94123737582,0.00720316877259,3.7842078191857516e-06,0,1.8921039095928758e-06,28,1,1,1,0,0
1584,8,4.2974854454647744,-3.1211626647867581,-1.8145367791980886,-2.7439614188175434,-5.2565180996307763,0.75728147828876502,0.0168087936037,0.0270345031247,2.2291655085536187e-07,0,1.1145827542768093e-07,13,1,1,1,0,0
1585,4,1.4461933376949074,5.9388915758259531,1.7530827595392837,-3.1446222256265428,-4.9722330581318639,-2.4652059206611954,0.107564954406,0.0593513315431,1.084609619356589e-06,0,5.4230480967829451e-07,22,1,1,1,0,0
1586,8,-5.1589344109437789,-4.024842931619717,-0.69820907195497595,-6.0831642299727751,-1.9864240141299596,0.9227877734960559,0.408439169499,0.039615415935,6.4488340080398471e-07,0,3.2244170040199235e-07,18,1,1,1,0,0
1587,14,3.9292279731280986,1.6688395485998226,1.7462575896996175,-4.7756762971396274,-5.4343009320990641,5.6798232268244124,0.0114892008307,0.10417566401,3.30601356004561e-06,0,1.653006780022805e-06,24,1,1,1,0,0
1588,2,3.9559422899624486,-3.675425901950848,2.4811928474567995,-3.6703202310798835,4.712386929638785,-2.3435807109440105,0.0420395530903,0.000593809046743,1.8747349238548079e-09,0,9.3736746192740393e-10,26,1,1,1,0,0
1589,2,5.0117696820221989,2.49267508311579,1.8442212916150225,0.6289264860891014,-5.1552675154490215,5.7702716550883668,0.376141583664,0.00506626985145,1.4930113375342321e-07,0,7.4650566876711604e-08,22,1,1,1,0,0
1590,6,1.097230736128763,5.8274347516605349,2.6141003927608399,1.7294447992889757,0.69052888276482005,-3.0177336352371222,0.041835769658,0.00278468208965,4.1123734959114437e-09,0,2.0561867479557219e-09,10,1,1,1,0,0
1591,8,-2.8638383546433963,-2.0835366186452933,-0.015015382174700109,-1.4458773927819091,4.2212779648660472,-1.2460912682095933,3.57063842666,0.0323933290977,1.3069102291738625e-05,0,6.5345511458693127e-06,30,1,1,1,0,0
1592,0,4.0883718982214994,1.9593050660170366,-2.2954699096282849,1.6030047016938596,4.4813260546774352,3.4037121571083402,1.07443268881,0.185029244098,1.1583233112313296e-05,0,5.7916165561566478e-06,13,1,1,1,0,0
1593,2,-4.1359191638835062,-3.5097270440252868,-0.51075166653591753,4.4126180957482326,4.2668150550266972,5.8720720479974258,0.0354229576913,0.951470853757,0.00027577042574115408,0,0.00013788521287057704,16,1,1,1,0,0
1594,1,1.9797629352178832,2.6423106481407577,-2.5041706889740123,6.1299189619910743,-2.1076377955618466,-4.3778911740934081,146.683317376,1.48777014309,0.022190254070163014,0,0.011095127035081507,60,0,0,0,0,3
1595,12,5.3548943757195042,1.2863254272827527,0.96604418719412954,5.625434817354928,-2.0244538670812178,2.4483691710328173,0.0215060275842,0.0645915937518,1.2713489212040258e-06,0,6.356744606020129e-07,24,1,1,1,0,0
1596,1,-0.62400528423346913,-2.4456987341200556,-1.9185091410606638,2.7908999699666164,-4.5053397658795324,4.718259639878239,0.155102225902,0.00895910080301,4.8506966088161884e-08,0,2.4253483044080942e-08,17,1,1,1,0,0
1597,5,4.1973429129692956,4.2854922249401017,1.4896635636833404,0.22904199896631039,-1.5582864480660925,-3.0030055597319509,0.0499394506544,0.0148642615321,6.9798031683106721e-08,0,3.4899015841553361e-08,6,1,1,1,0,0
1598,6,-4.1001605038801561,-0.65595224066334845,-0.78757040764590391,-5.4528895361861149,1.2125701263106174,2.8188573733238385,0.226696127452,0.0163354941421,1.3267779579982827e-07,0,6.6338897899914134e-08,17,1,1,1,0,0
1599,0,-1.1352964931181957,4.9954430501848952,1.4078121209593577,-2.1152693519273571,-4.9369387399476139,-5.9045918493505525,0.0465559891861,0.0177903992293,9.8578357085706032e-08,0,4.9289178542853016e-08,46,1,1,1,0,0
1600,2,-4.6127003830261888,-2.3407981016489727,-1.4050755530569476,4.7888840112355648,5.6858038848156998,6.0866115511974543,0.0373785517127,0.0444626964784,6.0360489162985781e-07,0,3.0180244581492891e-07,27,1,1,1,0,0
1601,15,1.2577516463545027,-1.1867701593350859,-2.1978206788899297,1.8113930030063834,1.4039836342683383,3.466143452267739,1.54478293837,0.11893431429,6.6952807778571695e-06,0,3.3476403889285848e-06,27,1,1,1,0,0
1602,2,0.15457846581199891,-4.5661096514133988,3.0549769688309731,-6.1916376697454796,-4.3113053892346977,-3.6002290226066602,2.44711326088,0.406372433073,5.6292443648499288e-05,1.4769820460325433e-07,2.8150652770387741e-05,39,1,1,1,1,0
1603,8,-4.3769357274721203,2.1663589600045268,0.079122425141835873,6.0070180586190585,-2.7822212906839114,6.0496599938821092,84.1245957949,0.328451249306,0.0071098098128754075,0,0.0035549049064377038,60,0,0,0,0,3
1604,1,-4.6370890033570769,-1.2383187928445678,-1.3907743926270943,-3.5645434935475291,2.1516255889253548,-2.6738278155075941,0.173703132027,0.00256089771992,3.2170519164700646e-08,0,1.6085259582350323e-08,5,1,1,1,0,0
1605,12,1.7450835927800266,-1.3390600624868558,-2.3108336973553141,-0.74374933026410195,-0.89262631191083408,-0.040170873978872874,1.17942004417,0.0336363379328,1.7356767730987766e-06,0,8.6783838654938831e-07,21,1,1,1,0,0
1606,15,4.7219469802605154,4.4940480300963781,2.2198840954168406,-1.9117783289545722,-4.3642269635529987,6.0893068730000097,0.0346842690126,0.086759315951,2.2941128146130637e-06,0,1.1470564073065318e-06,15,1,1,1,0,0
1607,14,3.2147541685007743,-6.1866831814303609,2.6484815815815614,-3.6290537318080585,1.4591232669684109,1.1726873158065658,0.416724202884,0.0145746522619,2.3836604240326982e-07,0,1.1918302120163491e-07,25,1,1,1,0,0
1608,6,-3.9597353210734685,-3.9215610411324833,0.22569652485656388,5.3465632470110505,1.389794061634632,-6.2722751647960466,4.78833365844,0.162989985898,3.102052502823686e-05,0.005789666432093216,0.0001892002554769149,20,1,1,1,1,0
1609,12,6.0673435333141459,-2.5592655576279699,1.0133552172355769,0.57874990398273662,-3.4445727923040903,-0.18239926792143352,0.416079764065,0.00232550041938,1.7476972651001181e-07,0,8.7384863255005903e-08,14,1,1,1,0,0
1610,2,0.47582588285799421,0.7608380812172435,-2.2740822932847542,2.2719111225775919,-1.6189918789766511,-5.2885421794180747,0.044171669967,0.00292309288211,4.5539314409745946e-09,0,2.2769657204872973e-09,15,1,1,1,0,0
1611,14,1.0574542248447028,3.2257387437685856,-0.40048217966589628,-0.27713939040144248,-0.15122414658217814,0.25861649683205035,0.0358617258321,0.000885454777464,1.5248926249231939e-09,0,7.6244631246159695e-10,57,1,1,1,0,0
1612,10,-0.15514614185213438,-4.8467081316320106,-2.6443466139640188,4.411542102745897,-4.6371384532543711,4.0421084208426334,0.143247644275,0.063067503263,1.2321387111652707e-06,0,6.1606935558263534e-07,10,1,1,1,0,0
1613,4,-0.66572001146700621,3.1932212906128208,2.3036110791122177,-3.9570838892308497,-1.6719252210983901,1.8373350703422722,0.188495389018,0.0551257381953,9.6121624747321546e-07,0,4.8060812373660773e-07,16,1,1,1,0,0
1614,8,-1.7204590807712163,2.8295764920434752,-2.4477154076438916,-4.7060902677646768,-1.7749053454086214,3.0972486014953025,0.419826797172,0.0143930522278,2.3935906981694549e-07,0,1.1967953490847275e-07,27,1,1,1,0,0
1615,0,-2.5384362986480236,-1.2437883476932896,2.3689936361127133,3.5643326567569553,2.0237789770702821,-4.6565650490528734,0.0115567369033,0.174773023783,9.3048584141332338e-06,0,4.6524292070666169e-06,36,1,1,1,0,0
1616,10,1.8186154918893043,-1.6928253967797733,1.3550881878857677,5.1393083991419406,1.6410273052744249,-3.6675561735018669,0.411504362323,0.0323532800472,4.8818947280842928e-07,0,2.4409473640421464e-07,8,1,1,1,0,0
1617,11,0.34027580513510797,1.2869957797375864,-1.9788513547789364,-2.4246867462080055,3.7749299766585547,2.3045980532097428,0.219922410463,0.0854921796573,2.2747880198924327e-06,0,1.1373940099462164e-06,12,1,1,1,0,0
1618,12,-5.0538277419471909,0.029090172825547964,-1.0277132561112696,-0.64632219529155499,2.0261116629660103,3.0763797095812171,0.1007921599,0.340159533895,3.5256986366043973e-05,0,1.7628493183021987e-05,26,1,1,1,0,0
1619,13,0.70971273720630879,-5.749878775984496,-0.29891057367580171,4.8910634806017264,1.1645851253706974,3.6158474090194761,0.145060236685,0.46610957753,6.6201655978228644e-05,0,3.3100827989114322e-05,52,1,1,1,0,0
1620,3,-1.3714717836027974,-4.0418010325274265,-1.7546356584155045,5.1438727777410067,-1.8552768773262609,-2.141859600646224,0.119307469148,0.058721442842,1.0646184501822423e-06,0,5.3230922509112113e-07,10,1,1,1,0,0
1621,11,-2.8543404073715832,5.178653547717281,2.1009530498130098,-2.7266962576248193,-4.5963516043601844,1.4597669909543234,0.188736525399,0.00712351486926,5.1079123739918047e-08,0,2.5539561869959024e-08,15,1,1,1,0,0
1622,6,2.3577803642916209,3.8710966028710221,1.0006879722950173,-0.29049854312361867,-4.9010540199029684,-4.0728439416208291,0.219232612984,0.00732896123738,6.4425059017270272e-08,0,3.2212529508635136e-08,10,1,1,1,0,0
1623,15,-2.9446371745127231,-4.734986749738785,2.6341935472849491,-1.2295307189712321,2.1363061943829096,-0.20250138374331136,1.10482314065,0.000720703191788,1.2207923943915941e-06,0,6.1039619719579705e-07,11,1,1,1,0,0
1624,0,-4.6195464743503178,5.8569537670979406,1.0598546998835248,1.2580294064294524,4.702910649685224,0.065920882410857126,0.275228174447,0.0603617784741,1.1856376117228362e-06,0,5.928188058614181e-07,17,1,1,1,0,0
1625,11,-4.8944749466126893,-5.0649594190162173,0.09659459061783647,6.1366408534750647,-1.6961163913561799,-5.563963054061583,0.599282160663,0.0799959993643,2.30849561346557e-06,0,1.154247806732785e-06,19,1,1,1,0,0
1626,7,-1.5966976437052443,-3.8448221774440485,1.8433174118415949,0.40893262293483229,-5.0462802027562894,0.074350981660338961,0.0383819038894,0.00327856218679,4.747494056800417e-09,0,2.3737470284002085e-09,20,1,1,1,0,0
1627,4,-3.2237567049822009,0.83002250448374382,2.0681250575385386,4.8477161735416967,-1.0505431849231657,-0.73416810797946674,0.179758737524,0.0200461450765,1.5472308403883595e-07,0,7.7361542019417973e-08,11,1,1,1,0,0
1628,11,1.8515937219422742,0.5961878083203147,-1.0154437982306723,1.5934467084254422,-2.4962390734730704,5.9609264838062979,0.245059835774,0.0606948920433,1.1822252730162475e-06,0,5.9111263650812377e-07,22,1,1,1,0,0
1629,12,2.308982528230894,-2.9569617651841704,-0.54035386748007541,1.8009065927865133,1.6187036636510483,2.4100905341554277,0.0782794663374,0.0898483234801,2.4652191872545986e-06,0,1.2326095936272993e-06,13,1,1,1,0,0
1630,14,-2.6729819656914984,2.1081995320763549,1.3944246700905452,3.8290651997946905,4.8624318284405694,4.7667635744711667,0.024485157412,0.00167713684415,1.456347154631121e-09,0,7.2817357731556048e-10,18,1,1,1,0,0
1631,0,-0.16310378336106593,1.4635397525218696,1.8186424445745633,-1.9660971714180853,5.0628196406476791,1.880332106452373,0.0749361767974,0.00117619035018,6.0368455631205454e-09,0,3.0184227815602727e-09,13,1,1,1,0,0
1632,10,-0.53665385815379363,1.6062099533432324,-0.3181514371353944,-0.81026305770743778,5.9273311184374391,2.9540459567761457,0.577652599547,0.0139995410231,3.9338362535973046e-07,0,1.9669181267986523e-07,10,1,1,1,0,0
1633,2,-2.1229665452365007,-0.75329438697379458,1.4168130340461826,-0.99125440750983729,-0.39214310344473219,-0.86576637195463124,0.210417718018,0.0703467393794,1.5517247963284106e-06,0,7.7586239816420531e-07,14,1,1,1,0,0
1634,10,5.2544739102403,-4.7891331142554359,-0.47260076480163232,1.1961715052517763,-0.67959711927765687,4.2539147766876413,0.385966757626,0.00168711054866,1.498373833489104e-07,0,7.49186916744552e-08,13,1,1,1,0,0
1635,13,0.66680470428859884,4.1111090453283303,2.2849993344647479,-5.7128080865824735,4.6249637390853771,0.92220465972123855,0.166247837461,0.0354412309608,4.1026245164527411e-07,0,2.0513122582263706e-07,39,1,1,1,0,0
1636,6,2.4312657951875525,-6.1081057707885966,0.22877174915516865,6.0127261412761586,-1.2022627442918574,-0.23098674426754487,2.47256483363,0.00259604541834,6.115629810942911e-06,0,3.0578149054714555e-06,18,1,1,1,0,0
1637,7,-3.2983424648823454,4.0428582785531075,-1.8387274562313864,-3.5690983755380201,1.4234655681154564,1.6287048897700751,2.54310392393,0.0533551367564,7.334553488368289e-06,0,3.6672767441841445e-06,7,1,1,1,0,0
1638,3,-3.431144802676839,1.0958666639820871,2.7947236204075585,-4.2922593833839473,-5.2210482023084088,1.5248616253092968,0.369384017924,0.00546873315689,1.4555475876900727e-07,0,7.2777379384503634e-08,14,1,1,1,0,0
1639,9,4.2296984739014718,4.849567908176275,-2.6905588679875789,3.5084676069905552,1.1677749594583127,-5.1304264322557929,0.53683867153,0.0868042218145,2.5834797697736842e-06,0,1.2917398848868421e-06,10,1,1,1,0,0
1640,9,-5.7291411771531999,-3.8476715062731812,-2.7294530761004636,-2.7550959918418458,2.6722518164619564,-6.115918907628128,25.2562779307,4.93854912852,0.008067275309657845,0,0.0040336376548289225,60,1,0,0,0,2
1641,15,5.9668931767698421,3.7575736491008365,-2.9230909272924164,0.84623557505306235,-1.9511719997278514,-4.3718675535131251,0.0976074515829,0.0065174396721,2.2466454800410034e-08,0,1.1233227400205017e-08,21,1,1,1,0,0
1642,2,-3.3713462282772886,4.6714122240809095,2.6631364541062998,0.14275153082019904,-2.0635254974136554,-0.84797448447326562,0.178610259256,0.0333347685266,3.7039457076069337e-07,0,1.8519728538034669e-07,22,1,1,1,0,0
1643,2,3.0603706905749051,1.8664225444365834,-1.1845738704378712,-0.93066072655936904,-2.3268049189968125,4.8761212790155595,0.0418754322605,0.00107218587686,2.103734698598591e-09,0,1.0518673492992955e-09,12,1,1,1,0,0
1644,2,4.6221490512949117,0.83071921638395185,1.8849890323262022,2.2382388652619194,1.4823923591879835,5.7199122800532969,4.12605019787,0.172311587757,2.6068772336910726e-05,0,1.3034386168455363e-05,14,1,1,1,0,0
1645,4,-0.97651176359535929,-3.1234924532919321,-1.7395886865837979,3.9473338912825247,0.12150228462002122,-0.37242247058536065,0.0436408107496,0.0464044594055,6.5785970721239196e-07,0,3.2892985360619598e-07,19,1,1,1,0,0
1646,0,3.777216355332381,-3.6321640598795004,-1.6849650571851518,3.1551357484188354,-3.8543882327213161,-5.5679135109123985,0.320226300037,0.182262440567,1.0221812881233333e-05,0,5.1109064406166664e-06,16,1,1,1,0,0
1647,6,1.0186170013693032,-1.4438197048163908,0.15925396549758475,-0.25815854505814445,-4.5148982299967404,3.0480077750281604,1.99237449631,0.00129067351611,3.9700635768683455e-06,0,1.9850317884341727e-06,51,1,1,1,0,0
1648,2,5.0539861858821533,-3.4509894784812642,-3.0040167133536722,5.3375131078919384,1.1151055234742122,6.132799081429547,0.584884501325,0.00253247741731,3.4404352600378781e-07,0,1.720217630018939e-07,24,1,1,1,0,0
1649,13,3.3665557819878278,3.3665029397343016,-2.0679407919764827,-1.8872008155809803,1.4154031781480636,1.5457781061644948,0.0301606856685,0.0606792634378,1.1225027854018895e-06,0,5.6125139270094474e-07,18,1,1,1,0,0
1650,6,-1.1632907692932526,2.6466982806660218,-2.1435012260260859,-0.9027225399414458,1.0185476271036367,-0.8571709111219018,4.28541137392,0.958977148091,0.00029850225267969772,0,0.00014925112633984886,53,1,1,1,0,0
1651,11,3.2266768875726632,-5.3737540406341324,-2.6472129700208029,-2.4915323891407799,-1.9133816128960333,-1.6441281232307252,1.59850468967,0.130680244971,7.7572683555275718e-06,0,3.8786341777637859e-06,21,1,1,1,0,0
1652,10,4.2056348998609439,0.42013742034547258,2.7171748925407364,-1.0082310876523848,4.2959485499353374,3.3305728222778486,0.0682189542479,0.304522244598,2.8252983933542755e-05,0,1.4126491966771378e-05,11,1,1,1,0,0
1653,5,3.5307835748118621,-0.43308940890765757,0.64385080357030855,1.2166346458316486,-2.0717261831254001,-1.7616334860151035,0.0269595505053,0.0735024349231,1.6464553080494575e-06,0,8.2322765402472876e-07,19,1,1,1,0,0
1654,4,-1.9012042436297465,0.30634616733248421,-1.3978889425127858,-0.24257222920498633,1.6167407824974391,-5.6786662620926238,1.38556457321,0.0498746647927,2.6775195924697307e-06,0,1.3387597962348654e-06,43,1,1,1,0,0
1655,3,-5.9299600343674621,0.38776814357165523,-2.9827586429208028,-1.8387457475001128,-1.3864393163957043,2.1328786847040901,4.05817768083,0.109658373555,2.0131818039468691e-05,0,1.0065909019734346e-05,19,1,1,1,0,0
1656,5,-4.5148677681037377,-4.6166362172664019,2.9784397957400675,-2.7620290288016025,-2.0962110231369961,-5.8264032761943687,0.374641996516,0.014186542929,2.0166331830947356e-07,0,1.0083165915473678e-07,24,1,1,1,0,0
1657,3,3.63286655480238,-4.3242879254911148,1.4729574107170638,4.5528300133571733,4.504276958413854,-2.1933329047111001,0.0415259330816,0.00419029864554,7.0730593796408019e-09,0,3.5365296898204009e-09,26,1,1,1,0,0
1658,0,2.3333482473165463,3.4019553056088894,-1.2571951543681099,-2.4871675105809965,1.0541295038763443,1.1508856302832289,0.0249938933773,0.178124613733,9.6656413404085925e-06,0,4.8328206702042962e-06,16,1,1,1,0,0
1659,2,1.9908459767332485,4.9566691269070491,-1.2514009505868418,3.9037557919040355,5.1347025257231254,0.21573172637574742,0.0548435057463,0.00358842892716,6.9303144655852689e-09,0,3.4651572327926345e-09,57,1,1,1,0,0
1660,4,-1.3728297508799061,4.2188406012173711,2.4303476400430912,2.1991943376276097,-0.9343716888400645,-4.5885235226682672,2.49985305697,0.0305291981039,6.5331784702261193e-06,0,3.2665892351130596e-06,21,1,1,1,0,0
1661,12,-2.389279054638231,-3.2689169626666121,0.73479303724643041,4.0662311751443534,-1.4242952208807751,-1.6537031513975007,0.0380134200293,0.269191740138,2.2075300505986277e-05,0,1.1037650252993138e-05,15,1,1,1,0,0
1662,7,-0.45707743188831962,-0.262687876050055,2.8947182275439953,-4.3455123763937067,-4.814945796641215,-1.2195815125214315,0.183691787968,0.00513587903557,4.17776438594178e-08,0,2.08888219297089e-08,17,1,1,1,0,0
1663,6,0.73765797029185021,2.9450506820918956,2.849986653600233,2.2597200177326608,1.646810018173825,0.73239487341617859,0.219714251786,0.0197066528556,1.665731874478402e-07,0,8.3286593723920099e-08,10,1,1,1,0,0
1664,9,2.533564370192428,2.5567965336199956,1.9075354553724451,-0.1642613841150278,-4.8556087580256113,-6.1223643681548996,0.0152319765425,0.179303061146,9.7935564765519307e-06,0,4.8967782382759654e-06,10,1,1,1,0,0
1665,10,2.0858489332138062,-0.90084192788791573,-2.5683487111648104,-1.4319487147681602,4.7613678014647602,-0.010674549330119756,0.0493480817997,0.00175751901944,3.3761577322118765e-09,0,1.6880788661059382e-09,26,1,1,1,0,0
1666,12,-0.38178789857873829,2.5563721502890844,-0.87549129781104962,5.8885306580570065,-1.3757605376839606,-3.9631436439285737,0.261734190304,0.000381095713892,6.8549027163183934e-08,0,3.4274513581591967e-08,17,1,1,1,0,0
1667,2,3.8053416333494545,-1.9616137918018515,-1.6436101813098605,5.466103856748882,4.5666998563823222,3.5773105601618749,0.0610711064736,0.0278046299689,2.3922862980979395e-07,0,1.1961431490489697e-07,22,1,1,1,0,0
1668,3,2.7571915523664865,1.8070031685451464,-2.1313327357848957,4.9735376443813504,-5.2942808990002082,-5.1304171284393609,0.0892642193293,0.0186125830842,1.1349618022423459e-07,0,5.6748090112117293e-08,13,1,1,1,0,0
1669,10,2.9650800999253581,-0.831862514641034,0.79485371231499424,2.0353826805818382,4.9673504093608178,4.5266519655894006,0.0958812271204,0.00978838126785,3.8379338175358555e-08,0,1.9189669087679278e-08,25,1,1,1,0,0
1670,10,-0.72413500906548722,-1.9126122454580436,2.3022039566596857,-4.6363861573299578,-1.7953501803048681,2.5264636022866802,0.0816264349463,0.00160641549744,7.4489616856114038e-09,0,3.7244808428057019e-09,42,1,1,1,0,0
1671,13,4.3757617154253072,0.91442114963930954,2.1940602848342907,2.3251836719582206,-4.3946939076822531,5.7969093653148454,1.56771636659,0.0210207061488,2.592335931862693e-06,0,1.2961679659313465e-06,22,1,1,1,0,0
1672,13,-5.391122747833248,-4.8042678833897536,0.95077265361548557,-3.9556280687392475,-4.7602713760814321,-2.5526088059218139,0.0867904351721,0.00964084545039,3.5845520179234535e-08,0,1.7922760089617268e-08,16,1,1,1,0,0
1673,7,-4.3106137304774341,-5.8653243583987287,-2.5745770723100221,-2.325728967264248,-1.7421511819928062,-0.47150842027981482,0.339604651259,0.0166847364775,2.0013084786581424e-07,0,1.0006542393290712e-07,9,1,1,1,0,0
1674,14,0.035711061031195493,-1.1033408397463618,-0.78248355129279057,3.1279528354192387,-0.72723524096243108,-4.5664595614083412,0.042330696782,0.0219430369438,1.4846422216142106e-07,0,7.4232111080710532e-08,22,1,1,1,0,0
1675,9,-4.4796976040430563,-0.39233495491933756,0.94240838558315065,1.0958773625327451,-2.5231457584813746,-0.39591667957267107,0.432560659256,0.0703863371193,1.6962554492837427e-06,0,8.4812772464187136e-07,18,1,1,1,0,0
1676,10,-2.1497296181420502,2.0881546833584688,2.4375964166179287,3.4317072647101501,-1.6235188722900677,3.6552948887122652,0.161195515137,0.00649205529185,3.8822638058615017e-08,0,1.9411319029307509e-08,24,1,1,1,0,0
1677,4,5.7327830345121118,0.99417384637672435,1.7760365246162377,-2.8071663058322844,0.74992095045480156,-3.7311193467916501,0.224451722917,0.0363324591318,4.5248806573502895e-07,0,2.2624403286751448e-07,50,1,1,1,0,0
1678,8,-1.3773722917466273,5.7916076072496203,0.98523181001489535,-2.5175680440832089,-4.7752239924849285,-5.9815645122509586,0.246150716717,0.0302728001076,3.3975450263983125e-07,0,1.6987725131991563e-07,17,1,1,1,0,0
1679,12,4.1493145710357355,-2.885816530389179,1.9439667946135983,-6.0774564099818926,2.5367109085314903,0.42397472805746433,0.00670384528549,0.698714687192,0.000148714943734007,0,7.4357471867003499e-05,15,1,1,1,0,0
1680,6,1.1152741141431277,2.1989593782824883,-2.6084340883867743,2.3567957508802708,-1.9396012390801054,-6.1310794951655341,0.040696280465,0.145659176577,6.4646008324365366e-06,0,3.2323004162182683e-06,25,1,1,1,0,0
1681,0,-4.4899679642626351,5.0653128604893194,2.7469489998605581,-5.867354819044599,-1.7718056030684577,-0.20508872606461312,0.375497445726,0.0693673291173,1.606764458602484e-06,0,8.03382229301242e-07,20,1,1,1,0,0
1682,0,-6.0650270164218023,0.46254889497098961,-2.9238320245064608,-3.8226497487940221,-2.3517176700783549,-3.8385302541061739,36.8536477749,0.244307908037,0.0013763728574492063,0,0.00068818642872460316,60,0,0,0,0,3
1683,12,2.9696451713694016,5.7944994650517065,-2.8846248633156191,-0.89581788460450595,-1.9340240702796734,4.188855667242505,0.00208691015566,0.229345939179,1.6022746548900424e-05,0,8.0113732744502119e-06,52,1,1,1,0,0
1684,9,-4.2522058147448742,2.5133122070998493,-0.1229562731910141,-0.75520139485571458,-2.4343911189799745,-5.4327038394621949,42.6295589282,0.000448965073189,0.0018172793558178292,0,0.00090863967790891459,60,0,0,0,0,3
1685,10,-4.6509514839875061,0.34878898593279628,2.6672584612680437,0.38930719410733672,2.0864340426044725,1.8667890110261531,65.7448656427,4.22778635847,0.0097671731870727085,0,0.0048835865935363543,60,0,0,0,0,3
1686,12,5.1724550476621571,-4.0713824184494252,2.6263822631481615,2.7944239959885939,4.9184639900173881,-3.5039341058780336,0.953435255165,0.144357344189,7.2569742408483144e-06,0,3.6284871204241572e-06,20,1,1,1,0,0
1687,0,3.4744425219773727,-0.82431315169528896,2.0763540222125267,0.13096431615928983,-1.399757613095044,4.1080111877544798,0.0474021768382,0.0434116378051,5.7631990762278626e-07,0,2.8815995381139313e-07,31,1,1,1,0,0
1688,2,-3.7339540290557465,2.5456341890761873,2.8004912645814941,-6.072539407496528,-4.9152870807309581,2.2344176075824334,0.82769470708,0.150650060348,7.5985051098880581e-06,0,3.7992525549440291e-06,16,1,1,1,0,0
1689,7,0.18298227730024069,-4.1266802251488048,-0.27355080236377738,-6.133662300122829,4.7219582352079819,2.1133059987439182,0.00755950896059,0.303406798719,2.8041822542664895e-05,0,1.4020911271332448e-05,10,1,1,1,0,0
1690,1,-4.8452311312720182,0.24819400666031449,2.8123449473254305,-0.84287594478794081,-0.99542141252031802,5.4918235724049476,4.91566114995,0.299401081151,5.1469936920563862e-05,0,2.5734968460281931e-05,16,1,1,1,0,0
1691,8,-2.0606892842160063,5.6064155685037607,1.058571872335861,4.4112204190002355,-4.0876128435156831,1.1783479591548129,0.239070153931,0.115563907828,4.1253252950473382e-06,0,2.0626626475236691e-06,17,1,1,1,0,0
1692,15,6.05891163230892,-3.8803103719623175,0.47046580999324139,-2.5573705378898581,5.4329380793785012,-1.110603315644336,0.212293928257,0.0211739339048,1.8163950817939281e-07,0,9.0819754089696405e-08,29,1,1,1,0,0
1693,3,0.43074225224072932,-3.9970620587020815,-2.7022831987146105,3.598613332709879,3.8786830702738646,3.0062205696379634,0.74277524322,0.0372056527569,9.7338495333188976e-07,0,4.8669247666594488e-07,39,1,1,1,0,0
1694,5,3.4811457143134747,3.5909201314564725,-1.556444215331598,-1.8130782893777837,-3.6324510657495863,-4.7684711996189364,0.737842515848,0.00650341799751,5.57295203098765e-07,0,2.786476015493825e-07,15,1,1,1,0,0
1695,4,-0.40400870396244298,-2.6144455222087126,-1.5462199882436825,4.9971334528600186,4.0682653326854181,1.4870743722216897,0.0347761805475,0.00885077440712,2.507195617020473e-08,0,1.2535978085102365e-08,36,1,1,1,0,0
1696,4,3.2237147294511299,-0.78528033933956332,2.6283311348641893,-2.0615974946634674,4.3230736317813863,-2.5302590645564287,0.0531059867042,0.10222490479,3.1860513125495942e-06,0,1.5930256562747971e-06,18,1,1,1,0,0
1697,5,2.2482838072018394,-2.7711092837937392,-1.3440478352070155,-0.083482640130704333,3.972591366627185,5.0583792544985613,0.0289143652226,0.00205135679717,2.1178903302718645e-09,0,1.0589451651359323e-09,13,1,1,1,0,0
1698,2,-3.3942105414335009,-4.1000468207800518,-1.4867188414765906,0.67886590261600144,-2.0980435488109093,-0.62483487874653576,4.07260478756,0.0301034881974,1.6862160154304517e-05,0,8.4310800771522585e-06,16,1,1,1,0,0
1699,12,-4.6374843821682044,1.0240074968172861,-1.1251038885885556,-2.7063192498622697,4.2854166276442172,5.6791846399309422,0.231078545074,0.00118506254467,5.3825090544798671e-08,0,2.6912545272399335e-08,29,1,1,1,0,0
1700,13,5.6465960561840189,-3.7172038372430332,1.6913136210799051,-0.18367740334510269,1.7919875451943306,4.6007275802761054,0.0612113761992,0.000337149135537,3.7814582980583645e-09,0,1.8907291490291822e-09,7,1,1,1,0,0
1701,15,-3.506896999156583,1.0837762500724517,-0.26410922969620548,-2.5686711380428897,-4.1473266543761325,-4.4582777629612034,129.51334785,0.0854217497925,0.016775930026603415,0,0.0083879650133017077,60,0,0,0,0,3
1702,7,0.87583208954126246,-5.895089425280946,0.5001144941701533,-2.109052465585707,-4.011904398165659,-1.9962020119585888,0.189120678003,0.00336134115898,3.9208385610116148e-08,0,1.9604192805058074e-08,20,1,1,1,0,0
1703,12,0.9051425368953161,-6.1427420429492141,2.4274360842892881,1.5230300485247263,1.6317803883636384,-2.6884586509108135,0.0725154349899,0.00360516818238,9.2176733009350155e-09,0,4.6088366504675077e-09,24,1,1,1,0,0
1704,9,-1.4270015108180305,-3.1567588790891969,-2.5648561971431549,1.1096502627728575,4.5252502337137299,-3.4174748096497325,0.064047572844,0.00138395150376,4.6855319612506393e-09,0,2.3427659806253196e-09,16,1,1,1,0,0
1705,13,3.7462218278130712,5.2021448805078574,0.81643530076768311,4.3419781785120275,0.78548754815166388,-0.64555914233962819,0.354075302614,0.00152319544884,1.2607607022226858e-07,0,6.3038035111134289e-08,9,1,1,1,0,0
1706,0,-0.96592548638542874,3.8163813852240005,-2.3657968294220275,3.7574662871878792,1.7317683676294646,-1.0764406762062384,0.92047531084,0.0716371082886,2.4105334055308313e-06,0,1.2052667027654157e-06,11,1,1,1,0,0
1707,8,4.348131698492101,4.8718596476356071,2.3949746128629461,-1.1770357888600158,4.4129642336758419,-1.7458280379586499,0.253976251177,0.0605744689207,1.1822263644168184e-06,0,5.9111318220840918e-07,14,1,1,1,0,0
1708,9,0.14938186397108422,-4.7092007109722642,-0.89547140476825082,-5.4365796461909284,5.0510525276733507,-4.9957900364464205,0.0367523195765,0.0895236057444,2.4426997286355269e-06,0,1.2213498643177635e-06,13,1,1,1,0,0
1709,7,4.2377091892674255,4.0420795279244324,0.3440968597321683,-1.7457012577867463,-1.8000769299671804,3.8132373485119788,0.173824863128,0.0659104022265,1.3535283274080196e-06,0,6.7676416370400979e-07,11,1,1,1,0,0
1710,12,-5.7344236861198725,3.0406329980430042,-2.3429755458020485,1.2056656304283806,-1.6518902013429391,1.405988684941313,0.290824516042,0.00739313001352,1.0122879119590107e-07,0,5.0614395597950537e-08,32,1,1,1,0,0
1711,2,6.1612769613232423,0.54599477346401748,0.19282177481624585,-2.6907490438045976,1.9870844457776027,5.2755065297901069,117.101636262,0.0198417722819,0.013712913141981814,0,0.0068564565709909068,60,0,0,0,0,3
1712,12,-4.1151532852036663,-4.2288186247964275,0.90660066709651399,5.249246871419234,-0.92600431234376568,-0.97781860653488428,0.0306962373361,0.282929498363,2.4385292875294449e-05,0,1.2192646437647224e-05,11,1,1,1,0,0
1713,1,2.0469132819237865,-1.2041942127893885,0.55201696098234121,-1.1680293417943743,-5.1708684885635314,2.0165074042974571,0.215217027845,0.0451690794456,6.6781276150263814e-07,0,3.3390638075131907e-07,25,1,1,1,0,0
1714,0,0.55673755424284788,-5.7188366670696693,-0.69285636136025341,4.7109499589087953,0.43877068476165859,-2.3532636311663713,1.11832468616,0.0532166895934,2.1133315260138456e-06,0,1.0566657630069228e-06,24,1,1,1,0,0
1715,13,-2.171157115619001,-3.4230798914450031,1.2665142867490571,-2.766954656301281,4.7635318971905454,-2.8107443747780589,0.220482895604,0.193179809185,1.1416459207477111e-05,0,5.7082296037385557e-06,18,1,1,1,0,0
1716,1,-5.2999298149890777,4.0528319067938767,0.69785049361453544,3.6954674057516677,4.6684807561289752,-0.09040749944494203,2.50515564913,0.775238535145,0.00018934928595698658,0,9.4674642978493292e-05,20,1,1,1,0,0
1717,0,-3.6777398258567144,-4.676646774772407,1.7304585096627561,1.5033264591242903,1.3480246294970439,2.2868051130233722,3.03032686407,0.0299072808735,9.455344567970839e-06,0,4.7276722839854195e-06,13,1,1,1,0,0
1718,3,0.45679556137709165,3.647974782749611,-1.2861529707384378,-0.80356025305562417,4.5155136494890504,1.2957739473837635,0.215797861524,0.0438431492502,6.3211094256956469e-07,0,3.1605547128478234e-07,39,1,1,1,0,0
1719,4,-0.69889326446194355,-0.46619236999525016,2.1882836034482254,-0.26718560102982558,4.5300129715458324,-3.51107422053729,0.0173726696043,0.0424117367158,5.4823404185070973e-07,0,2.7411702092535487e-07,12,1,1,1,0,0
1720,8,-2.2414128067668329,-1.2658786288604076,-1.9358232680125447,-5.9183444454886933,-0.9178953728632302,2.8253786009795796,0.0688291776732,0.0397832383171,4.8685728923461692e-07,0,2.4342864461730846e-07,10,1,1,1,0,0
1721,11,1.37244024605141,2.844826931401053,-0.74508232609547842,4.7776690315846118,4.4736124077667778,5.6146834979710771,1.63217764292,0.0474293907403,3.3492550931558722e-06,0,1.6746275465779361e-06,19,1,1,1,0,0
1722,13,5.8994101571659083,-4.2660030650290723,2.7148648923438325,-1.5780080799569429,3.4872582641719738,-3.3364655065066544,1.00749654702,0.39007876067,4.7366074391724741e-05,0,2.3683037195862371e-05,13,1,1,1,0,0
1723,10,-2.3258982493664102,0.23442092338372489,2.66611633970057,-3.2458525062900252,2.3137815653933633,0.40158848877659337,0.176668017719,0.0283809560926,2.7657442224575109e-07,0,1.3828721112287555e-07,8,1,1,1,0,0
1724,11,5.2161084809629878,-4.4249041714840045,0.29385547552936925,3.0951231040459941,-4.4023667789492027,5.482080214143064,0.96076939408,0.0335988807245,1.2669557993311884e-06,0,6.3347789966559418e-07,18,1,1,1,0,0
1725,15,1.7130218964861599,4.1717430334710341,-2.6678811631830754,-2.9501401967293956,-4.7292424003955,2.8942825102808425,0.201875360601,0.0633113852889,1.2617612625895529e-06,0,6.3088063129477647e-07,18,1,1,1,0,0
1726,7,2.0847300976096252,1.3980934178120012,-1.7118582477600177,0.31043428625721747,-5.4355762888768,-0.35909950655901934,0.0950131477778,0.207400410549,1.3112124577264426e-05,0,6.5560622886322129e-06,19,1,1,1,0,0
1727,8,-5.5340715927444801,0.88765436237341588,-1.2899377212083074,5.44073879113866,-4.9248353383373917,3.6846748967957419,0.0841725404879,0.110144182984,3.7026246713038283e-06,0,1.8513123356519142e-06,9,1,1,1,0,0
1728,10,-3.894711662746472,-0.11746452433017285,0.024473957437657012,3.9045300954629325,1.1957452483459599,1.5830325472895366,4.45113467696,0.00421375001493,1.9818008604653766e-05,0,9.9090043023268828e-06,23,1,1,1,0,0
1729,6,-2.8109710598739532,0.90770410500495879,0.81915350752533034,-3.084540365032022,2.7583417385760107,1.5120824125178598,0.177490800767,0.00467149436398,3.8150607538386111e-08,0,1.9075303769193056e-08,29,1,1,1,0,0
1730,6,4.2839492463819715,-5.0105441505210093,-0.59448231262161633,0.032273987055776346,-3.3601302214384181,3.6604630103635833,0.263608689649,0.326265128609,3.2495689199959079e-05,0,1.624784459997954e-05,13,1,1,1,0,0
1731,1,-1.3472429802895483,1.6295428122765603,-0.037202939369102107,-1.6594672574177134,-4.4918923034135361,-0.32394281102135319,39.2101333121,2.73352440592,0.0038135833371597126,0,0.0019067916685798563,60,0,0,0,0,3
1732,7,3.0503048646952848,0.97187026300618951,0.0013931492678864177,-0.35105501746272372,-2.3236186292163539,-2.3228887755976482,44.9645074285,0.0268021833167,0.0020220257523482915,0,0.0010110128761741458,60,0,0,0,0,3
1733,14,2.3489899150210376,-4.4562208602295774,-0.17714347547475567,-0.43256971344356859,4.6968492771387877,-1.5029361501602276,1.20206313786,0.0162277151447,1.5251733545506893e-06,0,7.6258667727534465e-07,31,1,1,1,0,0
1734,3,-5.5294634350498537,4.7923342295285618,2.1549793623280467,-2.3803575688478849,1.6607471389574715,3.7113782750661506,0.0146266196493,0.029428106708,2.6401672503407982e-07,0,1.3200836251703991e-07,22,1,1,1,0,0
1735,15,3.0696796112027966,0.089389399644087764,2.605343811380386,-1.6142569023355404,4.3879342851424292,5.0939384616663075,2.51914019201,0.166649522616,1.4805921598434753e-05,0,7.4029607992173765e-06,28,1,1,1,0,0
1736,7,-3.7075707613463176,-0.17609866946975797,1.7504958234190384,4.3008557528466707,-2.7119779857356101,2.3039924082851013,0.91575152085,0.00788926345005,8.5756038168807569e-07,0,4.2878019084403785e-07,30,1,1,1,0,0
1737,4,-0.34020728492010816,2.755247143861931,2.4695962105127416,-5.7123878935124726,1.3755520652472628,-1.4678010998152897,0.0538185735126,0.00440490151265,8.8069785783666268e-09,0,4.4034892891833134e-09,12,1,1,1,0,0
1738,6,-3.5179041684905652,-3.0610711527911345,2.644453429017692,2.5905589926640635,3.7933291813184922,4.4913846076293282,0.298697533369,0.0560814053244,1.0472797812850795e-06,0,5.2363989064253973e-07,47,1,1,1,0,0
1739,3,-2.1081713546076166,1.4069874752757077,2.356473613604114,0.91972375216663049,-4.7528567096398131,-5.7779420888745081,1.34446822616,0.00136664643815,1.8081637519536583e-06,0,9.0408187597682916e-07,17,1,1,1,0,0
1740,4,2.5355476139287783,-3.8526090797497119,2.2589767061894506,-6.1477156966958377,1.7740758323428154,2.1197215177515387,0.109028793823,0.0042484757862,1.738548416735879e-08,0,8.692742083679395e-09,17,1,1,1,0,0
1741,9,2.6848739483802282,0.17214374690731421,-2.7458892487790956,-4.230730612128685,-3.934154811401295,2.8719132495979096,0.11247582109,0.0102015157919,4.4352626811158157e-08,0,2.2176313405579079e-08,13,1,1,1,0,0
1742,14,6.0444852918133005,-0.37042146765019157,-1.3901452037522704,-2.9068453497000362,5.0505518404459027,2.0173235001877656,0.422066882608,0.00565485240984,1.8788131300262925e-07,0,9.3940656501314627e-08,8,1,1,1,0,0
1743,14,1.2065926756245047,2.8549945904807212,0.64078547469303915,4.2029978149930924,4.7128532706818156,0.63773535680035187,0.427885977275,0.165896140978,8.5666237422695659e-06,0,4.283311871134783e-06,46,1,1,1,0,0
1744,7,-0.21239887075030822,-2.5478915823460873,0.94805211658288002,3.127298436089299,-1.2647844909220953,0.59669499408929705,0.646110313971,0.182821751326,1.0598928047192396e-05,0,5.299464023596198e-06,34,1,1,1,0,0
1745,3,-3.4378855692018324,-1.6810258465416532,1.5000557370939955,0.98210225956659258,-1.5634853839414891,4.2155398291273496,0.0676749439175,0.0172140554139,9.4845260105146147e-08,0,4.7422630052573074e-08,30,1,1,1,0,0
1746,2,-1.3497230522582513,1.0566392538007161,1.6731843064646743,-2.8449121928739385,-0.50892773358402232,5.8919340882416833,0.0356666375415,0.0337506664991,3.4826409323323682e-07,0,1.7413204661661841e-07,25,1,1,1,0,0
1747,13,2.15171539026074,-3.719616103966922,-1.1320145938550423,-1.3790298634172982,1.2874133473975755,3.0832312859142239,0.437803020795,0.0334337194686,5.3217697889171032e-07,0,2.6608848944585516e-07,46,1,1,1,0,0
1748,6,5.1321578244312471,-0.56333409107627508,2.4986020105018234,-0.88450926346511949,4.4243106731377244,-3.6483277657142863,0.151938223885,0.00535589740751,3.1823368617212512e-08,0,1.5911684308606256e-08,17,1,1,1,0,0
1749,2,-2.7020672438148496,3.1251606018900167,-2.7478162533360364,1.1934726313926665,4.6509839244477025,-1.8631051344914109,0.13909355763,0.0136397959509,7.6019271250528302e-08,0,3.8009635625264151e-08,17,1,1,1,0,0
1750,4,3.8368678516156369,-1.0384411579185195,2.1719637535933174,-5.1834952546449662,5.0800874488506222,-2.8101853284424858,0.0471180035907,0.0252813268313,1.969149551830883e-07,0,9.8457477591544149e-08,11,1,1,1,0,0
1751,15,-5.992035218919268,-4.7681780321841405,2.0475750973999602,5.3220761436116941,-2.4387959465858242,-3.8580730215236225,0.0509526084303,0.011594196523,4.3544484679696458e-08,0,2.1772242339848229e-08,9,1,1,1,0,0
1752,12,-2.4225311622632155,2.6286479482495722,2.2565923567310229,-2.1664591384721312,3.8713375556491489,-1.1238849291048316,0.0766779533948,0.0140665761946,6.6153720519427816e-08,0,3.3076860259713908e-08,9,1,1,1,0,0
1753,13,-4.4438810256903416,-5.2922178142007281,2.9247534441058658,-3.5431583930600605,3.8568363702894208,-0.014490327249651026,0.0515492801327,0.795022223179,0.00019253924583188079,0,9.6269622915940396e-05,39,1,1,1,0,0
1754,13,1.3133151268522756,2.4923883866112995,-2.2038335660118964,-1.7158464687715216,2.1537956217473808,-2.7275378345908381,0.187736130192,0.0141036917928,9.583756123896206e-08,0,4.791878061948103e-08,26,1,1,1,0,0
1755,13,3.3606066970614257,-5.1967658975960855,1.9393718147353103,5.3003895993516323,-1.5351233792050312,-1.7928068753759081,0.119661160002,0.0428897867051,5.7467283407965668e-07,0,2.8733641703982834e-07,13,1,1,1,0,0
1756,9,-2.9357156486395515,3.9691925549700025,1.2154436283430929,-4.1831943465651467,5.0233408366619683,-1.992866605502041,0.044566388147,0.00721217646066,1.7830987091892611e-08,0,8.9154935459463055e-09,7,1,1,1,0,0
1757,7,2.2775943904229967,-5.9194016972560712,2.8006209217248008,-6.2831853071795862,-4.0376903060275442,2.9501851871921843,23.7449631746,0.494445210847,0.00063829494475048691,0.0075689999999999993,0.0005462174723752434,60,1,0,0,1,2
1758,10,-1.8764772791619879,-4.805421891236092,0.87364452815516425,1.2456519581559842,-3.6800532669936796,-0.74541574800510813,0.0845185693948,0.118666479799,4.2966846914937452e-06,0,2.1483423457468726e-06,15,1,1,1,0,0
1759,12,4.5023461270660281,2.301373171439729,-2.5482447547587501,-1.304645406314783,2.0770040804266272,0.63492659362165671,0.496890564709,0.00848764560523,2.6884491118486297e-07,0,1.3442245559243149e-07,20,1,1,1,0,0
1760,15,2.3615806820018999,-2.0090341881209288,2.275517851173583,4.6127858257857044,4.1616280189838486,-3.5010292669618459,0.0696177642679,0.00982397439327,3.4245404332642017e-08,0,1.7122702166321009e-08,5,1,1,1,0,0
1761,12,-0.38378587652307461,5.1256831997534125,-1.0320358909235339,-1.2279515211235466,1.282277966580579,-2.0262893266518391,0.0604092620075,0.00142808737147,4.270525919243122e-09,0,2.135262959621561e-09,13,1,1,1,0,0
1762,12,-4.2163564110733649,4.0080960980954803,1.3561932785327073,2.8179967110867925,-0.29459496704511867,5.9804262218037758,0.147985254697,0.0318738462556,3.3137328918588091e-07,0,1.6568664459294045e-07,32,1,1,1,0,0
1763,15,-4.6100206943923299,-2.7690046228315413,-0.34206008858505788,5.2773173442889165,-1.9134413576313904,0.98877281266503891,2.76408552341,0.699349160709,0.00015662527372983293,0,7.8312636864916467e-05,40,1,1,1,0,0
1764,9,-1.2466633007409331,-2.0011251045940153,-0.64312680000743927,4.998323895061187,4.8559570229448656,-3.1808606899477052,0.589690678749,0.095790387431,3.1428431066008222e-06,0,1.5714215533004111e-06,30,1,1,1,0,0
1765,0,-2.4324189649449695,4.8861605570883899,0.27031485408205341,1.4104169426458488,4.3616510902747958,4.539641775102857,1.05262368377,0.0201722847943,1.2319718671942822e-06,0,6.1598593359714109e-07,8,1,1,1,0,0
1766,9,-1.7070352833219824,-4.3916068818391381,-2.4407599046898505,-0.86906459164257199,-4.4840359003455958,0.42897684328138996,0.0486271962447,0.000888162898809,2.6048965897178552e-09,0,1.3024482948589276e-09,16,1,1,1,0,0
1767,8,4.1604060608392377,5.911620815025544,-2.5112066518125267,3.6254842363133548,2.3067080195635326,-6.0648802338845327,0.0109013567505,0.537660822712,8.8058666758028878e-05,0,4.4029333379014439e-05,42,1,1,1,0,0
1768,6,-2.5122460387161416,2.4765713423184383,-0.64284276754501524,-1.7131356060093745,4.605550023981972,3.6925056757408075,0.0793085889112,0.942662692351,0.00027069327434248701,0,0.0001353466371712435,35,1,1,1,0,0
1769,12,2.2186651408607978,-0.24000717906093233,-1.5718217862156785,3.785901709404722,-1.782403337163464,-0.58423058152739993,0.168811867907,0.0048156244435,3.5561597447909856e-08,0,1.7780798723954928e-08,19,1,1,1,0,0
1770,9,0.42597783148663426,3.5284529127605295,-2.9848432589218405,5.9331853071795866,-2.1991561525264487,5.1739501541511279,95.1662697345,3.70260164379,0.013232697978420287,0,0.0066163489892101437,60,0,0,0,0,3
1771,3,-4.0147521519759444,-3.5055233555719845,-2.964967798379655,1.3220099785961295,-1.9657548667822144,5.2444047803430207,0.159720153875,0.00116641312901,2.5924965520289115e-08,0,1.2962482760144558e-08,14,1,1,1,0,0
1772,2,-4.5506163012746121,-0.81540350666045247,-0.66614109237319907,-4.4714980444499881,4.6959873348373664,6.0345587349537064,0.192693060776,0.000390872614847,3.7177155547338313e-08,0,1.8588577773669157e-08,16,1,1,1,0,0
1773,3,0.087594664760649171,2.4139219789899604,-2.6740094208039995,4.8604412585725498,1.8930084479700138,-1.2578624235314875,0.137273777566,0.00541125722621,2.7763807360626647e-08,0,1.3881903680313324e-08,40,1,1,1,0,0
1774,15,2.8399949967252205,4.2578623229569974,-1.8079043922976046,-3.3092508145364317,-4.5019238320513333,1.1294304787764473,0.0179314002698,0.00342368822883,3.892151179597158e-09,0,1.946075589798579e-09,18,1,1,1,0,0
1775,14,-0.53858977946675002,4.1914261655057681,2.5275144434223238,-4.8993022060283842,-1.5505840073412622,-4.0484586046953446,0.267415420061,0.00431349770226,7.7178798538815248e-08,0,3.8589399269407624e-08,22,1,1,1,0,0
1776,7,3.9990698938190286,-0.18981925210349626,1.1986697908680595,3.4342435239232292,1.5698985976888644,0.72619214554798539,0.312608109088,0.00104729824717,9.8057944494195284e-08,0,4.9028972247097642e-08,19,1,1,1,0,0
1777,0,-1.7785088193931595,-5.9019236104404431,-1.685968851954178,2.3103757295336478,3.8722739965729152,-2.3792005164833601,0.0546360766837,0.0781843766474,1.8650494750709675e-06,0,9.3252473753548377e-07,24,1,1,1,0,0
1778,13,4.8704454840541356,-1.2598668555356265,1.9750068563887984,5.6013821993274178,-0.95914873581145932,-4.8458470709487971,0.0253577937879,0.076097243205,1.7646186550064449e-06,0,8.8230932750322244e-07,38,1,1,1,0,0
1779,14,1.1395447073968266,1.739431483817681,1.1717679215803543,4.5698223891086798,-1.8778604656643603,0.43529204308107927,0.577922410403,0.129969372054,5.479603243080275e-06,0,2.7398016215401375e-06,14,1,1,1,0,0
1780,3,1.5810682374652669,-3.2867686282443236,1.8640322150613808,-3.7344434021795441,-1.2224080822762091,0.60601231236377318,0.0579188131944,0.00751582592929,2.0561707885527662e-08,0,1.0280853942763831e-08,32,1,1,1,0,0
1781,4,-4.2148135511700096,3.9993209896839139,2.3059052043853292,2.2439151171988243,1.1744898953338796,-0.45706832984095896,1.04600582978,0.0455281896617,1.7255440739551992e-06,0,8.627720369775996e-07,6,1,1,1,0,0
1782,11,6.0377819553639469,2.4286009964753177,-0.45141546678962235,-1.9357991114088118,1.0580275357235809,3.2992822798871511,0.630700998502,0.00603579145845,4.0888119926752969e-07,0,2.0444059963376485e-07,7,1,1,1,0,0
1783,7,-5.0623928428057097,-2.4006445024300231,1.1181384563681591,-2.7816946412858958,-0.97471758697577182,0.56108033488366682,0.0436996251572,0.00365765932531,5.9849727810118804e-09,0,2.9924863905059402e-09,31,1,1,1,0,0
1784,6,-4.8324726885074778,3.1202039208835397,-2.5447801894610413,1.4586255428160622,4.7780726215290823,-0.12910480276831135,0.0377807188691,0.242774503145,1.7955413421821621e-05,0,8.9777067109108107e-06,28,1,1,1,0,0
1785,3,-2.4461971578794901,-3.1850448440555348,-1.7761502986386242,-5.8363383142160012,4.6881375894196538,4.7048288753478715,0.55702601978,0.185155946587,1.0753393084433383e-05,0,5.3766965422166914e-06,14,1,1,1,0,0
1786,3,5.0692960788724024,5.885889776905743,2.2241232082495945,2.9199792502965511,0.7526005924948731,0.12691048459479853,0.157750425237,0.0313731568454,3.2471249852061171e-07,0,1.6235624926030586e-07,26,1,1,1,0,0
1787,8,1.5640149393456908,-5.3573574316359043,-2.3153735213310589,-6.0512684114181265,2.9359507256410153,2.9688011811294666,1.90216849085,0.16680348645,1.2093738227077249e-05,0,6.0468691135386246e-06,31,1,1,1,0,0
1788,1,-0.77012894676285115,4.7027301278519333,-2.007270404363831,5.7090157329908315,-3.7664167242882187,-3.2270571599781075,1.37222430883,0.0725783605219,3.4876078840707489e-06,0,1.7438039420353745e-06,38,1,1,1,0,0
1789,8,-3.1744114647956878,-0.43692219173477476,0.061634919169353292,4.0283085811204646,2.1996256357126063,1.4709769485017239,4.9658634067,0.115320380665,2.8710842530024817e-05,0,1.4355421265012408e-05,16,1,1,1,0,0
1790,8,-0.80088921025917892,3.8284083057430083,-2.2997078130192783,-3.1102155813824521,1.1921902352698381,-1.1195968804823095,1.25050878396,0.0930739487508,4.2025997987213736e-06,0,2.1012998993606868e-06,7,1,1,1,0,0
1791,4,-2.4753343381057178,2.8745603564721072,0.80505117367241008,1.4782789385635891,1.4888497386877202,0.49264532168841257,0.180575013807,0.0290560878674,2.8978249373643658e-07,0,1.4489124686821829e-07,10,1,1,1,0,0
1792,0,1.9248658157461165,3.1501933479843927,1.2806655714318045,-3.0175982058873014,-3.2477714655115459,-6.1676698857696293,0.0290480020612,0.0713595067256,1.5520102754563678e-06,0,7.7600513772818391e-07,30,1,1,1,0,0
1793,6,3.3344350370241624,6.1900436389197528,0.21108341263677796,0.46902780217723117,5.4004670309321865,-1.5061389899806463,2.39806575251,0.381814925634,5.0158650218996033e-05,0,2.5079325109498016e-05,15,1,1,1,0,0
1794,3,3.7249124968390523,-5.2682212443653391,-1.8971501473833285,1.5972342160137651,-4.9438679311495299,0.70181730407203391,0.0739723677321,0.0969096595837,2.8662809627480116e-06,0,1.4331404813740058e-06,7,1,1,1,0,0
1795,5,-0.02791681814861716,4.6149227021627066,-0.81890530063658451,3.9008362411531183,-1.3354232687230383,-4.4634142191578983,0.272162048705,0.000972006879989,7.4359982493739303e-08,0,3.7179991246869652e-08,17,1,1,1,0,0
1796,0,1.6300769367891739,-0.057867781924683448,-1.5301773630388926,-2.6026254467749044,4.390082506059005,-0.2733688408380438,0.104393041686,0.0300474621293,2.8592173863975119e-07,0,1.4296086931987559e-07,29,1,1,1,0,0
1797,2,-0.19107276845825816,-1.4425302938152103,-2.0988362993005349,-4.6603358912163859,-4.2122620314518118,4.9287376495827289,1.32133700969,0.0249415912671,1.9354288038990989e-06,0,9.6771440194954946e-07,9,1,1,1,0,0
1798,9,5.8074006622434613,-2.9023389791403069,1.0774501671836991,-2.2460880403083108,-1.8499117518898902,1.7924476317195086,0.602232347584,0.00711415856533,3.7810086950166909e-07,0,1.8905043475083454e-07,51,1,1,1,0,0
1799,1,-5.6899631147628016,1.8588187209494498,-2.0008614811489163,-2.5884962246893717,1.9959098252626848,4.5737166012796102,0.033827105259,0.00314775323711,4.1625291961050524e-09,0,2.0812645980525262e-09,12,1,1,1,0,0
1800,13,-0.76614350341240356,3.1771180913832042,-1.2644320894189711,5.3748242217951008,5.0834303039535413,2.8610974909193287,0.0474917038743,0.0102125348409,3.4025800103664642e-08,0,1.7012900051832321e-08,17,1,1,1,0,0
1801,4,5.1258113658805753,3.2408105812890868,-1.1816966986015658,4.1047581348912896,2.4704165805280018,-5.2833320892045341,0.693963951734,0.0529043047741,1.3341691421686889e-06,0,6.6708457108434444e-07,28,1,1,1,0,0
1802,1,4.2847551946490459,-2.7502542488847967,-1.3289352999385136,-0.88934268590807497,4.587313493809555,-3.5820977762450346,0.0106363628626,0.250581017894,1.9127298788095988e-05,0,9.5636493940479942e-06,14,1,1,1,0,0
1803,15,0.22087887635856793,-2.4757345104131274,-2.4318659695863261,3.5728149588839,2.0690210871453232,4.9010378339240264,0.115428177419,0.181499166205,1.0048014663492079e-05,0,5.0240073317460396e-06,13,1,1,1,0,0
1804,11,-2.0103011833414617,-3.1903911511296119,2.0177605157371619,-0.22420554528069658,2.1257360066865956,6.0103433004779436,0.283736164349,0.0113392706007,1.1967363177185086e-07,0,5.983681588592543e-08,41,1,1,1,0,0
1805,5,-5.1433143497561087,-3.0827290462288444,-0.21772496288281684,-1.057962321967246,5.9080411333446916,-0.2326692979041535,36.0536964057,0.0171859510481,0.0012999589953746299,0,0.00064997949768731494,60,0,0,0,0,3
1806,11,1.9482151216870802,-0.4508043555173919,-2.3201061353218844,1.1551991197139482,1.1187415373109624,2.6173092694598217,0.803581345182,0.02746635108,8.7554649434470029e-07,0,4.3777324717235014e-07,15,1,1,1,0,0
1807,4,2.9849141557704608,0.98167926417290852,-0.055490546415720043,-0.46382333235149187,-2.1321227649449419,-1.6402089005231524,121.545060442,0.488129807044,0.014845783126224229,0,0.0074228915631121143,60,0,0,0,0,3
1808,3,-5.7275183032609451,-1.7398514494956672,1.1740307701579107,-1.218931746864615,1.7074895590802435,-2.6948405111448879,0.126260801491,0.0157979158855,9.1966422491765822e-08,0,4.5983211245882911e-08,12,1,1,1,0,0
1809,14,5.5535324746031414,1.3380060683657136,-1.6472477572964841,1.6311938780604303,-1.8502725250596921,-4.1232981598685559,0.0509391515168,0.165052891749,8.3011217799378429e-06,0,4.1505608899689214e-06,7,1,1,1,0,0
1810,1,-1.1622770861297707,-1.9625989432234181,2.6274892436576507,5.5150621927808459,2.2976353582884044,-1.4729739714472885,0.293423430429,0.0127930854464,1.3595192103304035e-07,0,6.7975960516520175e-08,12,1,1,1,0,0
1811,11,-3.5547818516681176,-1.8748010330228837,-1.5317289376523067,-0.1844084246040327,-1.9220198304128455,5.8447950515274147,0.0223912932022,0.00487561283102,7.7426136130660121e-09,0,3.8713068065330061e-09,10,1,1,1,0,0
1812,0,-2.8605345722523188,-1.8580286894480524,3.0064150760451129,-2.6035904513195449,-3.7932225548107672,4.4980500380140143,0.170467343806,0.121286813949,4.5101309999559043e-06,0,2.2550654999779522e-06,14,1,1,1,0,0
1813,9,3.0583734547473598,-2.7166195764293897,1.5842808051541883,-4.3092407714825001,-1.2175425091485346,-2.4753757554578195,0.0209767006873,0.0690986289011,1.4548726040207021e-06,0,7.2743630201035105e-07,18,1,1,1,0,0
1814,5,-2.0185593692419421,-3.2740730890397702,-2.7719100550898594,-3.9785096584880311,4.4315727266285405,-3.0075361156142542,0.117025017401,0.0127438896974,6.3166772107184468e-08,0,3.1583386053592234e-08,9,1,1,1,0,0
1815,0,1.2120290832426668,-2.1536449038855343,-1.3958592033040378,-1.9901064316348649,3.5041077392711717,4.9840550683089626,0.222304927025,0.00281816084069,5.1838761425735427e-08,0,2.5919380712867714e-08,15,1,1,1,0,0
1816,8,-2.085342069485526,4.5871993450082202,-0.35453513277332138,-0.93723981332469486,4.8412717586970873,-3.0555514654809581,0.200018682382,0.249259677512,1.8966005600762717e-05,0,9.4830028003813585e-06,46,1,1,1,0,0
1817,6,5.9027455246519684,-1.832213622405314,0.83175330689497262,5.6912623769896298,1.3861941674579896,-0.97015885707117633,0.117017208477,0.0461503594695,6.6248416858416439e-07,0,3.312420842920822e-07,18,1,1,1,0,0
1818,9,4.2985400068009589,-2.2276360325755902,-2.339836391525985,0.43841109676143486,-1.970303287327277,-2.9625346148004241,0.119222725937,0.00288673151236,1.675250199677491e-08,0,8.376250998387455e-09,17,1,1,1,0,0
1819,1,5.8521110550564561,2.6771111218019117,-3.0231105734155777,-0.70383223034489506,1.9817434991769052,-0.78826710776477926,0.220453897099,0.0820842531603,2.101058670515643e-06,0,1.0505293352578215e-06,30,1,1,1,0,0
1820,2,-4.1859246421241467,1.0039581792469983,-2.3715796300664596,2.6574634515782027,3.8997109475357692,-0.9969354113292942,0.131357018441,0.0198116819563,1.3681783880170908e-07,0,6.8408919400854542e-08,39,1,1,1,0,0
1821,12,-0.60809273468248837,0.14916761447731094,-1.0929136842505578,3.4209515080726134,-1.7364983583641489,-4.3767197529792741,0.146075016859,0.0849005763362,2.2170531290826891e-06,0,1.1085265645413445e-06,30,1,1,1,0,0
1822,8,1.7782644196268274,-2.0758514953652734,0.85621523836145219,3.2544137612098507,-2.1749965512737401,4.5384939598813379,0.115846871658,5.66713413929e-06,1.3420507456051631e-08,0,6.7102537280258155e-09,30,1,1,1,0,0
1823,6,4.8129752298612649,0.57413112200925265,-2.2558746070597007,3.2146739971514471,4.8566861039259512,-3.360110932679492,0.854509752047,0.00904631669557,7.551155405232343e-07,0,3.7755777026161715e-07,9,1,1,1,0,0
1824,9,-1.7215880964272059,4.6579321877417756,-1.7561824298302804,3.5262877437368565,-3.0102818458537435,-4.6717862533028294,0.0994788508944,0.00236871817862,1.1605197056312599e-08,0,5.8025985281562993e-09,9,1,1,1,0,0
1825,6,-4.9092775333434799,4.811074122754432,-1.4970821720769991,1.0753980555146108,2.2277004276788746,2.702291519839934,0.395917569026,0.0167089539708,2.417965977746652e-07,0,1.208982988873326e-07,21,1,1,1,0,0
1826,5,-1.2289146105003899,1.5592721829939407,1.0253073437399634,4.9757250078218727,4.5696087169100315,-3.528466178203268,0.482073953316,0.000548840079752,2.3248705497963423e-07,0,1.1624352748981711e-07,20,1,1,1,0,0
1827,7,-5.212557155092485,5.0293529046612999,2.6757218781150716,0.47102092416631164,-3.7702434253028225,-0.31915580095191398,0.0652329746052,0.00430527781152,9.9015518875398171e-09,0,4.9507759437699086e-09,12,1,1,1,0,0
1828,7,-5.781864603909983,5.7141459041489204,2.7380416781342878,-4.0048025753288048,1.638913400007711,3.6513389402867396,0.0893872975731,0.0204386109579,1.3524000058241073e-07,0,6.7620000291205367e-08,18,1,1,1,0,0
1829,11,-5.6438886250254052,5.9889352957278383,0.20807155242634251,5.0816918178533355,-4.3430884393992315,-2.1848995566291043,0.6621807352,0.313236035498,3.0326574024510112e-05,0,1.5163287012255056e-05,20,1,1,1,0,0
1830,4,1.5212939305441102,-4.7678515791018157,0.96105151231555186,-2.3897145434166118,-4.6242297883553469,-3.8999227942881096,0.230094576403,0.0450308662798,6.7064029596015191e-07,0,3.3532014798007595e-07,12,1,1,1,0,0
1831,5,3.3512725479314076,4.1234580538303378,-2.6423043284117207,0.63101344678202509,4.4723993415719079,4.30422864104158,0.0452049265756,0.178011904357,9.6548328107693529e-06,0,4.8274164053846765e-06,20,1,1,1,0,0
1832,7,-5.90532239416987,-4.0237795901475195,-0.84657299011369169,3.9544856830608999,-4.0214012782950768,5.0860162084859297,0.0480902557854,0.0523505077293,8.3713975883322548e-07,0,4.1856987941661274e-07,14,1,1,1,0,0
1833,8,0.87157135132089791,0.44003552651629119,2.348333652252006,-3.0980930287106694,-4.0068485518754624,-2.1425862388840593,3.79918630282,0.0345311794066,1.4797043091111213e-05,0,7.3985215455556063e-06,26,1,1,1,0,0
1834,5,3.6517346031762266,-1.7942076857827374,1.4494889382530123,1.959997230651912,-1.9653693114664803,-1.9713730924336224,0.227052255164,0.0181392509989,1.5178173545390769e-07,0,7.5890867726953846e-08,20,1,1,1,0,0
1835,3,4.5401740034496907,0.81182486334840609,-2.0755274870639959,-1.0765711665897626,1.9143859841469359,5.6684152353978225,0.630207982973,0.0449588380434,1.0128844145753413e-06,0,5.0644220728767064e-07,54,1,1,1,0,0
1836,0,4.6389855995744496,-4.3657714377401549,1.9288563453450716,3.5297735827410746,5.4469038936429524,-2.5718746610950793,0.102147745539,0.0260484665143,2.1712396795764774e-07,0,1.0856198397882387e-07,20,1,1,1,0,0
1837,6,-2.179708357072407,-1.1500023645301818,-1.3424874899597763,-3.0263713415935674,4.7237370711270232,-2.7630921435206854,1.10064308441,0.113139772386,5.1107034090232723e-06,0,2.5553517045116361e-06,16,1,1,1,0,0
1838,0,-5.5713403485744655,-1.6028563574481629,1.2336035615711494,-4.3744530151001735,-2.2456669685706143,0.99988962433552442,0.0494823624574,0.00475705267568,9.3418593747859815e-09,0,4.6709296873929908e-09,41,1,1,1,0,0
1839,14,2.0868983190330264,-3.562848264878939,-1.7005000092130911,0.79928987908112825,4.88678080113118,-0.55273313672320101,0.227864182134,0.0214747212783,1.924005678750746e-07,0,9.6200283937537301e-08,39,1,1,1,0,0
1840,11,1.1219597457153625,-1.2141879251216621,-2.1655832981250742,-3.8593288710064098,-4.8647943140547891,-0.87921001911059682,0.0629239703045,0.00059806861745,4.0683834469734531e-09,0,2.0341917234867265e-09,14,1,1,1,0,0
1841,0,0.21532905431984345,-5.671949288881919,-1.9672568553401431,5.7791873904198736,2.3734661045625014,4.2990736139986261,0.0653519525317,0.0092925047366,3.0574788157111284e-08,0,1.5287394078555642e-08,19,1,1,1,0,0
1842,0,-5.6716548354088276,2.6541820271051231,-1.340362141386555,-0.26050511641371588,4.1540118395949879,1.0110853135415383,0.0512671586263,0.00739291756068,1.9277256712040036e-08,0,9.638628356020018e-09,14,1,1,1,0,0
1843,3,-2.9138313888808312,2.2477238819200056,-0.87371257215649134,0.12822988864523877,-1.4649382342305666,-1.951279635688951,0.243276450115,0.0398523812015,5.4298056025183097e-07,0,2.7149028012591549e-07,12,1,1,1,0,0
1844,11,-1.4748348653961632,1.9057354031777267,-2.5967105430546953,4.5411776467016631,1.9268293779926953,-6.0749446144849832,0.1051483909,0.0123457035071,5.7484873113223156e-08,0,2.8742436556611578e-08,23,1,1,1,0,0
1845,0,5.1714049220025817,1.1848512744991044,-2.1801382002980594,3.5455926024147093,-4.7152668936600532,-2.2895129806770402,0.0276445450117,0.00705039913132,1.590618253556389e-08,0,7.9530912677819449e-09,11,1,1,1,0,0
1846,2,4.8591313267846843,2.5407820105059367,-2.8524875200116218,4.0571352720781588,1.981346781189822,-2.2550492050696089,0.013059920927,0.568847774136,9.8570648268147211e-05,0,4.9285324134073606e-05,44,1,1,1,0,0
1847,14,1.0648883414675192,-1.335633656675306,2.5283046557225974,-2.8605289762190651,1.6058034421514351,-2.4962320074427868,0.159439473903,0.00181638366885,2.6425954748637404e-08,0,1.3212977374318702e-08,20,1,1,1,0,0
1848,3,-1.6171861870794919,-4.1358438929271344,1.1329718313916781,2.5902341110235767,2.3907441022892866,1.185040211769911,0.0143470105267,0.00192738224463,1.3374302078474148e-09,0,6.6871510392370738e-10,8,1,1,1,0,0
1849,5,-1.4843283352989021,-1.6551885849409984,-1.2204363198430468,-1.3885581202448725,5.4664888925216477,-3.3210612781562499,0.0598742942566,0.0122873248242,4.9575566940150416e-08,0,2.4787783470075208e-08,15,1,1,1,0,0
1850,13,1.2175905437689565,5.6481477161479141,-0.90595065995023272,0.69765212239681007,1.103104250263377,2.8609661909542465,0.0715117408054,0.00511783235483,1.3092531896187265e-08,0,6.5462659480936323e-09,56,1,1,1,0,0
1851,15,1.0395004824092144,-4.2851311463741233,2.0053870646264427,2.1970567301576573,-4.489899055720378,4.7784447279272042,0.613451841608,0.0180805245394,4.7590423157152459e-07,0,2.379521157857623e-07,5,1,1,1,0,0
1852,8,1.6462053407121624,-0.69947567054145754,-2.2768458729900578,0.7398154666945469,-3.7770064602114881,3.36291469035331,2.57171506399,0.564865101547,0.00010380878531207991,0,5.1904392656039956e-05,18,1,1,1,0,0
1853,3,-3.1701454869449566,4.4553278308804565,-2.567950037860864,3.6621855985960763,1.4942543362296079,0.89358918475076221,0.0210184904064,0.0158157031594,7.6637701936368389e-08,0,3.8318850968184194e-08,15,1,1,1,0,0
1854,7,0.60084423669483011,4.6536445747538755,0.8147461377892532,2.5318974575475206,4.3555119472624497,1.1930177960645179,0.0727783019743,0.00208447980163,6.6202609990258091e-09,0,3.3101304995129045e-09,24,1,1,1,0,0
1855,7,-4.8522546347160507,-0.80620391093341282,0.2344944306224695,4.5875232684078542,1.5343475692899333,2.7311092569575735,2.85080204714,0.00631363793623,8.1392149788575555e-06,0,4.0696074894287777e-06,12,1,1,1,0,0
1856,10,1.5458058832654673,-3.3040942760011842,1.7200236958542436,-0.024894705793177312,-5.2079073393698136,3.1629900617134989,0.10814913247,0.0196617297983,1.294563393029749e-07,0,6.472816965148745e-08,29,1,1,1,0,0
1857,8,3.0327307847015197,-0.87587161725177787,-1.8631674401312963,4.0895319812913806,4.4809031167266626,5.820845853155669,0.122933620519,0.00660062245089,2.8384312821589022e-08,0,1.4192156410794511e-08,18,1,1,1,0,0
1858,1,-2.9920725873582446,2.3612097354960864,-1.0154911041767358,-0.82575775140235652,-3.5732486006321271,-2.5797241553960633,0.464471269636,0.0843329237489,2.3821854523121401e-06,0,1.1910927261560701e-06,19,1,1,1,0,0
1859,11,-1.7386786490232851,2.1891913626416653,-3.00531826208818,3.6838134676424126,4.3187945459887889,3.2305527784843902,4.89854039113,0.0700274660288,2.5489494878582296e-05,0,1.2744747439291148e-05,28,1,1,1,0,0
1860,2,3.8994000983005743,-3.7855342781943722,-2.0728455926880023,4.2279651899625863,0.98309457897234664,-5.6474964100919358,0.0646363176296,0.0028615026086,6.6721210540979196e-09,0,3.3360605270489598e-09,19,1,1,1,0,0
1861,7,-1.4571476509155989,1.9254060586103663,-2.1205843215400066,-4.6935551552924499,4.0342562170635805,-3.5404118895544188,1.36492134344,0.0847416505643,4.0505128477098807e-06,0,2.0252564238549403e-06,49,1,1,1,0,0
1862,12,-1.6830718408854015,0.82811399929943152,-1.4358250942734487,-1.9995731239449885,2.211158315166839,1.2646157868495558,0.0269864590233,0.00200075973565,1.9476645404447864e-09,0,9.7383227022239321e-10,11,1,1,1,0,0
1863,13,5.8261113199693986,3.8332831944086871,1.8026664539881099,-5.4925924758808904,-1.6544339396034178,-4.1972368785475025,108.360062423,2.2342262402,0.013262482279320326,0,0.0066312411396601632,60,0,0,0,0,3
1864,7,0.11863714070093534,-3.1692185531823251,-0.92688760700205319,0.92012319893529959,2.1502204896401418,-2.8090109933839984,0.160317555381,0.00669281265976,3.9346672460307961e-08,0,1.9673336230153981e-08,12,1,1,1,0,0
1865,14,3.6913638333200374,1.4176148931787096,2.2794404818028409,2.1888705289183044,2.5034890082741725,1.1796440787216824,0.014484392237,0.0891990126493,2.4238872885512222e-06,0,1.2119436442756111e-06,19,1,1,1,0,0
1866,12,-4.4342490319187586,-0.35496556059949308,-1.8200517218265595,-0.049770054243585382,-4.6546874105794993,2.2872572298543248,0.0568630634441,0.00415787610718,8.4996137482891723e-09,0,4.2498068741445861e-09,16,1,1,1,0,0
1867,1,1.0835671540675871,2.858731848737571,1.14646618540337,2.9328240890736339,4.3344788201736648,5.9261315429810821,0.039892726634,0.00332260048896,4.9543066502757375e-09,0,2.4771533251378688e-09,27,1,1,1,0,0
1868,6,2.0529481351133043,-0.74614554775876507,-0.98584384847513351,-0.28871070497650336,5.0565772942513263,1.8345649763075462,0.09878451236,0.50500528283,7.7696441204100851e-05,0,3.8848220602050426e-05,20,1,1,1,0,0
1869,10,0.20685357650392369,-0.36729577915261347,1.2122014490973256,-5.2578872265301779,4.5833208397679881,0.8091108712351186,0.13201110202,0.219893540954,1.4746644617989376e-05,0,7.373322308994688e-06,26,1,1,1,0,0
1870,5,-3.790589164464623,-4.2431323529346638,-1.6484272135433886,-5.989332714939624,-1.6728962263881404,-0.9961712836498402,0.0827411754679,0.0026671426205,9.0130437523799981e-09,0,4.506521876189999e-09,22,1,1,1,0,0
1871,13,-2.429975873449628,1.7359477422075109,2.7353899584779771,-6.2831853071795862,2.5903554412818686,-4.735980598767096,2.55078450294,0.452945153629,6.9001601906680068e-05,0.0075689999999999993,0.00026157080095334003,23,1,1,1,1,0
1872,5,4.1674012194513921,-1.8215565964215521,-1.2931827042331818,1.4886905896427844,-4.8291340090988903,0.69577770566968367,0.0528758507072,0.00562655907495,1.2439484742006505e-08,0,6.2197423710032525e-09,16,1,1,1,0,0
1873,11,-4.3419686860970081,1.059447786713771,0.065611304383913355,-5.8439764220289607,-1.127978126790695,5.7502945132393091,0.508863134426,0.153690261689,7.4542173225403779e-06,0,3.7271086612701889e-06,16,1,1,1,0,0
1874,14,5.1220749711914433,-5.0448067290521257,-0.15292366165214216,-1.5664252582037854,2.2272276416435512,-0.5308371023249322,25.0766300906,0.000381348095481,0.00062883742099928549,0,0.00031441871049964275,60,1,0,0,0,2
1875,6,2.3636844544600666,-2.5583530647075468,-2.9656056912864304,-5.2603799072324957,4.4374049557397992,-0.95421315935124318,0.339015360094,0.00964051604818,1.4324242019819755e-07,0,7.1621210099098776e-08,12,1,1,1,0,0
1876,1,-2.4401208219328141,-3.307592512503184,2.6436283816781851,-5.5441739346352827,1.6188781064285154,-0.40413835324858366,0.154753812553,0.0193359237424,1.378384780216791e-07,0,6.891923901083955e-08,6,1,1,1,0,0
1877,10,-1.1049571498685109,-1.8855232444917014,-2.5828217379374472,-2.1402668248949679,1.8718523613432065,4.8069881428183932,0.215614282892,0.0299353694403,3.194652135555563e-07,0,1.5973260677777815e-07,21,1,1,1,0,0
1878,10,5.881286417163305,0.81322130790372293,0.53602049349685021,-2.7417384488838654,1.7145026274332582,-0.4212568901023977,0.382064186262,0.1414332882,6.2393495253262819e-06,0,3.1196747626631409e-06,13,1,1,1,0,0
1879,10,-2.2299720389486013,-5.7726545727974328,-0.72855045061765722,-4.7073955036826014,-1.4371490224029371,-2.0255532977845334,0.0372090689202,0.209558401107,1.3378574270217615e-05,0,6.6892871351088074e-06,14,1,1,1,0,0
1880,0,-1.5983095105730323,2.1968565023479489,-2.3014879463007318,3.768734059300098,-4.8473503552592527,-0.75865515366163405,0.244346891198,0.0228161665652,2.1828236490747451e-07,0,1.0914118245373726e-07,29,1,1,1,0,0
1881,1,2.3304676897463961,-4.5155574213666183,0.99549973129036062,-4.3112675252298853,1.6430424234630117,-3.7626668879622551,0.291142939254,0.0298944268423,3.5699371868292451e-07,0,1.7849685934146225e-07,16,1,1,1,0,0
1882,6,0.13331324247603271,5.4710296629338897,-1.8679683512234655,-5.596244240820595,-2.844783003631572,1.2324065163952105,1.8547205154,0.60746279707,0.00011584718206034604,0,5.7923591030173019e-05,27,1,1,1,0,0
1883,15,0.17136142868742532,2.0570526351867056,0.54355152037015142,-0.02680167267913007,-1.4956378892035058,0.48436420680947739,0.0154946484788,0.108254415548,3.5700572576279116e-06,0,1.7850286288139558e-06,10,1,1,1,0,0
1884,8,-5.2106217687277621,4.0897979951348953,-0.44834891381493763,-5.0329858605745015,-4.7955092610520538,3.684797187629886,0.182165316903,6.1952170031e-06,3.3184214373683947e-08,0,1.6592107186841974e-08,17,1,1,1,0,0
1885,4,-3.1959731166746455,-5.5472988282630178,-2.114666404585734,2.1978778757255459,4.6307712013602966,-1.0967515424344885,0.134376919377,0.00413499807985,2.3265568806439726e-08,0,1.1632784403219863e-08,32,1,1,1,0,0
1886,7,-2.8739886145783839,-0.70953022530370113,-2.3867944019471259,1.6322873471465369,2.882824868187833,-5.077841535082773,4.5107503381,0.142059895201,2.649435697253451e-05,0,1.3247178486267255e-05,41,1,1,1,0,0
1887,0,0.64741050606869088,-4.2654779836507686,1.945313402351373,-5.2955278322978323,-4.3968940603267477,4.1619621147716392,0.0557163312088,0.00153178645749,3.8190546628867992e-09,0,1.9095273314433996e-09,11,1,1,1,0,0
1888,2,6.0383047542741961,2.4533498328330596,-0.85741497797936084,0.8915838327304102,1.1191135229444105,5.5479247064242987,0.305959816738,0.147761412258,6.7444560297827652e-06,0,3.3722280148913826e-06,10,1,1,1,0,0
1889,5,-4.2439998533642651,1.2745104521249744,2.8655256043488402,-2.6873508870648042,-0.79380768471032037,-0.39830888193849318,0.048205019152,0.342871298914,3.5813369239414351e-05,0,1.7906684619707175e-05,59,1,1,1,0,0
1890,6,4.1420137872055536,-3.0417912723212406,-2.7534324393043059,-2.3705525818660833,-4.7079547292501811,0.058093684938096316,4.24829428275,0.0168658942828,1.8134655293599341e-05,0,9.0673276467996704e-06,18,1,1,1,0,0
1891,8,-6.1412205057401277,-2.2960813200191179,1.7280725145468661,1.0754702641362806,4.6189553947552096,1.0961521742157405,2.85569986561,0.275760457223,3.1319296936929834e-05,0,1.5659648468464917e-05,28,1,1,1,0,0
1892,7,4.1669390959571446,-4.8881020189254132,-2.5304893876602299,2.1624789559740578,4.6942800691526951,-2.7781820932232142,0.459708667072,0.109568914786,3.8683699119950798e-06,0,1.9341849559975399e-06,14,1,1,1,0,0
1893,1,-2.0343359479004204,4.886815287980963,-0.55478279640768158,3.9249883421838789,5.6034441633402174,-2.221259324095588,0.0463617086679,0.0789088841498,1.8988838888012904e-06,0,9.4944194440064518e-07,26,1,1,1,0,0
1894,15,0.15910720639895143,5.0927381395726616,-1.3380690197920375,1.639564342908812,1.8132331073291015,-1.8348528308611738,0.71309219999,0.0128177529663,5.5854754103679311e-07,0,2.7927377051839655e-07,15,1,1,1,0,0
1895,0,2.510255047567953,1.7189041156438676,-1.0321744348027384,5.9389972735400614,5.0253723675197159,4.2395714129185862,0.0897769820665,0.420515659824,5.3874600086903128e-05,0,2.6937300043451564e-05,7,1,1,1,0,0
1896,9,-2.103112399180771,1.7889828907369942,2.6658627248527749,-0.016009475804367956,1.8655030594496842,6.0532452095046105,0.349452233709,0.0374195168009,5.4864833955851324e-07,0,2.7432416977925662e-07,56,1,1,1,0,0
1897,3,3.363139616548259,-3.6645204188321778,0.75477959076291712,-2.2478861976832247,4.5371521673105351,4.5452038768086833,1.71559401922,0.0187417241731,3.0502603852584188e-06,0,1.5251301926292094e-06,58,1,1,1,0,0
1898,1,-5.9726932748976553,-1.9276409677033659,0.94690688025574576,-5.302928019351171,3.7677133990968468,-3.1393223250009994,0.349191631864,7.83237811819,0.018687226943605154,0,0.0093436134718025768,60,1,0,0,0,2
1899,0,0.39351116671380298,3.0188973531773264,1.1161054456583406,-3.2096573470404919,-2.2740680846522681,0.24774076818117546,0.442434576105,0.00449514970948,2.0190356670291899e-07,0,1.009517833514595e-07,44,1,1,1,0,0
1900,4,3.9569409397841944,3.7245269511992021,-1.5056865252258371,4.138260390684569,-2.3437686536770359,-1.9245331541076844,2.62318936061,0.0113241876832,6.9201857147217677e-06,0,3.4600928573608838e-06,8,1,1,1,0,0
1901,12,3.4164816743797051,2.0502501980676544,-1.7772766708296637,1.1876302573379578,5.0029939952342266,2.9300371793944722,0.0385500156716,0.495817706077,7.4887169707352653e-05,0,3.7443584853676326e-05,9,1,1,1,0,0
1902,0,-5.9581994989588924,2.8072647472213275,0.51792791291759754,-4.0684680666728541,-0.059804801497379843,3.080651662727214,0.358797052117,0.0242542155678,3.0793169201088805e-07,0,1.5396584600544403e-07,13,1,1,1,0,0
1903,5,0.72670974647026954,0.89458292981453047,2.0079575926837281,1.4835558587077289,-4.5691760257984537,3.2881304225712906,0.0170356756682,0.236713339429,1.7068980563161385e-05,0,8.5344902815806927e-06,27,1,1,1,0,0
1904,12,-4.8900036338004256,1.8943466824443758,2.6554439966800136,-1.7499675909408987,5.8776702069983537,-0.69771592689024275,0.242616534282,0.0175222455128,1.5238919123507272e-07,0,7.619459561753636e-08,12,1,1,1,0,0
1905,2,4.9098111967589988,3.6526984524477544,-0.52494106516372208,1.0981575424155803,1.6943548941186564,-0.16842986707847549,0.0404203922942,0.145110592933,6.4159884597041874e-06,0,3.2079942298520937e-06,20,1,1,1,0,0
1906,14,-0.34370387070757663,3.1353663317317055,-1.4427064267238066,-3.4874552261770622,-4.9083555599795581,-0.89969298994910152,0.0223527117559,0.00361370170822,4.4775938800246346e-09,0,2.2387969400123173e-09,24,1,1,1,0,0
1907,7,4.9729529898812705,-3.2017457911832867,-2.3620775211876777,3.5838227127259383,1.9734290708375852,-0.11374574205550365,0.753919203001,0.0960212764489,3.3769928292815454e-06,0,1.6884964146407727e-06,11,1,1,1,0,0
1908,2,-2.6182582047233138,0.92698666175242816,-0.47911055750781972,0.60921450731648619,-1.798001497684961,-2.3556519121635051,0.261163396763,0.0217867569017,2.1279686999271941e-07,0,1.063984349963597e-07,9,1,1,1,0,0
1909,7,-3.2514881416042698,1.0103713879837164,-1.8866923716076356,2.6414237270143919,4.7845031596972438,-1.5256963261760206,0.23962536634,0.00113867252056,5.7815275557720318e-08,0,2.8907637778860159e-08,33,1,1,1,0,0
1910,6,5.8641047002559521,-3.4719302471158118,2.292080271787817,-5.7132295218552374,0.42599388062476867,5.1223845465537119,0.0444426968316,0.00488818062971,9.2537763214283879e-09,0,4.626888160714194e-09,22,1,1,1,0,0
1911,11,-3.4463277851483189,5.0301677256756721,-1.195116899303416,4.4612137154427147,4.2666344030853223,-1.5860331745542864,0.431541600724,0.0438926405245,7.7309307505525358e-07,0,3.8654653752762679e-07,29,1,1,1,0,0
1912,14,-1.579016601497643,0.88425551939587654,-0.45243556115229433,5.6662337943212258,-0.12800407455251261,-1.6274606176826951,2.36022030249,0.356355092077,4.425368666898707e-05,0,2.2126843334493535e-05,10,1,1,1,0,0
1913,14,1.1143976097639821,-1.2375786609952382,-1.3713204660289933,1.8465426205370692,-5.5670192242240013,-3.2754939750945735,0.0408002792737,0.00504378142416,9.4140480227492366e-09,0,4.7070240113746183e-09,16,1,1,1,0,0
1914,8,-3.4161396122587644,2.0010313535341924,1.7453192928712777,-1.6320549442669015,5.0628233914331249,4.7835272094398382,0.0582110368211,0.000197753350466,3.4004372946770653e-09,0,1.7002186473385327e-09,9,1,1,1,0,0
1915,11,6.111047007398402,-4.2305952891181775,-1.908580478511837,3.8185164325596448,1.6205818298161097,-0.20076404397529846,0.428822344324,0.0389595277076,6.4625056935968598e-07,0,3.2312528467984299e-07,6,1,1,1,0,0
1916,0,3.2398994223919262,1.5284198595067693,1.4337474087199071,5.125380789463561,-1.8082010998340654,-2.4833672017567885,0.318661843342,0.0207544498925,2.327584681040216e-07,0,1.163792340520108e-07,7,1,1,1,0,0
1917,2,-0.47516853238979839,4.9702561237251528,-0.3070309582624598,2.6100469604393055,3.9224737137193424,-4.845530344924466,4.12241274241,0.0282967897913,1.7238196518956744e-05,0,8.6190982594783719e-06,60,1,1,1,0,0
1918,0,-3.2538712771736247,-0.31800606628973427,0.85855940845576606,1.4155084732995573,5.9728207518084444,-2.3209436923969493,0.115696461966,0.0547319735112,9.2589424021434271e-07,0,4.6294712010717135e-07,10,1,1,1,0,0
1919,11,-5.8936292293807471,-2.2574896473653254,-1.7559943125370929,1.992993425401967,2.0811607783293677,4.2866906768952457,0.0420341654642,0.0140566861261,6.1956356458063424e-08,0,3.0978178229031712e-08,17,1,1,1,0,0
1920,14,-2.3933956997032042,0.16951738756155213,0.68124627343297528,3.696767328075468,1.5173738926393774,-5.9720974830244975,0.0430480632336,0.27461104868,2.2973426849396061e-05,0,1.1486713424698031e-05,41,1,1,1,0,0
1921,1,2.8075580669791984,-0.55415416159956576,0.3035126986697157,2.0217142261690548,4.4950751751840565,4.9438935430810398,0.0227296380292,0.0143487197835,6.3233025252153495e-08,0,3.1616512626076748e-08,24,1,1,1,0,0
1922,12,5.3367863386738712,-2.4323018241913337,0.86384721990540769,-1.7478125621087264,-1.6261647166930719,1.9132275752242467,0.211762506278,0.154204440988,7.2883439147017626e-06,0,3.6441719573508813e-06,19,1,1,1,0,0
1923,14,-0.30289478034322481,-3.9886899778398797,2.3327890702547314,-5.3932348956624683,1.960186682254917,-1.324507468516845,0.0772819428725,0.0025732912328,7.9896227833653843e-09,0,3.9948113916826921e-09,11,1,1,1,0,0
1924,13,2.0192061130683299,5.4991786843295465,-1.1941489261562146,5.7387569499531006,-4.7617580138780315,-4.5031523346155238,2.9788919497,0.0377805021105,9.3085978994745098e-06,0,4.6542989497372549e-06,8,1,1,1,0,0
1925,3,1.0539135316780255,0.35125937553960729,1.2972552247438314,3.5784087351536971,1.5636913302855366,3.6098699173529298,0.0758090322433,0.0424731388861,5.5526694277469267e-07,0,2.7763347138734634e-07,29,1,1,1,0,0
1926,1,-4.671982198611234,1.351544211153753,1.6464471783637151,1.604976940895229,-4.4489975384131002,-3.537594919308817,0.749993441353,0.0596449564781,1.6461729791430225e-06,0,8.2308648957151125e-07,10,1,1,1,0,0
1927,2,5.69426278378406,-1.0076727123564535,1.9842978975559207,3.0761975952105152,0.51244558539229856,-6.1551405760444569,0.482777028525,0.143842689565,6.5358271985337891e-06,0,3.2679135992668945e-06,10,1,1,1,0,0
1928,2,0.52158785248722472,0.079896827615847543,-2.4392386828365691,1.9529409355122316,0.65181929018052831,-3.5903257612941664,0.666187723893,0.0325941573102,7.6742526092858051e-07,0,3.8371263046429025e-07,9,1,1,1,0,0
1929,5,-0.31069848169174669,6.0882221543815973,0.81380396152856194,-3.2428799182895154,-4.1931153054315953,-2.0535903809656935,0.870893342321,0.0153310901444,8.3005320028618677e-07,0,4.1502660014309338e-07,19,1,1,1,0,0
1930,11,5.2030779613018909,4.5648850431480321,-0.66910313411175792,4.0690128863939723,4.0332178843337863,2.5562728392750493,0.179970097943,0.0371892522265,4.5368745898719612e-07,0,2.2684372949359806e-07,12,1,1,1,0,0
1931,15,-0.54466730895788962,5.9324986746691133,2.7938219827855586,1.6463590119978262,1.6434252138399725,-1.7118511512167531,0.059400699597,0.0211685580302,1.4002989988554581e-07,0,7.0014949942772905e-08,18,1,1,1,0,0
1932,5,-5.3093466384967707,4.7967084980039658,0.85460340496594689,4.13664283197045,-4.7988843602290761,4.623119138732581,0.267466518858,0.181533307421,1.0110004879087638e-05,0,5.0550024395438188e-06,21,1,1,1,0,0
1933,2,2.9748529595481794,3.1126514875851874,1.0053366162333586,4.7963893729546587,5.6700552481549265,-0.532757579825059,0.0127338322389,0.109904432143,3.6796311525430229e-06,0,1.8398155762715114e-06,15,1,1,1,0,0
1934,2,-1.1895494822744803,0.12421391065497447,-0.4710891833865446,-4.2733390408516749,4.67818965816745,2.659883367344408,0.695577683729,0.00416307842565,4.891077062219922e-07,0,2.445538531109961e-07,23,1,1,1,0,0
1935,0,1.7210943289183798,-0.33488344736067166,-1.544560471372993,1.2307957213349663,1.1642402493423452,-2.6201200171772219,0.0671714481728,0.0243476156899,1.8509115633900126e-07,0,9.2545578169500628e-08,14,1,1,1,0,0
1936,7,2.2894656524375998,-0.93405986595783386,0.52228219176270074,5.4156077771709725,1.9087065853429774,2.9582134552848478,0.275485756804,0.0132504880469,1.2937573772654845e-07,0,6.4687868863274223e-08,43,1,1,1,0,0
1937,7,3.0266769948398884,4.7264146736893906,-2.5140296833969566,4.0210158852583113,2.4444882822441398,1.8017827715963897,0.0687899584352,0.0236856284843,1.75625171432614e-07,0,8.7812585716307001e-08,10,1,1,1,0,0
1938,11,2.3262983981324816,1.4868811239428257,-1.5487329955343099,0.62287057093713016,4.6807642445985982,4.8428531577422111,0.0491258496167,0.0235499020035,1.7135352565719088e-07,0,8.5676762828595439e-08,23,1,1,1,0,0
1939,15,-5.481285922376208,-4.8849979655642253,-0.75570255041003498,5.2670289863706907,-5.7328872909270832,-2.4696279701025747,0.223777421423,0.127170807085,4.9764754119046189e-06,0,2.4882377059523094e-06,7,1,1,1,0,0
1940,14,-0.94641098019887115,1.3474509717386334,2.8896186713152758,0.56913599737947307,1.655663943960632,-0.63338343561861576,15.2491622149,0.107153691381,0.00023603453914550942,0,0.00011801726957275471,60,1,0,0,0,2
1941,8,4.3270623076555967,-4.6357961285037046,2.0841245713120444,0.065637046111637481,2.3565141544532882,-0.21601088042027305,0.259638204453,0.0297118289396,3.3632605573785493e-07,0,1.6816302786892747e-07,25,1,1,1,0,0
1942,10,-0.46986727674151241,-3.8187115833744358,2.0866274702886041,-1.8042953452970389,-0.9462947629569074,2.4902085576982804,0.177759090013,0.268253187295,2.1951798519617488e-05,0,1.0975899259808744e-05,34,1,1,1,0,0
1943,12,-5.9001063606951689,-3.2365188568626304,-1.081142103750103,-0.75747919370184036,-1.7462361116185647,1.341284770208472,0.0224828793809,0.0627399227616,1.1995703921536991e-06,0,5.9978519607684954e-07,18,1,1,1,0,0
1944,14,-4.6311598023517462,-0.26363461354232698,1.4416902753514138,0.51579019013132432,-1.4005672783380756,5.946135117297918,0.0196587396671,0.00159366486109,1.1601235257190203e-09,0,5.8006176285951017e-10,22,1,1,1,0,0
1945,12,0.36143094827830546,-2.9615040031547379,1.1899595520921915,1.0761388929117015,1.6180993075185452,3.2718908992719569,0.00438659782928,0.0219660151127,1.4699892014026321e-07,0,7.3499460070131605e-08,19,1,1,1,0,0
1946,13,0.27179065577056083,1.2221858529059511,-0.751996793974124,-3.5322504579993477,5.6526416558637065,-0.58019863593589049,0.231195546188,0.000839449434935,5.3666036965201651e-08,0,2.6833018482600825e-08,13,1,1,1,0,0
1947,0,1.5369882818049361,-1.3205719060036551,-3.0179646163954441,2.7113376899501835,-4.1824155020456351,-3.8092477104496707,0.125750170451,0.0677503566294,1.4140408209299342e-06,0,7.0702041046496708e-07,9,1,1,1,0,0
1948,15,2.7307048184716152,-2.4214054674399321,-1.7463269177284264,-0.48674450834232302,-1.2658660301532119,4.6269143544880302,0.0447906433712,0.0141216550309,6.2753355098176105e-08,0,3.1376677549088053e-08,21,1,1,1,0,0
1949,11,-0.93419154052226616,0.68879862020438853,-1.7243973486132484,-0.42410815994002293,2.0269556112117941,-0.60149781843511285,0.491838157354,0.278069920363,2.3795801155154196e-05,0,1.1897900577577098e-05,10,1,1,1,0,0
1950,15,-1.7424558723434727,-1.1966094222589769,-2.8577101778376677,5.2816881151055011,-2.6647501892927177,2.5962663009956874,0.101781375747,0.0188364050512,1.1844080245611606e-07,0,5.9220401228058032e-08,14,1,1,1,0,0
1951,11,-2.9645864094638199,3.6856749548009646,-0.99651177945005509,-5.3500906640055677,-4.1497752229446192,-5.1241005327067848,0.16158601112,0.0105388202604,5.9942900462095758e-08,0,2.9971450231047879e-08,5,1,1,1,0,0
1952,5,-5.1451358975179566,-4.0078187253034736,-1.7117839802538577,-2.3725263816916184,1.1130887503776756,3.2959628874029789,0.181676781206,0.0217475988414,1.7707771532238555e-07,0,8.8538857661192774e-08,25,1,1,1,0,0
1953,1,0.2885576347398518,-1.4739534948424478,-1.0735252039528427,-4.7694044859700364,1.5001388822057995,5.248575786658435,2.14624517066,0.0173433991776,4.6979952709275576e-06,0,2.3489976354637788e-06,6,1,1,1,0,0
1954,2,-1.5907043669548853,-4.9115839472746687,2.0895591318189743,-1.6778195631757413,-1.4133826008838015,-3.0514716140548397,0.0265406295849,0.0226117958134,1.56453253836842e-07,0,7.8226626918420999e-08,19,1,1,1,0,0
1955,1,5.6017999953262594,-3.8177849327925806,2.491513924642311,-0.30562225125958797,-3.638037716139114,5.0088890271049449,0.138772582863,0.0871104875523,2.3307670180984267e-06,0,1.1653835090492133e-06,24,1,1,1,0,0
1956,7,-0.77444151929136018,-3.3425443727175517,-0.85241169161309449,2.6778290901860138,-5.4627138204944119,-0.57265275284366879,0.860302218826,0.0100627834023,7.7096534878345792e-07,0,3.8548267439172896e-07,24,1,1,1,0,0
1957,1,4.6203776351504011,1.0847194878228588,-2.763745752637178,-3.4867560107706215,4.4947674708285241,-2.8536508375854202,1.08915198044,0.0596535282471,2.2702463550476473e-06,0,1.1351231775238237e-06,16,1,1,1,0,0
1958,9,-0.40124591691713113,1.8028639789756495,-0.33692280700327437,5.3664600775662956,-1.9126003366275219,-5.453347111081813,2.61481089793,0.0240520460158,7.0134574887738618e-06,0,3.5067287443869309e-06,13,1,1,1,0,0
1959,5,-1.9989280355321475,2.8076416353252474,2.4716072938769598,-2.2176768336308936,4.0640553838976263,4.6358337721006198,0.0495961541436,0.00525596506837,1.0874886146838468e-08,0,5.4374430734192342e-09,15,1,1,1,0,0
1960,13,4.6178738995330813,1.8319906983558947,0.97042279656030117,2.1971676698256326,0.0099486271245456497,5.9323484979779453,3.71859612346,0.032078182514,1.4141411437575369e-05,0,7.0707057187876844e-06,25,1,1,1,0,0
1961,6,4.4954669690173867,2.1281791730073998,0.73918648949799515,-2.8354131349461134,2.8469749467014327,-4.1704169840590515,0.415064673537,0.132650307085,5.5323584727561885e-06,0,2.7661792363780943e-06,6,1,1,1,0,0
1962,7,-3.3435638400818579,1.0201597230210637,1.1489358327428874,2.3408815510837755,-4.2888228745184254,3.8789760428672282,0.846342138865,0.0305328707669,1.0002764934102555e-06,0,5.0013824670512774e-07,9,1,1,1,0,0
1963,5,-1.6680062325522809,-3.1996111733022503,2.3655239981644107,4.8421101507654303,-5.1683379792800181,-5.2855701707398666,0.0406207393132,0.00309220937927,4.5627227704058511e-09,0,2.2813613852029255e-09,31,1,1,1,0,0
1964,3,2.0959614752957041,5.5416179891732487,0.98075548999145912,3.5937543434486368,3.0454677525047482,1.848347515281809,0.0426474773304,0.000659058576139,1.9511203988603555e-09,0,9.7556019943017777e-10,50,1,1,1,0,0
1965,2,1.5484249982005818,2.3719842123197155,-0.33176503894148462,-1.3587746262801021,-1.07549716220618,-6.0262239144582521,3.08372025074,0.264701724184,3.0852960185732643e-05,0,1.5426480092866321e-05,17,1,1,1,0,0
1966,4,-3.7076163576142314,-1.4690094128357216,1.2889466393375444,2.1910395372443339,4.8007516004790878,5.2901852424493763,0.119764899751,0.00228475092151,1.5933760576262701e-08,0,7.9668802881313506e-09,27,1,1,1,0,0
1967,3,-2.5259400280653432,-5.5742110167469479,-1.5681917080647461,-0.48965197829738388,-4.8981743815306302,-5.355968507770922,0.0403088031291,0.0136968758845,5.8772370618119326e-08,0,2.9386185309059663e-08,23,1,1,1,0,0
1968,12,6.0335637896504153,4.5757835533467341,-1.7642084701555019,1.5290670833025082,0.96740759091800843,4.9713509098661532,0.0250019126822,0.00166554781622,1.4701194473840503e-09,0,7.3505972369202516e-10,19,1,1,1,0,0
1969,0,3.3464066575289064,1.2965319376523561,1.574683820747421,-6.1442733677347308,4.1940002922198572,-1.0085478977301785,0.0514975437296,0.000923795780478,2.9119571031779707e-09,0,1.4559785515889853e-09,5,1,1,1,0,0
1970,2,5.6490362106818983,-0.1235144851172767,0.8243586885596238,0.86038409137513239,4.8828982031032027,-4.3118879178658034,0.184796043029,0.0694022426863,1.5013915578062438e-06,0,7.5069577890312188e-07,19,1,1,1,0,0
1971,3,5.8354315057583301,-0.33470511301302275,-1.3216420598580148,-3.6485386932784363,4.7195575461690851,-3.5381698340547438,0.0580303779917,0.0191980006065,1.1563830409447883e-07,0,5.7819152047239417e-08,41,1,1,1,0,0
1972,15,2.0846544728169958,4.5411548878173242,1.4920688311078407,4.1797734461545781,-5.5863103386923214,3.957773480639351,0.6774701782,0.00591235619779,4.6961403541474127e-07,0,2.3480701770737064e-07,7,1,1,1,0,0
1973,9,5.0266345906936776,2.2554111705416298,2.7252449883948828,-4.6901577820880513,1.171972707058889,-0.066726736177501772,0.0387756738949,0.189887279635,1.0985148374710873e-05,0,5.4925741873554364e-06,10,1,1,1,0,0
1974,1,4.929975478502743,3.5506163002515958,-2.94561672550173,0.93559855762196309,-1.896672701688507,3.1251552754344067,0.561766812992,0.000516164840786,3.1566311022378866e-07,0,1.5783155511189433e-07,19,1,1,1,0,0
1975,14,1.1516280389246156,-3.140415018232527,1.2160749277154248,-2.4377343669736118,4.7616019328284693,0.81446409896612937,0.0451928470525,0.00878581042853,2.5555953670434322e-08,0,1.2777976835217161e-08,23,1,1,1,0,0
1976,5,2.3995988112196427,-5.103221514194936,0.60899484765461875,-3.0389225220269367,-4.2257548176742423,-3.2222143550873166,2.12034702678,0.126712480175,9.3868248387076928e-06,0,4.6934124193538464e-06,11,1,1,1,0,0
1977,11,3.8229162674129351,-1.5617246957782174,0.40113685316157277,-2.0406976703272393,0.44076762023702942,-3.6140794123847324,1.34056060457,0.224311495426,1.7124125292523129e-05,0,8.5620626462615646e-06,23,1,1,1,0,0
1978,0,-4.1751710777584909,-1.7343843792330687,-0.74486456131840995,-3.8713407257582717,2.2681610917199548,-1.4643698393769071,2.69147914177,0.0100119223355,7.2745943908604169e-06,0,3.6372971954302084e-06,20,1,1,1,0,0
1979,13,-4.1607092158366275,1.8696883594205183,1.0458351173028486,5.536291097490583,4.713372159802395,-0.44359622298776186,0.238173217823,0.0285938804674,3.0578473033637746e-07,0,1.5289236516818873e-07,9,1,1,1,0,0
1980,15,-0.030324244638153912,-1.9588284492929404,0.99164746096434053,-0.23545591893435411,2.4905513811463109,5.0534651862842965,0.128523251932,0.00870833512,3.9618918949585078e-08,0,1.9809459474792539e-08,43,1,1,1,0,0
1981,11,-3.6092137888922551,4.0016869986792862,-2.5117909790566437,-0.54254229996459047,-0.2701297295105517,-0.65893655413582342,1.446657296,0.0326439396822,2.4174258177221759e-06,0,1.208712908861088e-06,16,1,1,1,0,0
1982,13,2.5316676628376329,-4.8945952708991252,-0.76770857572539863,1.1427217655174549,5.1034310535084568,-0.31438860970872556,0.216506299796,0.0288150989053,2.998018448040664e-07,0,1.499009224020332e-07,11,1,1,1,0,0
1983,3,1.1986056877133784,1.3977252979143076,1.2948031473218615,-3.736532405114775,2.2028170712870914,2.7336861450169776,0.109611428371,0.0262492675902,2.2190339321365278e-07,0,1.1095169660682639e-07,13,1,1,1,0,0
1984,2,4.4094318171621891,-4.1655986398132541,1.2591274121310976,-1.8979816832478356,4.9203206964930821,3.0301219977225657,0.16945410746,0.00137360125983,2.9289440718602129e-08,0,1.4644720359301064e-08,12,1,1,1,0,0
1985,11,5.7116560536536962,-1.0464559184895852,-2.037230241607237,-0.15386982935008178,5.0713185641527687,-2.8753782891897535,0.203970063984,0.0492112467696,7.793100512187518e-07,0,3.896550256093759e-07,14,1,1,1,0,0
1986,5,3.3011857139548848,-3.4611522945927855,2.6391281834478426,1.7817164089306812,2.4584115416804075,3.316770479522138,0.040291601523,0.0518180721507,8.1955548563192178e-07,0,4.0977774281596089e-07,8,1,1,1,0,0
1987,2,5.4004959028306043,-2.0984618651708091,-2.2681564053550107,1.1718868255839836,2.745794065855947,5.1284218869596998,0.348984239535,0.0551116604284,1.0470030005611021e-06,0,5.2350150028055106e-07,18,1,1,1,0,0
1988,7,-4.7231328437147546,-3.2253999315323685,-1.0960477150545673,-3.4199876987771778,1.8115419694745756,3.0231905985881933,0.298784045071,0.0671932296533,1.4645982665908806e-06,0,7.3229913329544032e-07,35,1,1,1,0,0
1989,8,-2.5849096616368596,2.3834345859609618,2.7227826218159183,-0.30964505554538413,2.8073468527843026,3.3865730461557777,1.92303358442,0.569070632494,0.00010234578521464662,0,5.1172892607323312e-05,20,1,1,1,0,0
1990,15,-0.022297075810210672,-0.1983110997774768,-0.71970798744484099,-1.1230804403197074,-4.5778359154232717,-1.0338127854184642,0.0296971976073,0.227124183445,1.57146917574267e-05,0,7.8573458787133499e-06,9,1,1,1,0,0
1991,3,-5.0663589767042501,2.1388693953203846,0.31400076173948199,5.2049502305205797,4.0519148786450963,1.2620007478062814,95.3638439591,8.03566295659,0.028763981952669795,0,0.014381990976334897,60,0,0,0,0,3
1992,0,-0.30232831692084822,-1.5685675291408314,-1.7213982717061636,1.1886822929416281,-4.2107342169898168,4.4528762751907696,0.0321044360433,0.181438633192,1.0029029335179132e-05,0,5.0145146675895662e-06,20,1,1,1,0,0
1993,7,4.8297832856301168,-2.8969590414258861,-2.8034821154435159,1.537396465003704,-1.9384096299062576,-5.0390619216532553,0.0111151567816,0.13470714634,5.5277158991933867e-06,0,2.7638579495966934e-06,27,1,1,1,0,0
1994,9,3.4344926852270898,5.6246686201277116,-1.3890623874873449,-2.450615129703015,4.7281909900271772,4.2858748205753034,0.211123874783,0.00369801599099,4.8739031887721012e-08,0,2.4369515943860506e-08,27,1,1,1,0,0
1995,9,-1.8224446926016531,-0.83912409667916554,-2.1407459817415626,-4.7201587941731669,-4.5649302525727711,-0.67823051834405157,0.16214808928,0.536985598027,8.7863801055705881e-05,0,4.393190052785294e-05,55,1,1,1,0,0
1996,2,3.5276704363518685,-0.12442774764199421,-0.71083906560162047,-0.36265273263719516,1.8802813354996655,1.7429512711539425,0.338884366625,0.0275526714689,3.4609283833339611e-07,0,1.7304641916669805e-07,26,1,1,1,0,0
1997,10,-1.2987229543472734,1.0588371580290423,-2.1714296859339428,-1.2204878942343655,-4.8216559520726676,6.0600393788974358,2.48367583613,0.0586068388338,7.2149338623823231e-06,0,3.6074669311911616e-06,12,1,1,1,0,0
1998,2,-0.043116169970446643,1.0759432782553104,2.4446914894076004,3.9438172998807501,-2.307785090298057,1.4200321152333748,0.0480601060428,0.00319004735422,5.4096831500190252e-09,0,2.7048415750095126e-09,25,1,1,1,0,0
1999,9,-5.9726921991510427,1.0263919111316704,2.0510984537983998,-4.5022884695010594,-5.4087613320922951,-2.1307618361393357,0.0101724629751,0.122087880319,4.5405633573687873e-06,0,2.2702816786843936e-06,19,1,1,1,0,0
2000,14,3.937000663715144,5.086950937747508,-0.98433489477874425,0.73719229584025392,1.8671765287520012,0.80005974389990764,3.82764223557,0.0367058657836,1.5061262403085201e-05,0,7.5306312015426004e-06,17,1,1,1,0,0
2001,0,-2.5049843669074634,-4.2898662036719291,1.2631112240304991,2.7076684315261641,2.8042412118708593,-4.1258030339129039,0.0704345977573,0.0193120963574,1.1857025161171432e-07,0,5.9285125805857162e-08,14,1,1,1,0,0
2002,10,5.1374038829958133,-5.92974706510046,0.43173560413250189,4.16108268550484,-3.327838239555827,-6.0512931602820652,0.665457322107,0.162061266231,8.4432608904992322e-06,0,4.2216304452496161e-06,10,1,1,1,0,0
2003,12,5.9235827192368573,2.5083138522127624,-2.6131188554680707,-6.1961709520134214,1.4223697981677033,-5.2057528002573719,4.99047077745,0.184430034005,3.5266188749967713e-05,0,1.7633094374983857e-05,37,1,1,1,0,0
2004,2,-2.1475901205948307,-0.41935481827276111,0.34826477608256595,5.4479564474863942,-4.523797866661206,-0.70883148874313229,0.0914351400544,0.437400003042,5.8287388223417606e-05,0,2.9143694111708803e-05,23,1,1,1,0,0
2005,2,3.1350169172734192,-5.8368378738470952,-1.7645962310648311,5.5132394547503907,-5.8563566282315715,-4.701478676599125,0.0640065268652,0.0694411928551,1.4729861792344937e-06,0,7.3649308961724687e-07,16,1,1,1,0,0
2006,4,5.2242161223131607,-4.7109537142117013,1.5827344304025033,-1.2773292061702874,-1.1521503836179658,-3.9134835369080037,0.0228564143449,0.0410214246258,5.1311959592964644e-07,0,2.5655979796482322e-07,32,1,1,1,0,0
2007,2,4.0441249392928302,1.3638988906244589,1.2063243277187625,-0.84507345633732966,-1.3306250085826434,-2.5795858656969735,0.0478583388661,0.0545818272834,9.097992870847734e-07,0,4.548996435423867e-07,17,1,1,1,0,0
2008,8,-5.0641504987574839,-4.6315204718330207,2.7936286635842924,-0.85295111165535797,-4.4594732867220914,2.7808072210871848,0.156804986628,0.020492486628,1.5250945482945978e-07,0,7.6254727414729889e-08,10,1,1,1,0,0
2009,15,-3.2873161445998571,2.3527400907228966,-2.8820940439180318,5.1588864535769954,1.8027645959793901,1.9010466049504033,0.176198685658,0.0245848009101,2.1516053350515245e-07,0,1.0758026675257623e-07,17,1,1,1,0,0
2010,6,6.0716865354416045,-5.8500345291569928,-2.9721749540541924,-3.3626060927183068,4.0827622937051045,-4.7360999010528548,3.76063833135,0.239433908697,3.1605689845815732e-05,0,1.5802844922907866e-05,34,1,1,1,0,0
2011,14,0.64700711128949195,2.0951512695943375,2.8718125846382652,-2.0259932311452489,-1.6598152841022042,-5.5099789124777514,0.100170785566,0.0333961626032,3.4977511453175411e-07,0,1.7488755726587706e-07,25,1,1,1,0,0
2012,7,4.5643273034876408,-4.5491373214340527,2.6048024397539749,5.2188332802313866,-3.0810013879651268,2.8366264112749082,3.30030588963,0.087697965903,1.3234811199431044e-05,0,6.6174055997155218e-06,54,1,1,1,0,0
2013,10,5.2488675150915851,-0.091787304743153553,-1.9985890705357314,-5.1162263487936572,1.7859422017369764,-0.73615309900071679,0.0316225811528,0.000392555482794,1.0469291243836848e-09,0,5.2346456219184242e-10,17,1,1,1,0,0
2014,2,-4.6037418671185062,0.50664780743614479,-1.4802503317971742,5.3169204535932746,-4.2788891118633199,1.4781190617014157,0.0458424359928,0.152268963528,7.0649114488235938e-06,0,3.5324557244117969e-06,12,1,1,1,0,0
2015,2,5.2376363550723752,-0.77294968545179543,0.835071312621952,-2.5844807486652663,-0.26807380502463779,-0.09426099975917987,0.113153392722,0.175518822764,9.3971090253637187e-06,0,4.6985545126818594e-06,28,1,1,1,0,0
2016,6,-0.047718135671878832,0.54235636580186841,-1.4713374341708054,-3.5083151369234264,5.0918397370980708,1.842734573409208,0.0267158148266,0.148856748799,6.7505275526915931e-06,0,3.3752637763457965e-06,24,1,1,1,0,0
2017,6,-1.8697635496850222,-3.0446636560219753,2.3203970346548974,-3.8030636133252624,4.6940178865556952,-2.6632122260323197,0.0261565760012,0.0177149540385,9.6279082258789216e-08,0,4.8139541129394608e-08,15,1,1,1,0,0
2018,6,1.2455424693899655,4.582911340795178,-1.461460337225545,3.9004710234168543,-0.94004328443879281,5.5789907239539875,0.148375366632,0.034681038993,3.884013037293252e-07,0,1.942006518646626e-07,27,1,1,1,0,0
2019,13,-2.9988027091475327,0.16759081760700717,0.76579516423608096,5.2734873120618078,-4.6771653088977496,1.6808918311744252,0.0169118052564,0.826042123102,0.00020785463877539423,0,0.00010392731938769711,38,1,1,1,0,0
2020,4,-2.2978402384251275,2.6057075878697917,2.5853574245395894,5.1945863645593811,-5.2000909091733405,0.85114256094160978,0.0586503976024,0.000444928108405,3.5001715145496665e-09,0,1.7500857572748332e-09,32,1,1,1,0,0
2021,7,-3.4547367940674523,2.9797212139329945,1.9647405073426554,-2.2599615462366627,-3.2466429776915069,5.52373760853225,0.560414494818,0.0626173176087,1.5084475180300987e-06,0,7.5422375901504936e-07,7,1,1,1,0,0
2022,8,-3.6512432264840728,-0.43480616487209417,-0.27321410099686327,-1.3205003907641604,1.8369100005735755,3.3880261515191843,0.0512752177495,0.402494234333,4.9351141182771944e-05,0,2.4675570591385972e-05,19,1,1,1,0,0
2023,12,-1.1803307008078441,-0.40195544455879961,-2.2930555362041782,-0.74019274967815785,-1.6626516700996088,2.1238503026208355,78.552860708,0.667143384446,0.0063061311365904182,0,0.0031530655682952091,60,0,0,0,0,3
2024,15,4.2809969153020173,-5.7065298193762359,2.8825218951188782,-2.4520765960102398,-1.2994363387149168,-2.6940752410803088,0.864312738326,0.0026785571891,7.492220386741393e-07,0,3.7461101933706965e-07,21,1,1,1,0,0
2025,1,-3.815963888396797,-2.4975864900163507,-1.2037428832646948,1.9355282495785917,-4.6590129558059896,2.6405633608409831,0.134659572794,0.0440697718379,6.0974433528075125e-07,0,3.0487216764037562e-07,12,1,1,1,0,0
2026,14,-2.2283321940796532,-3.2428577418498281,2.554359977159693,-2.3232760584203755,-1.8843133602708597,2.0914494676671436,0.667699243607,0.0651382877803,1.7383129365530781e-06,0,8.6915646827653903e-07,16,1,1,1,0,0
2027,0,2.2676038456518883,2.2131787645566865,0.11241046122812984,6.082949456988767,5.3712261240202599,-1.4642530278277943,0.0284648492751,0.508034934483,7.8622412357621743e-05,0,3.9311206178810871e-05,53,1,1,1,0,0
2028,5,-1.5344604104508162,-4.1709463700337475,-1.0421235325013691,-4.248181657751779,4.7016805296120676,-3.1680191787405239,57.7569798735,0.100358771072,0.003338936795094925,0,0.0016694683975474625,60,0,0,0,0,3
2029,5,-4.944925409449926,0.33992490489908284,-2.8681214572966645,3.1021306559284123,4.1130403915039064,5.9297044830057697,0.228510877839,0.774610215802,0.00018282906192392223,0,9.1414530961961114e-05,35,1,1,1,0,0
2030,14,2.2734891313529455,-2.5057126154601876,2.0870737225086691,5.0733800107021585,1.3897165152628066,-3.6887992568016523,0.0441194711178,0.00362248518544,5.9438390317564167e-09,0,2.9719195158782084e-09,23,1,1,1,0,0
2031,15,5.2156298839140867,-2.2057310794924274,3.0300024942882002,2.9804118260753176,1.7474248464878341,-0.31003756526237897,0.706852627621,0.00793832721343,5.188367249812354e-07,0,2.594183624906177e-07,30,1,1,1,0,0
2032,0,-3.7962317306596409,-2.8428982035191694,2.3237991770902671,-4.0899462321676188,-1.5240931389460426,5.4296475061081777,0.0348094500677,0.000167305678394,1.220224418095098e-09,0,6.1011220904754898e-10,60,1,1,1,0,0
2033,14,5.9464459430144894,2.0428634016808749,-2.9646945059671332,1.2148177624523424,-1.5507666321237779,1.4918998598676758,4.97827833403,0.0102665264085,2.4815362323689134e-05,0,1.2407681161844567e-05,14,1,1,1,0,0
2034,13,0.76707788617610229,2.947655183281134,-2.3465498316546616,1.2304228180148797,4.6296681043640966,-5.120140141799018,0.0152053295849,0.000716955166296,3.8778292879684316e-10,0,1.9389146439842158e-10,22,1,1,1,0,0
2035,6,0.50307481305719981,-4.3624192611788306,2.5263157747628346,-5.9557669886067055,-4.1992151347705535,3.7972080604060965,0.212252213933,0.0605570090317,1.162129182350926e-06,0,5.81064591175463e-07,16,1,1,1,0,0
2036,7,-4.7734399595544632,-5.7575211090100966,1.458158587401206,4.2811686908215325,3.9244684028757431,-0.72903414172569725,0.173918005655,0.00172608780756,3.1155043470986325e-08,0,1.5577521735493162e-08,13,1,1,1,0,0
2037,3,-0.81773674436340105,4.018535293371901,-2.5567411066113146,-4.6650812520087115,-1.6366762570836324,2.148871169239583,0.103026291104,0.107822068002,3.5519741889870975e-06,0,1.7759870944935487e-06,15,1,1,1,0,0
2038,14,0.086074905969141344,-0.78975610688111397,-2.4051419399465099,-1.8751683507627708,-0.45334797513632491,-3.9657763029637358,0.0932253225548,0.00298960167246,1.1413545410122705e-08,0,5.7067727050613525e-09,25,1,1,1,0,0
2039,1,-3.4094168386625863,1.0081832393748864,0.77826446533919158,-4.3313952276783976,-4.0003737592588768,-2.5961405760098639,0.389184890564,0.00790728299936,1.7051112111929766e-07,0,8.5255560559648828e-08,32,1,1,1,0,0
2040,2,2.2569366571640628,-0.48740165003280339,-0.76751950412662517,-1.8237215870125503,-5.0553746089022207,-1.1441601355489763,0.0977674067911,0.157030829422,7.5210223659056656e-06,0,3.7605111829528328e-06,13,1,1,1,0,0
2041,5,1.1102565118235999,-0.051164310691318438,2.3056711842060742,-0.26643104220030323,5.8742735759513351,1.3912231048831443,0.0543771657243,0.0682453596932,1.421690917422685e-06,0,7.1084545871134248e-07,12,1,1,1,0,0
2042,15,1.2284266038061238,-4.5156171565035539,-1.7440469123831175,-2.3617877294432126,-4.4463062912426867,-1.3759176003415454,0.0403168518414,0.00298580746055,4.3411269105342921e-09,0,2.170563455267146e-09,21,1,1,1,0,0
2043,10,0.97145976688044333,0.88560684616995133,1.3825914771980925,5.8155212734864605,-1.379400934292158,-5.3406412358615016,0.46291595961,0.033727238879,5.6080161640929906e-07,0,2.8040080820464953e-07,25,1,1,1,0,0
2044,11,1.3941149856175938,1.6937089059115993,0.82452756882257994,3.1403948003111739,5.3782614123216579,-3.4471372320482345,0.450565736921,0.332835887337,3.3948444360661949e-05,0,1.6974222180330974e-05,15,1,1,1,0,0
2045,9,-2.1488006076002901,1.6177152199807754,1.9453639109490819,-5.3301627464518351,-4.5077808845187635,-5.5990811318262903,0.0250817212798,0.035258549734,3.7931890773636835e-07,0,1.8965945386818417e-07,16,1,1,1,0,0
2046,7,0.19906621679842029,4.4637406066042864,-0.47021106981016914,-1.4584850909297158,5.8973494289305517,-4.8317073127154107,0.531647645107,0.000770270933547,2.8282995333655122e-07,0,1.4141497666827561e-07,38,1,1,1,0,0
2047,9,4.6672646392161266,-3.1179978973089635,1.2201309984157314,3.617039848822591,-2.512615015922711,-1.9114881510453698,2.0082761924,0.0866420343351,6.3198881403851645e-06,0,3.1599440701925823e-06,6,1,1,1,0,0
2048,10,-5.3847571302349886,2.1695984624194469,-1.732435382429528,2.7016843693891972,5.7612033047017217,5.2677205437438737,0.302367542099,0.0425601564868,6.4320004802790805e-07,0,3.2160002401395402e-07,26,1,1,1,0,0
2049,1,3.6108424604588074,0.90473888300658389,2.2583619111734796,5.5852532578298693,-1.854804131523911,-1.668585621175128,0.0171034205798,0.0637684718386,1.2389942861222344e-06,0,6.1949714306111721e-07,32,1,1,1,0,0
2050,2,-1.6732270594950023,0.37017147889590152,-2.7054619327620162,4.1637737534780133,5.0823676685772128,3.5235961790514332,1.36605751473,0.0278966735195,2.1031738402992004e-06,0,1.0515869201496002e-06,53,1,1,1,0,0
2051,12,-0.77587322922484769,2.0215865396885651,0.63074670064036165,-3.3475260570289613,1.4868960261591424,5.2802954440170291,0.234749494253,0.00147568456921,5.5770673637329402e-08,0,2.7885336818664701e-08,25,1,1,1,0,0
2052,0,0.77497700229579281,5.0456534627318002,-3.0552049974171918,-2.364956584133465,2.2616239112307723,4.1831973832409899,15.226736401,0.0667137149439,0.00023320926819643211,3.7496496295321177e-07,0.00011661588304710466,60,1,0,0,1,2
2053,12,-3.1000860535760308,0.26074093165305273,1.7527015080886317,1.9825360135114269,1.703679712101325,-4.2512185456742646,0.0202128406435,0.272567672734,2.263139202200722e-05,0,1.131569601100361e-05,11,1,1,1,0,0
2054,10,3.6352052539201889,4.9853648919463405,1.4475165222889397,-4.0166603401242247,5.046995845876415,-2.717676498192886,0.0275826839626,0.00149006788026,1.4371472086336512e-09,0,7.185736043168256e-10,12,1,1,1,0,0
2055,4,-0.43222197125990874,-2.6565982453303416,2.6631736086949411,4.5037662085854793,-4.1830581892847292,-0.30753917274678894,0.0667735312066,0.568052111054,9.8299382763016298e-05,0,4.9149691381508149e-05,31,1,1,1,0,0
2056,9,2.8165560749507361,5.4862734378366014,0.54460805336694429,5.3268926922978519,2.549027881115058,-4.4326913501816811,0.916167553752,0.226189912725,1.6424161833512476e-05,0,8.2120809167562381e-06,10,1,1,1,0,0
2057,6,1.5302174883009088,2.348837525123157,-1.0427903703958605,4.393739464782934,0.63692484416711148,-3.7069910989820105,0.0517095458955,0.00445894434108,8.7303369205114861e-09,0,4.365168460255743e-09,10,1,1,1,0,0
2058,0,-5.9652422677629389,0.80874102448392138,-0.2012430043644676,0.41629344847382704,5.2120999542434232,-4.6400648939343512,1.01087980594,2.38680434752e-05,1.0218781555834096e-06,0,5.1093907779170479e-07,20,1,1,1,0,0
2059,13,2.3951269618998383,1.5900147519062726,2.7484999712863312,1.7335718983791253,-3.0171027284993297,3.7090133335450126,0.240305123414,0.0266027720958,2.7332657982903419e-07,0,1.3666328991451709e-07,16,1,1,1,0,0
2060,9,-2.3179217402977108,-5.3402797622234051,2.2955634441844999,4.6426323475594025,4.3702918427127164,3.7995419385162608,0.143362762131,0.0650689084776,1.3102917205495414e-06,0,6.5514586027477072e-07,24,1,1,1,0,0
2061,4,1.917335242370295,1.0564454154634881,-0.97819836136231797,4.6238656755772318,-4.7502658411913474,-3.4245945426770699,0.0220599321953,0.000332691632594,5.2035679838881653e-10,0,2.6017839919440827e-10,24,1,1,1,0,0
2062,5,-0.91481462759747678,-3.7856611712231945,2.1287956329302453,-2.9832562005850112,4.3908821712876707,-3.4828459787763069,0.0476655403488,0.00501219441568,9.9246308435683533e-09,0,4.9623154217841766e-09,18,1,1,1,0,0
2063,15,-0.13331963296170399,5.821307697742351,1.7147347471462284,0.1755162664349908,4.3052226988309412,-4.532644128131011,0.0394289385524,0.020215414319,1.2604050253425479e-07,0,6.3020251267127393e-08,13,1,1,1,0,0
2064,2,3.0952478050132632,2.5361879550019264,-0.78392082774465821,-0.99078995400078929,3.8260747635446628,-2.5424020675409471,0.444487169092,0.803762423118,0.00019699078901432528,0,9.849539450716264e-05,25,1,1,1,0,0
2065,15,-1.8923868738127927,-1.851807912152478,0.66737352397892225,3.4814362295683523,4.303003536486953,-2.1216658243361857,28.4715868366,4.06847701594,0.0058528126909219826,0,0.0029264063454609913,60,1,0,0,0,2
2066,9,2.3155687622655696,1.3201424588550135,1.6627917268472683,5.7532772610125864,4.8506588345406465,-1.2402555190369218,0.0151509020756,0.554445571307,9.3642637528244967e-05,0,4.6821318764122484e-05,21,1,1,1,0,0
2067,6,5.4391638741490169,-4.5349736287077587,1.8818262434229491,-3.1344200696034825,5.6484631100312503,-2.9760972663128258,1.30374680616,0.077332305047,3.5214548438856092e-06,0,1.7607274219428046e-06,20,1,1,1,0,0
2068,3,-4.2272970901321152,2.5199913728119538,-2.0414678993137247,5.4911929472912826,2.6909094012364947,3.1557340856527891,0.0682427805518,0.509652909757,7.9127840332377701e-05,0,3.9563920166188851e-05,23,1,1,1,0,0
2069,4,1.9014233677533963,-4.8429133837138503,-1.3817706199249422,5.212188520294406,-5.309632814507534,-3.6404255579226872,0.0499527275567,0.132072409359,5.3159738826823032e-06,0,2.6579869413411516e-06,19,1,1,1,0,0
2070,3,-4.143711504300672,-3.4263230360368531,2.5841663936015649,0.12912437253676057,-4.5309603459470642,-3.9122273566177497,1.8879522627,0.0388434409281,4.0239744397109157e-06,0,2.0119872198554578e-06,39,1,1,1,0,0
2071,15,-3.269042440827703,-5.4363454349389819,2.1641379358187698,5.0153928816977205,-1.7172557917046887,-1.6522052546940875,0.0478121205364,0.0402074235024,4.9474176151333688e-07,0,2.4737088075666844e-07,14,1,1,1,0,0
2072,14,2.1734737181804689,-2.9076422448682271,-0.33961730668511259,-4.1389529416631214,-4.185270637716962,3.2025756588512384,0.235981259957,0.0321364891061,3.7028199311238368e-07,0,1.8514099655619184e-07,16,1,1,1,0,0
2073,12,-0.752517132114495,-4.6977965763712541,-2.8892206679320327,2.2872461160314841,4.7624749704757727,1.7504752210110195,3.63859957879,0.295364960656,3.9814370715915616e-05,0,1.9907185357957808e-05,23,1,1,1,0,0
2074,6,-1.0133780382155793,-1.6750395370989075,0.95320257552487297,-4.1464348292394746,4.2352148200688902,2.765320510823337,0.276868447342,0.000145640396687,7.6662598411585989e-08,0,3.8331299205792994e-08,19,1,1,1,0,0
2075,9,1.2446142255704,5.1528168609478291,-2.2980654981509714,3.2909259757584803,5.7757653981133625,2.6687029667788922,0.157247496956,0.199657010293,1.2167667146697518e-05,0,6.0838335733487588e-06,17,1,1,1,0,0
2076,8,1.8758553011359631,4.1823949893421251,0.89325434865254372,1.3545266217150029,-1.8340467530876285,5.3615770144037258,0.484979765878,0.0322111452855,5.5126357777880437e-07,0,2.7563178888940219e-07,21,1,1,1,0,0
2077,6,0.1302244385125042,-4.0584216144684637,-2.5800846884858508,-4.7501394845600773,-1.9552502225426931,-4.0269436718765146,0.692897561636,0.00497942571704,4.8765992251048219e-07,0,2.4382996125524109e-07,29,1,1,1,0,0
2078,10,-1.7508957347959042,-4.692117226553882,-1.8089451340978524,1.0001101450911112,-2.8194261741594193,3.5713225048643062,0.0367469995735,0.138865491173,5.8754783235631263e-06,0,2.9377391617815631e-06,51,1,1,1,0,0
2079,15,-5.0338610264801833,-2.3431473993081546,-1.3330545319192471,1.9994527917965628,-4.7799453541995405,-2.762705551572346,0.327836242746,0.0105922252706,1.4165322541676117e-07,0,7.0826612708380587e-08,13,1,1,1,0,0
2080,14,-3.8054928551121043,-5.5564060023202524,2.5590426906264967,3.3961935955718721,1.0164266325342117,0.92359366333984849,0.206309775704,0.0117157998377,8.4375500184382688e-08,0,4.2187750092191344e-08,17,1,1,1,0,0
2081,2,2.861265293766587,-1.3507268844586773,1.9345208586019829,6.0924670945071151,-1.4320491485499216,-0.82685984814858471,0.0564028187209,0.00439549488583,9.0666008302254256e-09,0,4.5333004151127128e-09,37,1,1,1,0,0
2082,8,2.343086794623316,1.56894184587378,2.2125304545959392,-2.1485596940204381,5.1562097545724814,-0.34717723821331214,0.0624420918997,0.0108865683366,4.0001470334843062e-08,0,2.0000735167421531e-08,24,1,1,1,0,0
2083,4,0.4957753286779446,6.176057671595828,0.75223511855970737,-1.7530367089625356,-4.9803741946555915,-2.0956486303353286,0.0372955955645,0.154763720155,7.2975292414878441e-06,0,3.648764620743922e-06,15,1,1,1,0,0
2084,11,4.8228448062137153,-2.6931147367718573,2.1689144569414665,0.36579539696242502,1.6198708063761564,5.2169412313847188,0.4057177475,0.23796032692,1.7413603983514682e-05,0,8.706801991757341e-06,54,1,1,1,0,0
2085,7,-3.4389865607491386,-1.9350077607259304,1.133697071185745,-1.6358123934737776,-5.290471447883176,-0.56937859556821413,1.6483431742,0.241102874746,2.0424627448391146e-05,0,1.0212313724195573e-05,10,1,1,1,0,0
2086,0,-0.21302440301181708,5.4218093630273136,-0.87057931526286181,0.76821389729776579,1.7475239008616492,5.1893888904672991,0.0517666309361,0.0210213749783,1.3728967539166157e-07,0,6.8644837695830785e-08,29,1,1,1,0,0
2087,9,-3.3611235913880511,-0.7943531982767752,-1.2143726415569127,0.32117506310616167,1.8215874651113997,-4.2490120884277465,0.132769587738,0.0120897549057,6.2151307644969585e-08,0,3.1075653822484793e-08,60,1,1,1,0,0
2088,13,-4.0592581013149713,1.8914515099679605,-0.80427341179254208,5.692429020035604,5.001689292141446,-0.31862586257126257,3.58887035062,0.0637494987284,1.4117955157461871e-05,0,7.0589775787309355e-06,14,1,1,1,0,0
2089,10,-3.7171185174001673,-4.4153446379382455,2.1970148787818595,-5.302456016308569,-4.512080451086387,-3.8547136791938339,1.3067960182,0.132596357564,7.0634365686727945e-06,0,3.5317182843363973e-06,15,1,1,1,0,0
2090,15,-1.0721359003105235,5.0695841127739572,-1.9419953073512017,1.5758114125412566,1.4420587534009723,-0.37093054716520713,0.415690095719,0.104009645788,3.4681514576218718e-06,0,1.7340757288109359e-06,36,1,1,1,0,0
2091,2,-1.820216848444745,-3.0764903032811604,-2.0268752005143784,-2.6694675582297691,1.4104573143220955,0.4842464466455525,0.0913256917539,0.0167153525389,9.3451406113338565e-08,0,4.6725703056669282e-08,10,1,1,1,0,0
2092,2,5.417319129617078,-4.3864850056256142,-0.35890445352242634,5.4332314334167684,3.5792596303224755,1.0756198014534251,0.738733451555,0.0240644876586,7.2213092812312587e-07,0,3.6106546406156294e-07,52,1,1,1,0,0
2093,7,0.93941703765191997,-6.1533939396478301,-0.18412705922412498,-1.9985955706323046,2.8449827688486709,-3.1262320838638598,4.35308226559,0.325091780825,5.1142715466776833e-05,0,2.5571357733388417e-05,22,1,1,1,0,0
2094,11,-1.7883121708746059,-5.6286316504062919,-1.8023046933251767,-6.0649235007273603,-4.1508395219338601,-5.4259956289579216,0.0830085459661,0.00128187532302,7.3909673707841704e-09,0,3.6954836853920852e-09,11,1,1,1,0,0
2095,0,-3.4871329001314657,-2.8417351072076689,1.2268272808141116,-0.25144442687487578,1.1010071420684024,2.1042121332365866,1.12768361993,0.385449044978,4.652897474829968e-05,0,2.326448737414984e-05,21,1,1,1,0,0
2096,6,-4.3642484885163517,-0.027623341814582099,-2.7681905612416586,-0.13782255395122975,1.7755584312080321,4.5281717051016122,0.850233850934,0.00637249554711,7.3526771853603726e-07,0,3.6763385926801863e-07,18,1,1,1,0,0
2097,5,0.12690751811276779,-3.503396309785805,-2.5499577501898001,-1.6337761792421508,-4.1283069972419364,4.1458362402813851,0.235475324845,0.0277749191993,2.9044456022507171e-07,0,1.4522228011253586e-07,18,1,1,1,0,0
2098,6,-3.1964258382046151,-0.34024182765293076,0.84660434506043758,-1.0015768604797224,5.0113421314654074,5.3690222825847185,1.31215569226,0.0903330849397,4.2074508824440107e-06,0,2.1037254412220054e-06,37,1,1,1,0,0
2099,15,-1.4352755571543592,3.0622669616117109,2.1981144509292889,1.7332565262966604,-0.66848575305196145,-2.0135865758785889,0.0543947242777,0.0179439964564,1.0104163786357982e-07,0,5.0520818931789911e-08,6,1,1,1,0,0
2100,1,5.523017165390435,-3.6387036949471745,-2.3120898967359298,0.9720952355870125,-2.6185350187583802,2.7166212836099008,0.0654097963678,0.448622762886,6.1312306366659769e-05,0,3.0656153183329884e-05,10,1,1,1,0,0
2101,2,4.8272370848780524,5.9875798437521359,0.37029838879411486,4.4534492059610455,-4.6024650790001065,5.9730739646950859,0.486872683998,0.0478290013225,9.338918919045488e-07,0,4.669459459522744e-07,11,1,1,1,0,0
2102,12,-3.9068440860504285,2.572471350453021,1.0052697785756752,0.12161325433507475,-5.2351533867136899,-2.9403186265048604,0.0696886548338,0.00311177262604,7.8061583462790444e-09,0,3.9030791731395222e-09,13,1,1,1,0,0
2103,9,-3.4813928614317473,4.7933599724513476,0.38488955327459906,-2.2664746500618769,1.7482157465893962,-5.0605316805418212,0.614564707221,0.00212494645031,3.7906524807204374e-07,0,1.8953262403602187e-07,9,1,1,1,0,0
2104,5,-1.645340764096755,-0.60407621105002107,2.4525656685516828,5.418794083292104,-1.4227681032554527,-2.3609227061773406,0.111871872759,0.0827319983355,2.0974946959996422e-06,0,1.0487473479998211e-06,11,1,1,1,0,0
2105,7,-5.9974856435093029,-0.79587530855449284,-1.215268463006421,3.0904645215930335,-1.6293661920155817,1.7888916253842948,0.0575645965322,0.00272204633579,5.5707565894793057e-09,0,2.7853782947396529e-09,27,1,1,1,0,0
2106,14,-3.3431954323594142,1.2795307455900202,-2.3967735175910558,-0.27316248525431741,-3.9696332778332462,1.7824586365203707,0.0258031157415,0.00820403867183,2.116845715360664e-08,0,1.058422857680332e-08,35,1,1,1,0,0
2107,8,-0.071656515039285607,-3.9156388971698104,-0.83233337788848827,-0.1563347369348537,-1.388106149056908,1.289708479298183,0.0851281913804,0.0151589767514,7.7246239835566989e-08,0,3.8623119917783494e-08,16,1,1,1,0,0
2108,4,6.110240894588717,1.3694796573731911,-1.7698070363543426,4.7902542319607235,-4.2514164329220359,-2.016624880419168,0.395128772695,0.0543726316482,1.0566925304109768e-06,0,5.2834626520548839e-07,13,1,1,1,0,0
2109,6,-3.3526087960165141,-0.55823769658338829,2.4429708066730718,-3.2634623113516481,2.3543922097382919,-4.94935965207923,0.0733559375061,0.0311072480955,3.001474553024081e-07,0,1.5007372765120405e-07,16,1,1,1,0,0
2110,14,-0.11584323773709408,3.0999258423961451,-1.5633314203189164,-2.6347280815836331,-4.54528960390466,-1.0144404105083153,0.905897809405,0.0741208156165,2.4941870542812311e-06,0,1.2470935271406155e-06,54,1,1,1,0,0
2111,5,-3.3503348896354535,-2.2796118234326763,-2.4970842047441519,4.0168058605037125,-3.8956012137778582,-5.4345556691155883,0.00802145603906,0.236657560419,1.7060711525466336e-05,0,8.5303557627331679e-06,12,1,1,1,0,0
2112,5,-1.8325473288190117,0.97236102663128188,1.8672378250951362,4.8842965514912704,5.3688229204837468,-4.2951385293824966,0.0319842796406,0.0179970707481,9.9686917926832121e-08,0,4.984345896341606e-08,17,1,1,1,0,0
2113,12,-3.9999596223913438,-2.7771026389470226,-2.2521320740336912,0.047849023255645405,-0.76354285077241391,5.2471849545345801,0.0343473362072,0.0415390581675,5.2679507268899004e-07,0,2.6339753634449502e-07,15,1,1,1,0,0
2114,8,4.2061414360299789,2.7646669203472598,-0.014234754726063725,0.14540906296228662,-0.72108691009550485,3.0202744370209706,169.785554775,0.229250302126,0.028843143992377408,0,0.014421571996188704,60,0,0,0,0,3
2115,13,5.0284902472199153,-2.329550124026055,-1.679797729736588,5.7947231993078274,4.3621449847314686,2.3899043027514404,0.0469552427933,0.00453139867915,8.4596791534175931e-09,0,4.2298395767087965e-09,8,1,1,1,0,0
2116,4,2.9235291537157755,-1.1580087068642819,0.31834143114837948,1.7106521644962427,-1.4999219935277093,-2.1797353115448947,0.831223841651,0.00885919423098,7.1484107133567189e-07,0,3.5742053566783594e-07,35,1,1,1,0,0
2117,4,-5.2018249363243756,-0.82295246782802289,0.55872113629266451,1.4248684449549138,-5.1514692012371164,-1.5957255453845838,1.52443222653,0.212034912333,1.6019128499049502e-05,0,8.009564249524751e-06,16,1,1,1,0,0
2118,13,-1.2736917240172525,1.1093715969285693,-1.6427842989437531,1.4780254315771681,-0.44898623314012631,2.0754232695873212,0.457817008458,0.0548796285508,1.127035125346853e-06,0,5.6351756267342651e-07,22,1,1,1,0,0
2119,0,-2.1902234208006877,-1.3797995076158778,-2.1324610873131955,-1.0864103074923939,-1.2172044190929852,-3.0054136203503234,0.0112377860034,0.11684770601,4.1591856242733107e-06,0,2.0795928121366554e-06,20,1,1,1,0,0
2120,5,-4.9312154288879775,-1.0140127456279333,-2.94848174518315,-3.790236634672572,-4.9543422573584195,-3.3236538650989176,0.139076418758,0.0655080787215,1.3265495358018767e-06,0,6.6327476790093835e-07,31,1,1,1,0,0
2121,7,2.0017046398804572,6.1465621092735763,1.6588467240786764,-3.2176523333533327,-4.7550941023403519,2.6830688417013246,0.0468972562895,0.000611166411302,2.313134681043313e-09,0,1.1565673405216565e-09,20,1,1,1,0,0
2122,3,-1.7569460859685038,2.4337351718024758,2.6178246176979529,-2.1709988429447247,3.8218888382467671,3.2325846785505257,0.063586368148,0.00678839439855,1.8080697084279094e-08,0,9.0403485421395471e-09,21,1,1,1,0,0
2123,10,-0.64541250867170574,-0.18108610242978709,2.2281041382399134,-1.1751952202115825,-1.1468598308930866,1.8726097420902952,0.0288043135585,0.00780679625999,1.9394922412642679e-08,0,9.6974612063213396e-09,18,1,1,1,0,0
2124,6,-4.5057784898484767,5.9571615378297835,1.1339729404544636,-2.5728189716732386,1.136395763330762,2.901896801683042,0.623955425486,0.0234157338099,5.5634106547221215e-07,0,2.7817053273610607e-07,26,1,1,1,0,0
2125,9,1.5604005849887157,0.28422552763156311,2.5135490084302043,-4.0300651517981736,-4.8688094853422417,-2.4866132375252974,0.0146832838525,0.447911787729,6.1114076179095528e-05,0,3.0557038089547764e-05,20,1,1,1,0,0
2126,8,-2.7778637506641637,-1.5307868960766575,-2.636934214078785,0.88426743567350963,4.5651084128300328,-6.0722038828909177,0.127184041846,0.131659422979,5.2964761731915217e-06,0,2.6482380865957608e-06,16,1,1,1,0,0
2127,3,-4.0577331314141025,3.4635720591897443,0.5798783604448271,4.2304224941059871,-0.85607707397797983,5.8953359424706822,0.0199929932812,0.289733779488,2.5571710977969928e-05,0,1.2785855488984964e-05,34,1,1,1,0,0
2128,6,2.4276416689163542,3.3864238819911541,1.1724476207871555,-2.8540053864257926,3.9763984481233954,-0.56965231972252195,0.0495107765537,0.0209088326949,1.3562374267332892e-07,0,6.7811871336664462e-08,9,1,1,1,0,0
2129,14,-1.8059582334008815,-0.73796126030915277,1.0580922068542451,-6.1693909761350705,-4.6692966215314797,1.9322502693188415,0.222256327234,0.0814495401042,2.0702382401812057e-06,0,1.0351191200906028e-06,7,1,1,1,0,0
2130,8,1.2958192421564494,0.38700890820239975,0.85114842850992034,-2.6687780511594026,1.9876731771404701,2.8363986939672619,0.313548405863,0.231457901308,1.6417508548626193e-05,0,8.2087542743130964e-06,12,1,1,1,0,0
2131,4,1.7966238757237347,1.0187025978149782,1.2094877376957849,-1.0635414360488267,-0.74931873737749988,-5.8276326258207174,0.125044255837,0.00179495686849,1.6617503692847144e-08,0,8.3087518464235718e-09,21,1,1,1,0,0
2132,1,-1.9947027626471603,5.749231211333016,-2.4677632658332107,-1.9345841356374629,5.0639038376595717,3.6540944553064127,0.0379179755374,0.0522449187601,8.3290062666697857e-07,0,4.1645031333348928e-07,20,1,1,1,0,0
2133,14,-3.2253035373264547,-5.3730165179235057,2.5155450575916478,0.32720751850392382,-2.859820923689854,2.06890693648853,0.023373992922,0.940919675109,0.00026968743634370982,0,0.00013484371817185491,23,1,1,1,0,0
2134,10,-0.79041785802273334,5.8128663510877709,-2.6925263291293633,-2.1987089229315835,3.9192543734860879,0.35971645464715701,0.189823665454,0.368687940731,4.144292187068288e-05,0,2.072146093534144e-05,16,1,1,1,0,0
2135,9,2.3558640552619901,-3.70254249001098,0.978384668530905,-0.28075409947398866,-5.0239068700768748,1.5691945579035462,0.173046123979,0.0221989090547,1.8005785550400672e-07,0,9.002892775200336e-08,9,1,1,1,0,0
2136,5,2.8894709989457428,0.89384538063931929,-0.57947064808176774,1.3176434122784098,4.8687834482934047,-1.2212778051262243,0.0982881125578,0.0112237722698,4.8034142777827521e-08,0,2.401707138891376e-08,33,1,1,1,0,0
2137,0,-4.0411369246333324,-0.4250314747081696,-1.1319326284769538,5.4412701066826985,1.6483634383263841,-2.7908401412832124,0.239044453148,0.0865376631555,2.3383511754933704e-06,0,1.1691755877466852e-06,20,1,1,1,0,0
2138,0,-0.22709627993264944,0.6745754390221762,-1.9726422065467537,-0.84342239025050514,3.2952488463704066,-1.2674858128316915,0.292896612709,0.00355252006766,8.9632819064818731e-08,0,4.4816409532409365e-08,24,1,1,1,0,0
2139,2,3.5684659864783299,-3.9457928060576175,-0.68741039373910162,4.7023892298978254,3.4804606831908074,1.7074481160645016,2.38325435728,0.129479453861,1.0786790737926595e-05,0,5.3933953689632976e-06,17,1,1,1,0,0
2140,9,5.9554682118651145,4.3224818629713848,-1.9296563562277613,-0.97516633614774961,-1.5505641297463828,1.110403988968377,0.0354417278465,0.10958712777,3.6595098454738742e-06,0,1.8297549227369371e-06,8,1,1,1,0,0
2141,10,1.6988811563943991,1.6820690968890428,-0.84882987251843345,0.5139429476578522,-1.5830677912396058,-0.65975168911982407,0.699691918685,0.0263936249757,7.0177241573362857e-07,0,3.5088620786681428e-07,16,1,1,1,0,0
2142,6,0.32793422633803759,-2.3474192961311728,-1.3581978168132618,-2.0955857024702391,5.0772675974024262,2.0273047014675751,0.0633471856929,0.00194123535188,5.1607846028345195e-09,0,2.5803923014172598e-09,22,1,1,1,0,0
2143,12,-1.5886747018622513,5.8632531373400445,-3.047470596137841,-5.9093487148409087,4.3549015553539334,-2.2434604028603746,30.1147728605,0.215696527601,0.00092107186746302825,0,0.00046053593373151413,60,0,0,0,0,3
2144,9,1.1330669235347497,3.9599198604482844,-1.2290082425398046,-2.5455922540869209,-6.1282018053952632,-4.6493957049665235,0.783449315339,0.0239261040183,7.8817364674323408e-07,0,3.9408682337161704e-07,15,1,1,1,0,0
2145,8,1.7152218817209932,-4.2900199033804762,-2.0292633309990009,-6.157801033422885,-1.3705370845016267,-1.0209299567044505,0.703535693674,0.0397812553014,9.7703424399106449e-07,0,4.8851712199553224e-07,54,1,1,1,0,0
2146,1,-2.7598443025583754,-3.7267639599057616,1.037243324304689,4.6319658089928959,5.2149751001714204,4.6204933538934414,0.114186596944,0.326906687978,3.2566887709933441e-05,0,1.628344385496672e-05,28,1,1,1,0,0
2147,7,4.4552920633467714,3.5539465325983977,-1.74961302224298,3.1310701940933576,1.5201111732001762,0.29038404443118637,0.0272862883607,0.00392135683392,5.4286556042580921e-09,0,2.7143278021290461e-09,31,1,1,1,0,0
2148,13,-0.14774966138768694,-2.1299734230699778,-1.4675409636313095,2.1444525370021816,1.4924369688876538,4.7916503124820986,0.0437585094431,0.0105633510698,3.5905354846962574e-08,0,1.7952677423481287e-08,25,1,1,1,0,0
2149,9,4.1397599511815883,-3.3820359498564159,1.1393100594510237,2.9429044718728816,5.014401864361278,-2.9380643851821646,0.0248117317732,0.151528890864,6.9949376496846604e-06,0,3.4974688248423302e-06,31,1,1,1,0,0
2150,11,-5.1743477894714722,5.0351172281798657,-2.4398686964265717,5.6528643858903358,3.7858131813475513,6.0082068245618165,0.82085518675,0.0328054941627,1.001632641031797e-06,0,5.0081632051589849e-07,21,1,1,1,0,0
2151,2,3.2544708818363355,-2.598594881755675,-0.96963176738276879,-1.3720926416867536,5.1273368393503489,4.6467552592971755,0.0661194363174,0.0587617000295,1.0561966583949398e-06,0,5.280983291974699e-07,18,1,1,1,0,0
2152,1,-3.3472731111028842,-3.0732658052834756,-2.5698860000783808,1.4027912957870063,4.4086759008606515,4.2919096373105772,1.45201406448,0.0189007988805,2.2171664308926145e-06,0,1.1085832154463072e-06,9,1,1,1,0,0
2153,0,4.9050031096111226,-3.1396424193835619,0.26950058313041209,-3.9060265622904096,-3.0118322784245128,-5.4300378795189825,2.09719632592,0.0190029854232,4.5082338783538511e-06,0,2.2541169391769256e-06,11,1,1,1,0,0
2154,11,6.1349593196772867,-1.9418434611936495,-2.1144874865005665,-1.8805289542138353,-1.3090810026717641,-2.4973833752680918,0.437707267974,0.0804847320597,2.1648359662480568e-06,0,1.0824179831240284e-06,16,1,1,1,0,0
2155,9,1.7625879299856706,1.2969607798150384,0.15983707901449737,3.2096768129508875,1.517258951038031,2.8460597141588622,3.26690450117,0.385257894999,5.5885092995788964e-05,0,2.7942546497894482e-05,28,1,1,1,0,0
2156,5,4.8717785170158168,1.0929874098669443,2.8084300483929905,3.9642507187194616,4.0073873206659982,-3.7687844866609779,0.277272842395,0.00887230214102,1.0085902558899461e-07,0,5.0429512794497303e-08,17,1,1,1,0,0
2157,12,-4.2638791530468927,1.3104585792284451,-1.1976520765328698,1.227389170341324,4.1514720083495762,0.11645703083780377,0.0974834554084,0.182625416739,1.016911625831973e-05,0,5.0845581291598652e-06,17,1,1,1,0,0
2158,0,3.5525600946639613,3.8033897976275068,-0.71675527013809093,1.0155595801229893,-2.5836702462139374,-0.62893580841330476,0.0422587758537,0.0967215723099,2.8515008200917469e-06,0,1.4257504100458735e-06,19,1,1,1,0,0
2159,15,-3.1087199597336328,-0.41578239986286386,-0.55010622489313632,1.4482348879851488,-1.3080673788036936,-0.40581102031700866,0.266192357381,0.0202313760151,1.9554089328256717e-07,0,9.7770446641283587e-08,9,1,1,1,0,0
2160,4,4.5198246808611646,4.3241839590425624,0.63674089705831882,3.1696057154767363,5.1794757438112802,4.1909608509430258,0.252054277454,0.0225499828953,2.1842984329937569e-07,0,1.0921492164968784e-07,11,1,1,1,0,0
2161,14,-4.7890409853514928,-3.7429751698738487,-0.23144930741961248,-0.44083580368348363,-1.4828386526416319,-5.4500983342900922,56.525608316,0.025378715616,0.0031953405932378539,0,0.0015976702966189269,60,0,0,0,0,3
2162,2,6.1087041799839286,1.6146675778720045,-2.2950771029210513,-4.4814168762588071,-1.3003376066852996,0.79911805385172308,0.0808390692821,0.0924297299499,2.6089592432855818e-06,0,1.3044796216427909e-06,16,1,1,1,0,0
2163,14,2.5861703930157951,1.0484782219829212,0.88903274661790532,-5.5129550362943283,-4.4178516548986897,-4.1676578876029478,0.357402343307,0.047946680578,8.280166018304882e-07,0,4.140083009152441e-07,15,1,1,1,0,0
2164,14,-5.0768144413979153,3.9818105631034943,-1.3503070812376843,-4.6008770628180535,1.5799213739910667,3.5201926219887802,1.20006052997,0.016597096537,1.524056290774064e-06,0,7.6202814538703201e-07,19,1,1,1,0,0
2165,10,-4.4874754802239476,3.0636604194935573,2.5911528235555483,-6.2710725730475181,1.6645739401142436,-4.0917471346754315,3.22757652266,0.348163170082,4.7342240622453239e-05,0.0056081025891743103,0.00019191419798645593,51,1,1,1,1,0
2166,1,-4.9222816675555761,5.6952816135860216,1.5018971999901318,-0.80737404009643532,1.5750001352662772,-3.585801138639666,0.0490186662292,0.00426254257762,7.937505549933139e-09,0,3.9687527749665695e-09,14,1,1,1,0,0
2167,8,3.2005953441434443,4.0391964785110757,-2.0850832969753461,-3.6457917101246076,-4.7846589609982351,1.395222941745373,0.0464054481974,0.0100457490564,3.2894564348337387e-08,0,1.6447282174168694e-08,30,1,1,1,0,0
2168,4,0.23011324347310153,2.7497197602451244,2.911367897092533,1.7097212280940703,4.2999118119431294,0.72141007280997449,0.136609338277,0.00808431093957,3.8570712787284066e-08,0,1.9285356393642033e-08,11,1,1,1,0,0
2169,6,-0.21309867913259523,2.9064394933546791,-1.6262299741393293,3.0525152743439152,-4.484944334745161,4.9496800880882192,0.310385096076,0.101205769266,3.2164156472697431e-06,0,1.6082078236348715e-06,57,1,1,1,0,0
2170,9,1.2965273186377044,0.6255538883577606,-2.4958641858370259,3.5303478915464983,5.897019243298069,0.24954372457543111,0.0335933308716,0.00361175263085,5.1021721183774884e-09,0,2.5510860591887442e-09,28,1,1,1,0,0
2171,3,-1.5886111463202754,-2.6508605533598359,-2.6833330496908729,-1.242917887034876,-0.3275963703481608,5.3656916923937121,0.195048783969,0.0237641430555,2.1007199290915826e-07,0,1.0503599645457913e-07,30,1,1,1,0,0
2172,2,-1.384613160985706,5.1171371729835213,-0.45342769490315454,0.98438062426586992,4.1199933476910537,-3.9219532830027619,0.959394221692,0.16372264293,9.0857388317552858e-06,0,4.5428694158776429e-06,8,1,1,1,0,0
2173,12,-4.2286309550613463,4.8740430336693992,-2.6905678239883906,1.8417058148911758,-1.8056516948588062,3.1443859122118982,0.228659436652,0.00554524029197,6.1652029165172683e-08,0,3.0826014582586342e-08,13,1,1,1,0,0
2174,15,-5.7421989537134701,-0.98056491536411006,2.4889207934226545,-0.4212124273563938,4.467841150168792,1.0909071542695024,0.0749286415956,0.00396662295639,1.0407181568748258e-08,0,5.203590784374129e-09,28,1,1,1,0,0
2175,9,-1.4308427208444796,1.4116174178280281,2.2918987182783837,-1.6179273262722706,4.9814119946621496,4.2530001156641815,0.0867231555771,0.279107588138,2.3737536462672529e-05,0,1.1868768231336265e-05,7,1,1,1,0,0
2176,14,4.91173568413436,5.6122755741220898,1.1684757352976758,-4.9374046016130819,-3.2690636320639164,-3.4873956909160975,1.8135468009,0.016778522517,3.3747075349861984e-06,0,1.6873537674930992e-06,9,1,1,1,0,0
2177,10,-1.3840650166915318,3.5135151726134803,-2.7373811788237807,0.69173554388177183,-1.7174641005056577,-3.714453234400164,1.12505699031,0.0970307410541,4.13371548864698e-06,0,2.06685774432349e-06,19,1,1,1,0,0
2178,7,-1.8424643025047873,1.1598512564908443,-2.0407849328896894,-3.9964401617223517,-1.1098109676273014,2.7999927439416568,1.17437790014,0.013443149494,1.4342133849341232e-06,0,7.171066924670616e-07,33,1,1,1,0,0
2179,9,0.21265335411167205,3.6436392842671097,0.23479798258146523,-1.653252939048905,-2.1116644425680091,-5.3227578536784081,37.1450884888,0.000473755977238,0.0013797576672073173,0,0.00068987883360365865,60,0,0,0,0,3
2180,13,4.8788533174585922,-0.70683804015814078,-1.5154916985140547,2.1908219605223036,5.2713597986210523,-1.7883382223120705,1.03192855114,0.0756306417242,2.8072863382573735e-06,0,1.4036431691286867e-06,22,1,1,1,0,0
2181,9,-2.4260811828385025,5.8191451778102312,-2.6153201856047912,-2.4426496591751476,3.3472455019719454,-1.533707324686038,0.0081584357502,0.231852092949,1.6374895676818008e-05,0,8.1874478384090041e-06,16,1,1,1,0,0
2182,11,-5.9749777232160159,1.1236497305416926,-1.320873793500271,4.9172377792933757,1.6835799986549391,4.431365344577495,0.0487237076515,0.0132229411267,5.5635189473858413e-08,0,2.7817594736929207e-08,44,1,1,1,0,0
2183,6,0.067823981242913431,-0.88270377632806951,-1.7592656483552469,-1.8920883936351363,-1.6657528043759222,1.70466020017273,0.0518854110623,0.0252815653421,1.9739061842536479e-07,0,9.8695309212682397e-08,18,1,1,1,0,0
2184,2,-6.055971530875027,2.1427189960178477,-3.0142215913905295,-1.1592347932298503,-4.7441780212380129,4.2680898626131745,0.426823503407,0.0108832774682,2.1825893524584866e-07,0,1.0912946762292433e-07,17,1,1,1,0,0
2185,11,-3.5568558764924032,5.0343861302221971,2.1819144881264494,3.1774660542796327,2.147598828193277,2.1899404230605626,0.0763572293101,0.000389646533796,5.8766748313896241e-09,0,2.938337415694812e-09,53,1,1,1,0,0
2186,12,2.130102060322085,4.8103778149061727,2.5205431144816894,-3.8731315988128885,-5.01173087318901,-2.699076048419744,0.234334636057,0.0838267329388,2.1954353129975274e-06,0,1.0977176564987637e-06,13,1,1,1,0,0
2187,15,5.8297180212921251,2.4256712073805073,0.39346525396385662,-1.4491138747527699,-0.77347125797088367,-4.0114618562480189,0.40971770319,0.00270813968485,1.7010266672461186e-07,0,8.5051333362305931e-08,23,1,1,1,0,0
2188,9,4.9760928661479085,-3.3632937798834925,2.9103737156314962,3.7700828471338514,-3.572011988388712,-4.1880157959691475,0.313127378117,0.0249950399321,2.8835910363372003e-07,0,1.4417955181686002e-07,21,1,1,1,0,0
2189,2,5.0184354973175234,4.7604739601981079,1.4376864815504542,3.9183007385319302,-4.8428781687587099,0.36712406992129543,0.0297146222296,0.008309431593,2.1915772177484209e-08,0,1.0957886088742105e-08,28,1,1,1,0,0
2190,12,0.44265721413838116,-4.8666121738306174,-2.3983808683638932,-4.2673987363306054,4.8747533137621986,0.81225599071419996,0.0319532989328,0.0723422307822,1.5952053167919148e-06,0,7.9760265839595741e-07,18,1,1,1,0,0
2191,0,-1.9468016048910926,4.329862387884913,-2.5576094336429942,3.7120017356681321,-5.0654341317779688,-0.30234663699181169,0.0750711265231,0.00578394059243,1.5826335687863945e-08,0,7.9131678439319726e-09,32,1,1,1,0,0
2192,13,-1.8537308398872365,-4.1185911386679184,1.2978406959017819,-1.7942776509860587,-0.3377119949275153,-2.6413226576299591,0.0562925226032,0.00256325631439,5.1702707354287366e-09,0,2.5851353677143683e-09,30,1,1,1,0,0
2193,6,-3.198326081602858,-3.7102074134977876,1.9868000705558808,4.5279691772744446,-1.7716716380839888,-2.0584225506626175,0.0415174281634,0.0333163898604,3.3984349892119872e-07,0,1.6992174946059936e-07,16,1,1,1,0,0
2194,11,0.30538275205127313,-5.2537809584521282,1.661731297336861,5.0231623173210229,-2.1966374034831873,1.0969551058924876,0.0849867489248,0.0119340292834,5.0606681770837746e-08,0,2.5303340885418873e-08,22,1,1,1,0,0
2195,9,-1.84730382878619,6.031858409918633,2.2703218404675791,2.5111237411967369,-4.6996169737384692,0.31831230517923914,1.00331595024,0.0341807197995,1.362534009106974e-06,0,6.8126700455348701e-07,11,1,1,1,0,0
2196,1,-2.6087103861267074,-2.9464374396152753,-2.8810426951220611,5.4168867055529608,1.7368157015311558,-5.0648789883073571,124.653377465,1.51199115752,0.016234855654592643,0,0.0081174278272963217,60,0,0,0,0,3
2197,2,-2.697057032660644,2.1715913524051396,-1.9768419210201793,4.5291668952977933,-5.734726115535258,-4.4352478195528899,0.313864594448,0.0577766159327,1.1153657696816845e-06,0,5.5768288484084223e-07,18,1,1,1,0,0
2198,2,-1.1523464224474889,0.3487116238541319,2.810079181245106,5.789642005760804,-1.5240109778731172,-3.8342306349000963,96.3984895008,1.3994769726,0.0098892728990374774,0,0.0049446364495187387,60,0,0,0,0,3
2199,6,-1.9221488229777848,-4.7558474284280621,-1.7581765823597484,-3.9614098645752343,4.2746414484368147,3.349265452710978,0.0253662780761,0.000987918852821,9.4074968762599117e-10,0,4.7037484381299559e-10,38,1,1,1,0,0
2200,8,5.4036277724886457,5.5285954125624936,-2.2415282329927115,4.5423840834886411,-1.6219990593839386,-3.4084335111132953,2.86955698316,0.215776296651,2.2417164680356627e-05,0,1.1208582340178314e-05,30,1,1,1,0,0
2201,4,1.2979894428598862,-0.6949834269159394,1.3616703224776034,0.80444014155448296,4.5336272310626198,-0.5671324075416514,0.0074891851783,0.00380397930037,4.4639807079153624e-09,0,2.2319903539576812e-09,13,1,1,1,0,0
2202,3,3.5241412511786363,-1.1747149958944079,0.69992863994339927,-4.2657124862877653,-2.0832502631437286,4.4785148225739233,0.162710962903,0.0129621967099,7.7656232659772172e-08,0,3.8828116329886086e-08,9,1,1,1,0,0
2203,13,-1.3752041376567115,0.92963989986195528,-0.14051624631876758,-2.045778892759595,2.5387148320102524,-6.1629171200144972,37.5816915267,0.000534351461606,0.0014123836249889991,0,0.00070619181249449953,60,0,0,0,0,3
2204,8,-3.8562664299173846,-0.35486167729931911,-1.6049291145888849,3.5617779676871963,-1.7677594707826572,5.2867269403099622,1.20090551368,0.0446801175541,2.0502857388823947e-06,0,1.0251428694411973e-06,12,1,1,1,0,0
2205,3,-2.5820456536899132,1.7432773779430577,1.5896631938731656,-0.61635571361013353,5.4053312516604493,-2.9551026126875626,0.0259626700306,0.0297631477743,2.7051786793703174e-07,0,1.3525893396851587e-07,14,1,1,1,0,0
2206,10,-2.2936058620358288,5.6348398873210854,-2.0610511493810471,-2.2186236972279052,4.0339051097863816,-2.7605619727813591,0.429714426589,0.0587280779938,1.235276053359789e-06,0,6.176380266798945e-07,45,1,1,1,0,0
2207,3,2.8143382455410042,-0.81360083976069442,1.1482792267663946,-3.9034316066574903,5.3663509292788003,4.8705080423147509,0.232277709191,0.182980132304,1.0253070776675817e-05,0,5.1265353883379086e-06,25,1,1,1,0,0
2208,0,-4.216433512644671,6.1811277702382696,2.0554734639904693,-0.61157110960146055,-1.5072193363804294,5.6885939578888367,0.0856022979805,0.00731416007726,2.3623852528638073e-08,0,1.1811926264319036e-08,6,1,1,1,0,0
2209,3,1.9030291261459622,-5.0897332848085242,-0.27299959506731436,-2.7302426906124526,-4.8666484681730235,2.4988017899310524,72.1429443579,0.0356581935759,0.0052049917437366052,0,0.0026024958718683026,60,0,0,0,0,3
2210,3,-0.014340922329637025,-2.3276251159701675,1.4323021992581051,0.60984843106600428,3.9857338358849437,1.18493903799362,0.415907866184,0.858113904899,0.00022448090229165818,0,0.00011224045114582909,15,1,1,1,0,0
2211,12,0.013205948731986182,-0.8288204765500361,2.2234986566318073,-4.2136151660365728,1.284477968813293,-0.62726970760543799,0.353489747239,0.134388817934,5.626453554833107e-06,0,2.8132267774165535e-06,12,1,1,1,0,0
2212,8,1.7320253510966468,-2.6473538282158859,-2.4702885850331224,-2.0707167288202295,-5.2249850070237533,3.4861103003368106,0.145359580517,0.00914481553439,4.6603846966543521e-08,0,2.3301923483271761e-08,14,1,1,1,0,0
2213,14,-3.396437482814072,-2.9454660856327251,2.745437396269176,-6.0883840085369316,-4.66853260957246,1.0416355783651026,3.16054277765,0.00645702193433,1.0001731103723097e-05,0,5.0008655518615485e-06,60,1,1,1,0,0
2214,14,2.9711014738020336,1.2981810375539955,2.598653951676646,1.3669790142123839,1.5504251662643362,1.505901302439083,0.0919627430954,0.0596324364842,1.0916850620836579e-06,0,5.4584253104182897e-07,12,1,1,1,0,0
2215,8,-6.0803049968091498,-1.639632282179353,-2.1007517825854651,-1.2541309248589141,-1.4999529584946028,0.51761184969396479,0.00155693278645,0.0347114590689,3.6703150289007775e-07,0,1.8351575144503888e-07,46,1,1,1,0,0
2216,5,1.5564875398935771,-1.7488890394726093,0.45128823241082094,1.6932496246652249,-3.4883277874862415,-1.9254302124666756,0.617559619757,0.845293598396,0.00021803700476942035,0,0.00010901850238471017,28,1,1,1,0,0
2217,1,-0.050270363209376515,2.7300422929172043,-2.6130955206137148,1.8878873294751566,5.0155991997233373,-3.470369875725738,0.0114675105442,0.100969398899,3.1056511193394112e-06,0,1.5528255596697056e-06,16,1,1,1,0,0
2218,7,-5.5038808723662234,2.6375266136605084,0.024090765589208779,5.5746682633462257,-1.7342973923784588,-5.423626411065217,3.6349505026,0.00082510027167,1.3213072536985342e-05,0,6.6065362684926708e-06,60,1,1,1,0,0
2219,4,3.6845631684969393,0.2918911392460895,2.1033912917772599,4.86098792496154,3.2842482782447635,-3.5644528849250432,0.565453948103,0.310275334693,2.9645495782840293e-05,0,1.4822747891420147e-05,14,1,1,1,0,0
2220,4,2.7639982469335189,-4.9596199267176546,-1.9271685812588502,1.4617911990005608,-2.1447562055247502,-0.95608437670669288,0.287377817673,0.00136911984739,8.3157012140556725e-08,0,4.1578506070278363e-08,13,1,1,1,0,0
2221,14,2.8556680072703178,1.9977376632122303,1.1008539837260851,5.0458803811872386,4.0446958049307273,4.2967762698846732,0.0224632948914,0.0134725565645,5.5795640583959929e-08,0,2.7897820291979965e-08,26,1,1,1,0,0
2222,10,-4.9481541409690948,4.8508388802212332,-2.3106985633959236,-1.4185848716143765,-1.1515935545947749,-0.0077234443125936093,0.0245767482175,0.121789685884,4.5189112227214826e-06,0,2.2594556113607413e-06,20,1,1,1,0,0
2223,11,0.71950480280470896,2.136792654109815,0.56208539996415452,0.36011997268517337,2.4072379161834565,1.4182999095457278,0.556088665288,0.0950334826956,3.0603450470858813e-06,0,1.5301725235429406e-06,11,1,1,1,0,0
2224,3,3.7632111193702813,3.4569766264132156,-1.1121057110901971,2.411338393268756,1.514485832111425,1.6975304091207775,0.828889497317,0.206760822012,1.3709463923596073e-05,0,6.8547319617980363e-06,15,1,1,1,0,0
2225,12,3.1340972512167786,-2.3871500188341308,2.2379363396608651,3.2668256986300839,3.660749068307239,-0.22681228225073788,0.0927857903178,0.0145343531072,7.2958846976311955e-08,0,3.6479423488155978e-08,13,1,1,1,0,0
2226,12,3.553969611855134,4.306770512464877,1.6246130008387207,-4.6630313360834501,4.7326362928711898,4.3117248968166466,0.860709419406,0.00646213853447,7.53541294900602e-07,0,3.76770647450301e-07,16,1,1,1,0,0
2227,14,6.1891819618335271,1.4439578160857378,2.9243180876135479,-6.1950582535431256,2.3294328182398027,4.7337792133608456,26.9608905769,0.00629568202453,0.0007269016943982498,0,0.0003634508471991249,60,1,0,0,0,2
2228,10,-5.2188107471710179,1.0673050185473918,1.4452673998400238,-4.4482003276367452,1.6997538317650667,3.7308288818335558,1.02112854224,0.0020080258202,1.0439317682950164e-06,0,5.219658841475082e-07,13,1,1,1,0,0
2229,8,-5.6104716302505739,0.64068637216877466,1.5209911769163313,-2.2932269677700892,-3.9062256077242306,3.1808067706800025,0.0887300328633,0.197186525479,1.1852167712028204e-05,0,5.926083856014102e-06,59,1,1,1,0,0
2230,9,0.73765938597595271,-2.9415672319885058,-0.81105952039556828,1.6893954587925544,-5.0394649065402346,3.36010553228276,0.00437952625222,0.115924432267,4.0936124548947418e-06,0,2.0468062274473709e-06,22,1,1,1,0,0
2231,9,-2.0526157086858174,1.4350764371626004,1.2853481402646652,4.3444700620448655,5.0063443906239202,-2.3648582553755255,0.0292552734048,1.8413993972e-05,8.5597431019228523e-10,0,4.2798715509614261e-10,19,1,1,1,0,0
2232,15,-2.8057395269805778,-3.2873704355486439,-0.6029700485616506,4.8911875749613554,5.9077803008275787,0.15064127772318858,3.1128444092,7.64649916293,0.01782035031902476,0,0.0089101751595123801,60,1,0,0,0,2
2233,14,-6.0337051178722341,3.8973534449434251,1.1001548447474292,3.8077500620410145,-1.5120793469474318,1.0681436421273807,0.650646330217,0.0547582716736,1.3367263289635566e-06,0,6.6836316448177829e-07,21,1,1,1,0,0
2234,15,1.9801345888995014,-3.1786234395563264,1.8685578130928955,2.8434580758777641,3.5101225346340157,5.2692931132089331,0.0238045364923,0.00229205987239,2.1669752876330597e-09,0,1.0834876438165298e-09,21,1,1,1,0,0
2235,1,1.4000334925291908,-2.4865893228980833,-2.6082040678966765,0.014936624223659973,4.8238597599256199,-0.2003537762896688,0.0563602446821,0.000882883475096,3.413921351093183e-09,0,1.7069606755465915e-09,6,1,1,1,0,0
2236,14,-3.6782778936210958,-5.4713614650999256,-0.77151435828322124,-2.1757985827204998,-4.3961743579474577,-4.3740306552850381,0.262996734471,0.00393383530455,7.3881255252455043e-08,0,3.6940627626227522e-08,12,1,1,1,0,0
2237,1,5.5649736774447387,2.0037471528541375,-0.48085810993325601,-0.89824020766755597,0.11792172378794842,2.9268016310428777,1.42757093321,0.0152077578831,2.1084094372012383e-06,0,1.0542047186006192e-06,7,1,1,1,0,0
2238,8,5.4698105740204337,1.6511642002062574,-0.82833764763584883,-0.27853592133827565,3.7893073501158581,0.76086211186242114,0.332580945988,0.0648850110421,1.3930691188696909e-06,0,6.9653455943484546e-07,15,1,1,1,0,0
2239,1,-4.5952391467287867,1.249118782503408,-0.59755368304665391,6.0795739078237716,-0.9643713859148163,1.1767180228189003,0.286320341264,0.00549913219907,9.1191107179228668e-08,0,4.5595553589614334e-08,19,1,1,1,0,0
2240,2,-5.2628786015471736,-1.2802085205148801,-0.58848409652194822,1.804032688445079,1.9087646166738659,3.6521057927069855,84.6337224005,1.68982395489,0.0080327035322009018,0,0.0040163517661004509,60,0,0,0,0,3
2241,2,0.63130653924846925,4.704237833179989,2.4041838480404669,-2.8551088682413823,-4.4045640470486331,-2.089937541002052,0.0366869439822,0.10159965793,3.1457563511356047e-06,0,1.5728781755678023e-06,13,1,1,1,0,0
2242,15,4.0649604036607228,0.9361452985666977,-1.2470692876699099,2.4528101989887028,-0.3194375469888393,-2.8458207630022638,0.0278018327352,0.0202637852292,1.2585524894073452e-07,0,6.2927624470367261e-08,12,1,1,1,0,0
2243,5,5.1734569345492405,-3.4004118428379257,-1.9959200396583658,-4.7854368730031718,3.1181621856378707,4.7742055753297219,1.02939169171,0.0255981945556,1.2592531697378144e-06,0,6.2962658486890721e-07,15,1,1,1,0,0
2244,3,-4.1667558726299534,1.067125217722475,0.49816255406958504,-0.3226150828660786,-1.0339764279431232,-0.63566344774062822,0.872215859692,0.318868572208,3.1733396568263765e-05,0,1.5866698284131882e-05,36,1,1,1,0,0
2245,5,-3.219292318924265,-4.4384082639666085,1.8878717551645259,-5.4318796730323227,-4.5382790112365399,1.7470529886860731,0.0189886418957,0.018992806498,1.1024420471815721e-07,0,5.5122102359078603e-08,14,1,1,1,0,0
2246,10,5.6485729773783344,3.3222690155399919,-1.6086418966982012,3.1744915797585636,-4.9647525008017697,-1.6163043543380664,0.235839515083,0.0210873273865,1.9107614264720125e-07,0,9.5538071323600624e-08,43,1,1,1,0,0
2247,11,-5.0965067294249478,-1.6830644172044853,-1.6340250488562358,5.8306380742646811,-1.0009954593866428,-4.8980672267249794,0.665379578383,0.142055249602,6.5898162832358249e-06,0,3.2949081416179124e-06,20,1,1,1,0,0
2248,2,2.1178413605464472,5.4915682425131367,-0.81573537064739376,3.0173897534886818,4.6130277418283363,-0.40889539985320938,0.42163590357,0.0036643504334,1.8186707464710723e-07,0,9.0933537323553616e-08,30,1,1,1,0,0
2249,0,0.05049527183560322,-2.358880552105695,0.99560399999931692,2.9290140844953432,4.8700561377174418,-5.1851457313748126,0.7807100747,0.00753498789578,6.2680319233691923e-07,0,3.1340159616845961e-07,47,1,1,1,0,0
2250,9,0.47131731084009421,0.58881193007666555,0.30254397515369186,-2.3455304293625021,1.0190107980380534,-2.1300307763584803,1.36105745933,0.00311419478758,1.8554316510463568e-06,0,9.2771582552317842e-07,29,1,1,1,0,0
2251,2,1.83024239347758,-3.1661940818730687,2.6088957276682425,-3.9465299273640309,2.3666224117641552,-2.2070667602960619,0.11739820539,0.00547659416105,2.29187543680333e-08,0,1.145937718401665e-08,14,1,1,1,0,0
2252,15,-2.5843629487238875,-0.29298861913251506,1.1493024072415414,3.7245983258556246,1.3846805385166001,-0.71954448162268858,0.034592112039,0.0754898738533,1.7371263178885347e-06,0,8.6856315894426736e-07,17,1,1,1,0,0
2253,4,3.2591388147321956,-0.39136107265102615,-2.4845843182996128,-0.24301460261298172,-3.9646406027804968,1.5256094770277073,84.0109870628,1.76902958632,0.0080111357071898405,0,0.0040055678535949202,60,0,0,0,0,3
2254,9,-3.472408437511973,4.2144350896913387,2.7830929907995259,-1.6849438022409737,-2.1320519070430959,3.9451858837355038,0.397343501643,0.00504204327993,1.6562590340004177e-07,0,8.2812951700020886e-08,15,1,1,1,0,0
2255,11,-4.1837097324985928,-4.5406558857016304,0.37486759427581223,-5.0092574218463781,6.0173331528255174,5.0067042557896926,2.36406278667,0.0858751363598,7.8352059152695449e-06,0,3.9176029576347724e-06,14,1,1,1,0,0
2256,13,1.1420200148973318,2.7435092178884912,2.2879779423994431,5.9678357559904454,1.7437199005053796,3.6360859585285454,0.427153234806,0.000821863162276,1.8266564260067889e-07,0,9.1332821300339447e-08,13,1,1,1,0,0
2257,7,-1.0156334857339022,4.8457461512513547,-2.5834731875400041,-5.4949254619909027,-0.36057938410218443,-4.4946009070152222,0.271633824634,0.0390111325198,5.3737257837202098e-07,0,2.6868628918601049e-07,14,1,1,1,0,0
2258,13,-5.2111025365031498,2.8225395965090776,-0.82832462314962096,-3.4604834523077761,1.641838559886982,-2.76234928480054,0.0319860196303,0.00476600578811,7.9424326220334692e-09,0,3.9712163110167346e-09,20,1,1,1,0,0
2259,0,4.239927677961318,1.8997708683844496,0.56617459712723761,5.177858962904347,4.4775357678670655,2.8529764823306203,0.441572619902,0.136227682534,5.8480708161428241e-06,0,2.9240354080714121e-06,35,1,1,1,0,0
2260,10,-4.5993189726080166,3.0633551553411893,0.27448977546924674,-1.2616038770881941,4.7597156590074938,-5.7460130082985579,3.4624745664,0.0778607892647,1.3835413070008552e-05,0,6.9177065350042762e-06,19,1,1,1,0,0
2261,1,4.5739549868873848,5.5097566559445186,1.2353222199814973,-2.7268944875639121,1.4168141343823137,-0.35330030640511212,0.0415386664012,0.00185190925705,2.7701669299543077e-09,0,1.3850834649771539e-09,25,1,1,1,0,0
2262,5,-1.4365297890405309,5.4277723067371006,1.7313546289947634,-3.5293316470893847,0.34792145380912998,-5.6302638740434983,0.524155068621,0.000545606401036,2.7482921640686052e-07,0,1.3741460820343026e-07,17,1,1,1,0,0
2263,9,-5.5866993566763767,-3.5633815174495567,1.1056829435274314,6.0507139190797412,-5.1097200790662116,-3.3717949085006063,0.177370687944,0.00751890154847,4.8681565748861838e-08,0,2.4340782874430919e-08,55,1,1,1,0,0
2264,10,1.4804759965434244,-2.2262594098551114,0.86036532595188031,0.42832887240365713,-4.2821824741870866,2.3700202740024543,0.200351139432,0.00179295316324,4.1119826917300767e-08,0,2.0559913458650383e-08,20,1,1,1,0,0
2265,8,1.4858657786547522,-5.4750639002444368,1.2936619652989347,6.0844952279470963,-2.2824322842552216,0.28647029301745741,1.23693783444,0.095981641311,4.3362957134067328e-06,0,2.1681478567033664e-06,20,1,1,1,0,0
2266,0,-2.2567806060774349,5.5170168043593133,1.2831867908884034,-5.4892323663079248,-1.4030867623591319,3.9946330867255644,0.0181266775839,0.0286525807751,2.5041045686324065e-07,0,1.2520522843162032e-07,19,1,1,1,0,0
2267,4,-5.3179829276931692,0.40411311081563672,-1.1107835367653813,4.8781757751981552,-4.2893569055112462,3.2399489490880762,1.48135831059,0.0239717870346,2.369469800904605e-06,0,1.1847349004523025e-06,48,1,1,1,0,0
2268,8,5.1431008150112349,-4.2210698830850442,2.79966587966064,-0.95507445673946445,-5.3618553247114411,0.52296789317096803,1.20962725228,0.0154870322707,1.5362600196944344e-06,0,7.6813000984721719e-07,17,1,1,1,0,0
2269,12,4.7524611857604322,-0.50667249975543061,2.2693111120929341,-1.3516060281770572,4.8444567068985434,-4.1615218009553709,0.0232305321386,0.305105103712,2.8357108515397975e-05,0,1.4178554257698987e-05,8,1,1,1,0,0
2270,15,-3.4837340156439907,0.35677437604712314,-0.061331881562048607,-2.6806729809290188,1.033107537428803,-3.2586838489612062,4.2924282039,0.0284970498469,1.8672314163437463e-05,0,9.3361570817187313e-06,13,1,1,1,0,0
2271,3,-0.63259466492166994,0.91120972738705264,2.3769547522347887,-4.3208939755211553,1.4488654084041732,-0.80390501090062516,0.471558795389,0.0345210481521,5.8538111909332561e-07,0,2.9269055954666281e-07,28,1,1,1,0,0
2272,11,-3.0384748517633273,1.2623869648134596,2.4951089250018685,-5.7168909514098889,-4.7708050112043328,1.4630239448166378,0.0752062815497,0.0342709421045,3.6342837447373128e-07,0,1.8171418723686564e-07,13,1,1,1,0,0
2273,15,-1.1212475933876322,-4.2430763242894791,-2.2626091372524351,-0.831168929864877,-4.4195309190272969,0.35834109010292298,0.615990920061,0.0164589808723,4.6196507902660328e-07,0,2.3098253951330164e-07,23,1,1,1,0,0
2274,8,-4.7596904986313282,-3.6921489198715292,-0.38280084887219196,0.93378754974049816,0.92607338181876397,-3.2912950312070355,1.16468316842,0.00535139328464,1.365210336763621e-06,0,6.8260516838181052e-07,11,1,1,1,0,0
2275,9,-5.5668002175317692,-6.1097715714012351,-0.47523401963200984,3.6076222951514088,5.8092597838093214,4.3924033460159571,0.0334042746694,0.743129459959,0.00016822346446420121,0,8.4111732232100604e-05,58,1,1,1,0,0
2276,0,-3.7782542310682921,-4.0460153540172916,-1.3960517635908569,-2.5128331900972642,1.3560243038011195,1.7003495824131312,0.0415522453468,0.123102790599,4.6179894561640588e-06,0,2.3089947280820294e-06,11,1,1,1,0,0
2277,12,2.762415195048749,3.4989500444760009,1.4564819955216137,4.3168098362330296,-5.9547200542359855,-1.6740961352526629,0.0330161744977,0.00969530388805,2.972377548445648e-08,0,1.486188774222824e-08,23,1,1,1,0,0
2278,4,-3.945614390265594,-0.87620279332061035,-2.467986428935796,3.3785402007962402,-1.7791702942336933,0.60973406721352019,0.391305693563,0.143571180861,6.4321027528366649e-06,0,3.2160513764183324e-06,16,1,1,1,0,0
2279,4,5.3591181807374682,1.8045861215746615,0.25443038631750359,-2.7970897107159134,1.2457061428686997,-0.99074324168443884,120.130557388,2.34412382849,0.016105198111529426,0,0.0080525990557647129,60,0,0,0,0,3
2280,8,2.5268429662718273,-1.9630780792389428,-2.0111664163838872,3.0284231007998148,-4.8927140941034626,-3.7601154527106746,0.057821031009,0.00610657860258,1.4702547275168937e-08,0,7.3512736375844685e-09,40,1,1,1,0,0
2281,0,3.1089730731507865,-4.763348445034242,2.7017405323650712,1.7942383387265504,-3.4644290701546261,-2.285707645419448,0.0268107376562,0.343616661193,3.5967631651914133e-05,0,1.7983815825957067e-05,17,1,1,1,0,0
2282,15,3.517676344884042,0.16105689280201613,0.9807728291373693,3.7672622393675042,-4.6820981732697673,0.81608092136140309,0.536114466081,0.311292313978,2.9805731532944399e-05,0,1.4902865766472199e-05,18,1,1,1,0,0
2283,2,-5.199613204950718,5.1577553177221152,-1.8939000926624991,-1.0335029735513015,-1.239853655640605,0.31793792693675976,0.267011204234,0.00287009286112,7.380424878244829e-08,0,3.6902124391224145e-08,11,1,1,1,0,0
2284,8,-4.0768163762289102,0.81630736030137185,2.2544290591942096,0.71103273520883548,-3.7414993696542678,2.1126655043793203,0.0045508466274,0.495986880153,7.4936815347150068e-05,0,3.7468407673575034e-05,21,1,1,1,0,0
2285,14,3.255311078480505,3.9060009587858415,-1.4820989375213154,-0.95654705940642692,4.6953675238930916,4.601532869884803,0.113612897392,0.00461118099955,1.9384967668749602e-08,0,9.692483834374801e-09,26,1,1,1,0,0
2286,4,-0.39210759850069909,-4.195228860279312,0.040818785392838286,-1.1682223942869248,5.246068695115726,3.1899685393750987,40.347939491,0.00942752343796,0.0016279832950150787,0,0.00081399164750753936,60,0,0,0,0,3
2287,0,0.27511049582348301,-1.6281083842074353,-2.5555997907865944,-0.24232043114841109,-1.450404866179055,-4.8440777250650058,0.081886044616,4.49812714183e-05,6.7059406397813183e-09,0,3.3529703198906592e-09,25,1,1,1,0,0
2288,2,4.3687154045264114,-3.6759433626041904,0.72249860863461302,3.245406293379971,5.2572376675014674,-4.5575404560416857,0.495538659537,0.0114104205154,2.8521904941567173e-07,0,1.4260952470783587e-07,15,1,1,1,0,0
2289,0,-1.8591311924320069,4.8782665652379906,0.27287682552894332,1.6433022240148496,-2.1860564081096503,3.0843372310104993,0.11286564603,0.000289655799883,1.2764211602320325e-08,0,6.3821058011601625e-09,16,1,1,1,0,0
2290,14,3.5767506829955851,3.7179930916303494,-2.2876737055199867,-5.9008554848665904,5.8423203601809721,-1.9565731885349182,0.733910735813,0.0125414046453,5.8653727660821987e-07,0,2.9326863830410994e-07,14,1,1,1,0,0
2291,6,-3.4915710519990277,3.8960283377606095,-2.4973792151902279,3.4266740153324737,-4.5961273631921671,-4.4985401933503963,0.0667795223195,0.009528215359,3.2114772152147221e-08,0,1.6057386076073611e-08,13,1,1,1,0,0
2292,8,1.8156240985685572,2.7436474070317995,-0.86763623203591256,0.88698165042972443,-2.254624518947355,0.74087374783817239,0.0772377322979,0.0285442474001,2.541600390461881e-07,0,1.2708001952309405e-07,13,1,1,1,0,0
2293,0,-2.198352317263137,2.0633449750081057,0.96245257077581647,1.4728204655770081,1.6233347370640225,0.75014374481621204,0.0549751682448,0.110207737691,3.7028279085600302e-06,0,1.8514139542800151e-06,43,1,1,1,0,0
2294,11,2.0088558112519403,-2.8656150791028581,0.55408718621553288,3.9061175058741395,-1.3349780603152706,-0.78037586063220421,0.292764882476,0.207464712061,1.3196934468188007e-05,0,6.5984672340940037e-06,18,1,1,1,0,0
2295,1,1.3315129621582489,4.1548078076156401,-0.79933530573205414,-0.22213452218965124,3.8422889605464374,0.44939886334338347,0.0219464020601,0.81650616972,0.0002030835313614038,0,0.0001015417656807019,59,1,1,1,0,0
2296,2,1.031322354122717,0.10169702368503256,-2.2954098659848166,1.3546731573085078,2.6582962022147503,-1.8522806695508707,0.156652335467,0.00562549231261,3.4179926957832032e-08,0,1.7089963478916016e-08,25,1,1,1,0,0
2297,2,-1.552549862907467,1.0797179127857455,2.443442245448701,-0.67134247081966936,-2.5745839455357067,4.5714359150706914,0.0696752438064,0.0192706917756,1.1797723103928411e-07,0,5.8988615519642053e-08,36,1,1,1,0,0
2298,11,-3.7597885313076702,3.4805229900980579,-2.6373126053630145,1.225892456110381,-1.4865952173223755,-0.32669269800443401,0.0631113680112,0.000267681530531,4.0048716466110259e-09,0,2.0024358233055129e-09,16,1,1,1,0,0
2299,7,-0.88502751863487195,-2.3857403070493062,-2.0695824201898207,-3.2504003906787258,1.664916785516279,-0.65671937350132059,0.0291424224571,0.00979344788618,3.0065631455370098e-08,0,1.5032815727685049e-08,34,1,1,1,0,0
2300,9,-4.8602924537602092,2.3902286112079931,1.1222797753999647,1.3225832543869813,1.7426989284593157,3.3847076083982373,0.0886988919453,0.0565144969604,9.8078152678058925e-07,0,4.9039076339029462e-07,16,1,1,1,0,0
2301,12,-2.6191403203088996,3.7455659979453113,1.0387949618227816,-3.1405733953090196,4.053020087090732,3.6415399735267249,0.0700440784541,0.00964898014435,3.3266913067532214e-08,0,1.6633456533766107e-08,29,1,1,1,0,0
2302,9,3.2553320705336422,-4.9420349874670535,-0.74869095588993329,-1.8544308717682039,1.0132077010277614,-0.12231732753080871,0.0560977462899,0.242288388971,1.788530544319351e-05,0,8.9426527215967549e-06,11,1,1,1,0,0
2303,9,-1.056896138544432,-4.1072696686994812,-0.70232110768056533,6.0334589956281066,5.2399053957488233,1.3895059003259584,0.700888795616,0.0145147369175,5.554211670172038e-07,0,2.777105835086019e-07,14,1,1,1,0,0
2304,2,-2.2426077664973829,1.5745114683440724,-1.4393921849819316,2.8691618520785998,-5.5444129829017461,-4.9279310642188729,0.351299954167,0.0304917757092,4.0662921216083084e-07,0,2.0331460608041542e-07,18,1,1,1,0,0
2305,2,-5.0216927332643193,2.8050034568771824,-1.7298980947075155,-2.7245674311023071,-0.7085312903309785,3.8795170172461195,2.2752898772,0.0541708379453,6.0708376549396788e-06,0,3.0354188274698394e-06,38,1,1,1,0,0
2306,10,-5.2287869585949593,4.6767887489993916,-2.4685988320340928,-3.3609357002982496,2.1911187606437506,-2.8548876138396051,0.278653329757,0.00366299505985,8.1734892408694511e-08,0,4.0867446204347256e-08,15,1,1,1,0,0
2307,6,2.6814108768244962,0.70584711403641165,-0.64848837884354971,-6.0497895939464925,3.1404687029438905,3.0685033175763792,0.739801536928,0.139211445345,6.4507390629346699e-06,0,3.2253695314673349e-06,40,1,1,1,0,0
2308,5,3.4185393583509267,-5.8809374982531217,-0.48854329261099305,1.6086032081414712,-0.85743132478320772,-1.553482243457192,1.52067813517,0.065478956817,3.6185072851719572e-06,0,1.8092536425859786e-06,22,1,1,1,0,0
2309,14,-3.9811019838466732,1.9889342414816251,-1.5373968961290292,-2.2437569903339969,1.4924556841647172,2.4013427913692666,1.0642170008,0.0744027744143,2.8188506639949627e-06,0,1.4094253319974813e-06,20,1,1,1,0,0
2310,5,-4.1968509664706533,-0.38699823049963189,-1.2319740501561809,-3.8943070067249206,4.4297141107252065,-0.73262443549906386,0.0800495306898,0.153588761431,7.192182878091501e-06,0,3.5960914390457505e-06,13,1,1,1,0,0
2311,14,-5.7849196695552507,-0.67220314451153096,-1.1183747536415594,-2.9285861230003376,4.2970127375594647,-4.8276709366981034,0.926810338236,0.00860694980519,8.8154333508767788e-07,0,4.4077166754383894e-07,8,1,1,1,0,0
2312,3,-4.9159568740152473,2.2737041767434798,-0.57507151094452635,4.3724134561153321,1.186957266883049,3.3207602767496298,1.68632100302,0.109587875464,6.5019821740515213e-06,0,3.2509910870257606e-06,19,1,1,1,0,0
2313,6,-4.5363055382124795,5.2275966552614772,1.0235286651612674,-1.4232086964417299,-4.7606069328422356,3.0167563758398797,0.213687212071,0.0083114502723,6.6705258599617386e-08,0,3.3352629299808693e-08,15,1,1,1,0,0
2314,11,1.9652143714246131,4.5830699426844852,-1.8675344326171619,-4.7771584317659519,-4.4600589804307571,-3.658247930220957,0.556096298207,0.0455232954951,9.4052322694229854e-07,0,4.7026161347114927e-07,8,1,1,1,0,0
2315,7,4.5997004580686536,5.1798177320100987,0.57148171298092187,-4.4511025995083759,4.9696988996643388,-2.9113037529071817,0.36482536926,0.0190151337372,2.4323968836455708e-07,0,1.2161984418227854e-07,11,1,1,1,0,0
2316,3,-1.3570783476941153,-4.389011143866659,-0.053875435436898933,3.5252187157603245,-5.0096905033219743,-0.49283248185000816,153.55702271,0.0158296189788,0.023579835553623352,0,0.011789917776811676,60,0,0,0,0,3
2317,6,-5.6989685190179378,3.9493022507459958,-0.49024515266428509,4.0891279153320257,4.8723040654284731,1.5250140041284836,0.209678853049,0.0691952661927,1.502468816506221e-06,0,7.5123440825311048e-07,19,1,1,1,0,0
2318,6,4.1282229581624996,0.45351436054397548,0.45825639765136972,-4.2041944961797233,-2.1040680478224525,-4.6444575495812996,0.0231144037086,0.506111089399,7.8027809570564995e-05,0,3.9013904785282497e-05,24,1,1,1,0,0
2319,12,0.19497353985400506,1.1008879375648757,-1.3156469977064993,3.9424809492533215,-4.1165919262439097,4.5055808109262392,0.758363512924,0.00659090399271,5.8834780315373131e-07,0,2.9417390157686566e-07,20,1,1,1,0,0
2320,3,0.98345854471421668,2.4664418154994125,-2.7904355336302369,-1.5289374682552281,-4.2796217587703662,3.6173513971788278,0.163084500063,0.0132809172396,8.0325816236473383e-08,0,4.0162908118236691e-08,48,1,1,1,0,0
2321,2,0.2751224767114453,-4.6546385588816603,-1.5736016603680085,-5.3040767658061396,4.4797749781405889,1.151520653905614,0.084201233629,0.0126811930787,5.6076184663169389e-08,0,2.8038092331584695e-08,8,1,1,1,0,0
2322,6,4.3797201278353368,2.3424770525725922,1.3078854160528179,-2.8156659822601515,-0.32240498517979538,-1.5303405258504943,0.147753449086,0.0282877479727,2.6558493133438073e-07,0,1.3279246566719036e-07,18,1,1,1,0,0
2323,7,0.38992854677723598,3.0741950411528332,0.30501060267587549,5.8869638355515317,-1.7198550436081845,2.5554572449124362,1.56925064915,0.015087645841,2.5318898128250471e-06,0,1.2659449064125235e-06,12,1,1,1,0,0
2324,3,-2.4803539946463418,6.0368559564422739,1.2321611017100482,-5.4226541531539825,4.0432401534498101,-1.7821962031273457,0.276058853681,0.0580094751967,1.1012763301622486e-06,0,5.5063816508112429e-07,40,1,1,1,0,0
2325,5,-0.51802579385525815,0.050154682321111817,-1.332993820104303,5.3778847563206797,2.0119973773692723,4.1596196859135208,0.372430715667,0.0453467662026,7.6509833464249395e-07,0,3.8254916732124698e-07,20,1,1,1,0,0
2326,14,-1.3917597311151908,3.3507968817361715,-2.0142319806763496,-0.83843775129506493,2.1501708960882375,2.1685872076959787,0.0208905721776,0.125579014023,4.8042801647646941e-06,0,2.402140082382347e-06,42,1,1,1,0,0
2327,7,-1.8372946906580485,4.8376819372896094,-2.3270423397909039,5.3116302134415978,5.0170266248526758,-2.6285584387363987,0.0508645225911,0.0341460905034,3.5775755463836507e-07,0,1.7887877731918254e-07,15,1,1,1,0,0
2328,9,-0.8832099822715086,4.748460125615634,-1.8538935490023094,4.6962035510441646,-1.7685900414246651,1.6326667786278704,0.014781460225,0.0504923884653,7.7683490481441435e-07,0,3.8841745240720717e-07,17,1,1,1,0,0
2329,6,4.9121091932115082,0.89179228180101977,0.5667961414315843,0.13254303773764375,4.3878351686863475,-3.0574743292207982,0.279474160129,0.02480390329,2.655166835881784e-07,0,1.327583417940892e-07,23,1,1,1,0,0
2330,13,2.4290553628035738,-1.0649841392871342,1.9309941150108858,5.564850266789831,-1.486631708587004,-1.2292142787331086,0.547868483787,0.000578027937729,3.0026165317121789e-07,0,1.5013082658560895e-07,10,1,1,1,0,0
2331,12,1.2019451115624837,-1.9436876355965074,-1.4520148529707708,-1.5123290861424685,-2.4284067313393871,0.18541880962665677,0.0601945071012,0.00649945207398,1.6491294961054997e-08,0,8.2456474805274983e-09,44,1,1,1,0,0
2332,2,-5.5186845852535775,-1.129274092555326,-0.91155948673138454,2.0005737970672266,2.7675480414764535,-1.7175238562463386,4.77813202874,0.129567875378,2.7944412461396342e-05,0,1.3972206230698171e-05,42,1,1,1,0,0
2333,5,2.9344155173625968,-5.9973065946842761,-0.40234219841400837,5.0454850227117838,-0.77130047248898725,-2.5239754222857629,0.0295178476477,0.580390877182,0.00010261233673879815,0,5.1306168369399077e-05,38,1,1,1,0,0
2334,12,2.6129016102888243,2.741267104839487,-3.0243145571733376,1.2372103055199424,-1.3089582527624926,5.3717124947922184,1.14553397085,0.0457158211833,1.9488790835533354e-06,0,9.7443954177666771e-07,8,1,1,1,0,0
2335,13,5.5663802767669681,-0.23033066737855906,-3.0507577542335365,3.2894835042407911,2.08630598091474,0.49345653335036044,2.14025682449,0.151223509325,1.1546857900728763e-05,0,5.7734289503643816e-06,18,1,1,1,0,0
2336,14,-1.8554051339488362,-4.9149458883726167,-0.95719662783762627,-3.2019169381930417,-3.0551710123746982,0.92865027194408423,0.0713062395804,0.370781157149,4.1883481243657756e-05,0,2.0941740621828878e-05,10,1,1,1,0,0
2337,5,-3.3764627738070234,-2.544412691272945,2.8532384469793075,3.8585149847258973,-0.83756185744016043,-0.86043347894092193,0.127738396187,0.0549607263817,9.3646928545116069e-07,0,4.6823464272558034e-07,16,1,1,1,0,0
2338,2,-2.4326299437474481,1.4189277209942688,-2.5537070729165703,1.8644726148232225,4.8087356862985118,3.4124598956039054,0.025320423575,0.000848836130724,8.6060763919167427e-10,0,4.3030381959583713e-10,33,1,1,1,0,0
2339,6,0.57807387532189491,2.0084696624269847,-2.3260837766050182,-2.0673729977255402,-5.2910041487607531,3.6556793015743287,0.315880706669,0.0503580872271,8.7227119104348878e-07,0,4.3613559552174439e-07,17,1,1,1,0,0
2340,3,3.5291815614440436,1.5789119702415408,-1.8427069291426146,-1.2422719184372208,-4.6513625846424178,-4.4041067020403615,0.00109705252601,0.00856030532798,2.2323210823873662e-08,0,1.1161605411936831e-08,23,1,1,1,0,0
2341,11,-1.9365581594473857,1.2406887189759919,-2.246095503003112,-3.70807511847678,-1.6603959352260453,3.571146316114755,0.0616260467202,0.00814994605659,2.4030952357779931e-08,0,1.2015476178889965e-08,19,1,1,1,0,0
2342,10,4.0739831783376337,-2.8503660259491297,-0.29934372246993995,-1.1637148746662258,-0.84144312056321147,-1.801697586436368,0.0682262063561,0.0229199314881,1.6467743107222508e-07,0,8.2338715536112542e-08,48,1,1,1,0,0
2343,14,-0.28243772875263295,-1.642119437226953,0.61334513198876084,2.6417542441848818,-3.2258806131773321,-0.12587533424267641,2.83544824791,0.387224731144,5.3715014229541756e-05,0,2.6857507114770878e-05,35,1,1,1,0,0
2344,11,-4.2856912551938917,-1.6671000682254007,0.77242923829543408,-1.0391729166933525,-3.0894682550365089,2.5047818905766737,0.24906222431,0.0208481581829,1.9443264311750788e-07,0,9.7216321558753941e-08,22,1,1,1,0,0
2345,2,-0.30408818771428725,1.2001733443122307,2.8328008986910067,-5.5802585151848403,0.84693562593380056,5.0282449321202174,123.884324846,1.44063033925,0.01597953374074788,0,0.0079897668703739402,60,0,0,0,0,3
2346,9,-3.5600996620038696,-1.5496782574991566,0.44513434542509056,4.7519714324690243,-4.0657141078969037,3.6666383858471225,0.0100250790807,0.599710286521,0.00010955649506617426,0,5.477824753308713e-05,12,1,1,1,0,0
2347,5,0.31490151256547766,5.065132914320853,0.057254840546550501,-0.73157665254444715,-5.1535033426330497,4.0249683234652789,2.93136191434,0.012222281561,8.6383876921915463e-06,0,4.3191938460957732e-06,19,1,1,1,0,0
2348,5,5.9935038248169992,0.0017777776516908501,-0.72821496364790028,-4.6617742708065784,5.0052467728324528,-3.6827113472145818,0.0460274908466,0.0132554722239,5.564210856673122e-08,0,2.782105428336561e-08,10,1,1,1,0,0
2349,4,-5.1972048105181976,1.0191613003516959,0.52246688644954697,-1.4982763935763754,5.2917383626444963,-6.048542876295846,0.146123978465,0.0475338087146,7.0962399738525829e-07,0,3.5481199869262914e-07,21,1,1,1,0,0
2350,13,-2.5142896866344522,4.0434538887211859,-2.3857788800884832,-2.5394960984232591,-5.2114901390772346,1.3304783638552398,0.0497609654975,0.143971661639,6.3165370957702231e-06,0,3.1582685478851116e-06,19,1,1,1,0,0
2351,8,4.5160750030333796,-4.1735558914579443,-1.2243051562243061,3.8399174552082025,-5.3748442880527394,-5.4056274803300441,0.025146680412,0.245768453703,1.8400174209573552e-05,0,9.2000871047867759e-06,22,1,1,1,0,0
2352,8,-0.55476978444000791,5.7996794240692084,-2.7120001201148503,1.7486492044081303,2.6525887600835891,4.2089578827278116,0.100081646892,0.0253859085627,2.0632531222015978e-07,0,1.0316265611007989e-07,20,1,1,1,0,0
2353,3,-4.7249880131235509,0.60403112281558868,-0.80468191712943382,-2.2221340674231964,1.5151332915312707,-2.5339559744817417,0.21329223418,0.0227271168857,2.0283512791597033e-07,0,1.0141756395798516e-07,21,1,1,1,0,0
2354,5,2.0406674846900636,5.0046795015651391,-2.764928568823767,-4.817544209414665,1.3890469839903599,3.6885023321208985,0.197995707017,0.0317133676373,3.45567519162738e-07,0,1.72783759581369e-07,27,1,1,1,0,0
2355,15,-3.8987829600404185,5.0193059395290804,-2.4194969421818882,-0.38989582099671521,-2.5284486396106352,-0.20318500593514841,0.0427730596423,0.00431249560246,7.4946931383545469e-09,0,3.7473465691772735e-09,16,1,1,1,0,0
2356,2,4.0961247671465735,5.2801249779637764,0.8431974889267545,2.2288854862276879,4.5421388977008155,-2.3566872220234156,0.162342162115,0.0207630317226,1.5767660926248334e-07,0,7.8838304631241668e-08,27,1,1,1,0,0
2357,3,-0.53027135169096817,-4.7479037775399133,1.8447093005662667,-1.2778119514857489,-1.4638947447548947,-4.6810598454727268,0.540535007087,0.0193345500726,4.0605164799037941e-07,0,2.030258239951897e-07,25,1,1,1,0,0
2358,3,2.8885523686296088,-0.52497638585734407,2.1051384542520122,1.9368840541163392,-4.1686001743315027,-5.23162839769551,0.0536820432677,0.00796584541881,2.2211166696392127e-08,0,1.1105583348196064e-08,18,1,1,1,0,0
2359,14,-1.1048527758214102,1.4502841337235914,1.7527051874262174,4.6079724480421742,-1.8259131286147394,-3.4840591400503884,0.0200138741315,0.0124250481324,4.7427947160854276e-08,0,2.3713973580427138e-08,15,1,1,1,0,0
2360,3,0.45884009715799157,-4.1092693066355857,-1.9725425154045284,-5.4801312956631456,-1.6221735334834999,1.0981967280173104,0.227776868478,0.0248608833471,2.4015521678355668e-07,0,1.2007760839177834e-07,29,1,1,1,0,0
2361,7,1.0710435383398433,-2.7092043376979902,1.8010461695187403,2.6180708676129529,4.3901304546526365,0.26785871711742271,0.0484215128555,0.0240533494289,1.7858519963336027e-07,0,8.9292599816680136e-08,10,1,1,1,0,0
2362,15,4.6361591212253588,-0.15049539720844141,0.96727781862542317,3.8760715082890345,1.9113274206513771,5.6653576598572215,0.0747830093256,0.0406595832202,5.0918653705096556e-07,0,2.5459326852548278e-07,21,1,1,1,0,0
2363,10,-0.053846799409714693,0.0035352699746613518,-0.66040195969296778,5.3102489836371438,2.1429873351404329,-1.0728563388616574,0.0188832713536,0.0599683091614,1.0958211653221175e-06,0,5.4791058266105875e-07,20,1,1,1,0,0
2364,5,4.9969012367720653,-2.2859274726227126,-1.634633585180379,-1.3559723272079056,-2.7984851413246159,-3.8651798802339123,0.0660539735255,0.00068439773371,4.5058102964963209e-09,0,2.2529051482481604e-09,25,1,1,1,0,0
2365,11,0.86816596568354198,3.2637234511385147,-2.5358154164330116,1.2194314869700849,-1.1751182324793756,0.32584347465843355,0.153471978065,0.0155294301728,9.7016160237549369e-08,0,4.8508080118774685e-08,12,1,1,1,0,0
2366,9,-5.0357853793408198,2.9520521321561528,-1.0752749367029444,-3.5019813153456876,-5.2933736644811749,-2.3096344611692969,0.532126777309,0.0147561225295,3.4948726430045531e-07,0,1.7474363215022765e-07,14,1,1,1,0,0
2367,10,-0.85700808258596528,-2.1868832783442906,2.9303476540745126,-4.6174109982382658,-1.8797089444707278,2.2732656213930196,19.4167261108,0.127359339,0.00038195026963273952,0,0.00019097513481636976,60,1,0,0,0,2
2368,11,-0.5689044462604016,3.2951600323388219,1.3477465162712241,-2.7165326707133279,-1.7918390067807839,2.4845860072813921,0.420870273552,0.0205283591289,3.0550168888237181e-07,0,1.527508444411859e-07,11,1,1,1,0,0
2369,3,4.7461328989412879,-1.9741625973808967,-1.1553816263052337,-1.6400743147912942,-0.6196784237734122,3.5552940425202966,0.111887771068,0.0197867398264,1.3178118464682831e-07,0,6.5890592323414153e-08,51,1,1,1,0,0
2370,12,-2.5416828117833825,6.1337244959917054,1.943074075838009,-5.6759829858767192,-2.0694096473732873,4.5803522314005898,0.027736922537,0.0195036805573,1.1664384018566002e-07,0,5.8321920092830012e-08,27,1,1,1,0,0
2371,8,-1.6688492423414707,2.1246432474924783,2.9593343544805584,2.5952255900963599,4.7283902728536695,2.5776967280858614,0.0412391433993,0.0107432022185,3.6858511061481052e-08,0,1.8429255530740526e-08,16,1,1,1,0,0
2372,14,2.4319410862003656,-5.8840331990646417,2.7368959035634504,4.7749637272637484,4.3124021470549074,-5.6256138839087981,0.0102492712788,0.495643192284,7.4833082647997163e-05,0,3.7416541323998582e-05,24,1,1,1,0,0
2373,15,0.80928554969006028,-1.9510582516148327,-1.003433086319276,1.1065692336977597,0.40127828498106788,4.0240433983099706,0.187506075964,0.0235489520062,2.0408507534532194e-07,0,1.0204253767266097e-07,24,1,1,1,0,0
2374,14,-0.22006201369360182,-5.2055315369942639,-0.94977429331216934,-5.8927887320472463,4.0982811588562509,2.6600633725209932,0.118541792957,0.00457578126368,2.0430167422126667e-08,0,1.0215083711063333e-08,24,1,1,1,0,0
2375,9,-5.4619541951090449,4.0267642576019815,-1.3509067218051409,-2.7731143186490113,1.5761503911985169,2.9848680115289699,0.0207352111581,0.000127023080124,4.3486394207193881e-10,0,2.1743197103596941e-10,35,1,1,1,0,0
2376,0,-5.9576297936570191,1.4781105029294794,-0.89043095114026782,3.2456583242113144,-4.4170436069165904,3.9933979881200026,0.14432906921,0.0578574069244,1.0405314592701373e-06,0,5.2026572963506867e-07,17,1,1,1,0,0
2377,2,-0.73860911142100127,5.3112065557444978,-2.1995400014152229,-5.1483166363191337,-4.1861790196455768,-1.2599497137637843,0.167612670012,0.0704514016717,1.5400321077590135e-06,0,7.7001605387950675e-07,27,1,1,1,0,0
2378,0,-1.8335787371297407,-5.7914439588380837,1.8254712909336903,-4.4436165779481742,1.2818749076471698,6.1148496667391878,0.433691826932,0.0245328120609,3.7142529607527854e-07,0,1.8571264803763927e-07,17,1,1,1,0,0
2379,13,-1.9405641539384797,-3.6055476525353689,-1.9086588899682513,-1.7927926773624752,2.0401892123357777,-0.17555997616854196,0.0284300269619,0.686339780318,0.00014349458883771563,0,7.1747294418857813e-05,47,1,1,1,0,0
2380,14,4.0439958206348674,-5.0947695754338556,-1.8767787739327433,5.3343616680424475,-4.5755901719324221,-4.0541441363869168,0.0222644526087,0.0706299483884,1.5201070010229478e-06,0,7.6005350051147388e-07,8,1,1,1,0,0
2381,8,-3.4308212117548558,-3.6454644430668557,2.1520039776225262,3.2395895866149469,-1.1430164839648422,-1.4830113717662585,0.0814852920421,0.023679186916,1.7744002596949101e-07,0,8.8720012984745503e-08,10,1,1,1,0,0
2382,12,1.052744694992251,-3.2018828023090578,-2.8542517262893758,-4.7390233882639601,-1.6185601378968109,0.2461496739287439,0.0956104494325,0.0630363458961,1.2195633203115818e-06,0,6.0978166015579089e-07,8,1,1,1,0,0
2383,9,3.2713963610110359,2.8148405120903615,-0.68314829730467819,-0.86513526359391335,4.6758530489508221,-1.4797525021422429,0.0435202333053,0.0478167521088,6.9838400690477408e-07,0,3.4919200345238704e-07,18,1,1,1,0,0
2384,12,0.08465586362155425,1.2542080713113897,1.5205238029502006,3.1513270312240338,2.5743747611999357,4.803460956322013,0.16105458756,0.000739220900304,2.6105037613560346e-08,0,1.3052518806780173e-08,26,1,1,1,0,0
2385,4,-0.057350308975572514,1.3076360878984197,0.4200577707577432,-3.1387223774902537,-4.3997879820241304,-0.5097903933836041,0.333437243062,0.0204776581008,2.3891698278052671e-07,0,1.1945849139026335e-07,25,1,1,1,0,0
2386,7,-0.82901009312143936,1.3957655585645814,-0.093720386135874884,-2.950802783919356,-4.6313232394938684,-1.0383012500742477,2.94409996119,0.00072134121194,8.6678830840082388e-06,0,4.3339415420041194e-06,28,1,1,1,0,0
2387,9,0.51739230182233076,-3.9971600435034413,0.75899810871669715,-1.0847262940032545,5.2329533292353556,-5.0387583363354773,0.232866273507,0.2469951948,1.8637907780806306e-05,0,9.3189538904031532e-06,11,1,1,1,0,0
2388,6,-6.133227107503866,-3.0775710637755531,-0.68738097859977543,4.2894382287479909,3.4302456135625445,0.81518893317959407,0.390888210353,0.18948065174,1.1089447649236152e-05,0,5.5447238246180762e-06,8,1,1,1,0,0
2389,11,1.0959123451553043,2.8123162420618657,1.5598864808793869,5.5344494558380974,0.2635771002252732,4.9335174089780978,0.112471053803,0.00614164025722,2.4139829355465607e-08,0,1.2069914677732803e-08,21,1,1,1,0,0
2390,15,1.0771462421530611,2.627633881156346,-2.712008104415256,-4.3521014413916621,-1.4298729820541471,0.53922645146295289,0.425104348459,0.0330629339423,5.1370855487755986e-07,0,2.5685427743877993e-07,10,1,1,1,0,0
2391,7,-1.7580108346452723,-5.8711565647278388,-0.051657009905392376,-1.0808942129029702,-3.5077190580985991,-4.4675659024336278,2.3074787274,0.398131813335,5.3609042633791572e-05,0,2.6804521316895786e-05,13,1,1,1,0,0
2392,0,1.6909989105074477,-5.2081782632103257,1.8089995609520726,2.1611217084613461,1.3980818843802207,-3.2215445388724411,0.201561214759,0.0100395287798,7.1329964344057245e-08,0,3.5664982172028623e-08,12,1,1,1,0,0
2393,13,-4.5452289231180414,1.664923374510892,1.8233493226700168,-2.3108479029273865,3.5719219186158861,-1.3048586871319778,0.0235119717522,0.000802745414184,7.4910834190951238e-10,0,3.7455417095475619e-10,9,1,1,1,0,0
2394,13,-1.0709761294394999,-4.1253082370962186,-1.7595724927957936,-4.4031560355589709,-1.9523176692554192,-3.1150836143476734,0.372727546217,0.000924605601233,1.3918623977549906e-07,0,6.9593119887749531e-08,10,1,1,1,0,0
2395,9,4.7481685644122109,4.7175917075220868,1.7546176148419801,3.2240506425533924,2.305633121242193,4.6834628326651355,0.189591518507,0.029832949084,3.0705592521446809e-07,0,1.5352796260723405e-07,11,1,1,1,0,0
2396,0,-2.2667047063778107,2.3075099068799321,-2.7480732033238886,-2.4011306933519383,2.0919343295253729,-5.2298351847913747,0.0102590637451,0.126567843986,4.8798993706704729e-06,0,2.4399496853352364e-06,19,1,1,1,0,0
2397,0,0.32652391142936221,4.0100364123961443,1.4916086650746996,-2.6757784359311811,-1.3704895084372315,0.95577060459641672,71.736658927,3.93095159243,0.0098532124877308731,0,0.0049266062438654366,60,0,0,0,0,3
2398,9,3.8094724312618493,1.3992236220699499,-0.3760971881461298,-0.66553644549165158,-2.0173738918969506,3.9957811602494027,1.85737650701,0.301669726723,3.1171441246749828e-05,0,1.5585720623374914e-05,23,1,1,1,0,0
2399,2,3.070061071193714,1.4922598153890709,0.68894119409341681,-2.5954092370692918,0.98976526472842397,-5.2246233441233425,0.0430809094203,0.76198108979,0.00017686735435030126,0,8.8433677175150629e-05,35,1,1,1,0,0
2400,4,3.547867222716913,-2.271320618283883,-1.4140987090938966,-1.4079764475431094,0.82027209762010267,-2.6024891089025379,1.08059563875,0.0340411812412,1.5206782159589639e-06,0,7.6033910797948194e-07,10,1,1,1,0,0
2401,11,5.3922505015199036,1.9063293612489745,2.4795246836391942,-5.5043772509194762,2.3682850828615409,5.2339130947805224,0.0289219153072,0.0991750495623,2.9969591256138508e-06,0,1.4984795628069254e-06,21,1,1,1,0,0
2402,8,1.3854563104586379,3.3974778848201477,2.9180282777392827,2.3415111186400881,-1.2430537391147258,0.70224241181229097,0.05113634158,0.124333847087,4.7116668411460459e-06,0,2.3558334205730229e-06,35,1,1,1,0,0
2403,3,-4.3734589851083463,0.48237116468924301,-1.7456929294079961,4.5700052574672831,1.353736149456904,-3.4570606852558425,0.147567461445,0.00531969358952,3.0396566651585155e-08,0,1.5198283325792578e-08,10,1,1,1,0,0
2404,4,1.6216704414547163,1.5785533127041576,1.5065871566862088,2.0521923824167527,-4.3935637577891855,2.6201733267150713,0.0659349578273,0.00948942749675,3.1777984044347512e-08,0,1.5888992022173756e-08,45,1,1,1,0,0
2405,15,-0.72971320929358041,5.7123689997748883,-1.3964884915464091,-5.3164182312783588,0.97624931846273022,5.2976443959837827,0.130752155858,0.00700354903481,3.2037519037595294e-08,0,1.6018759518797647e-08,42,1,1,1,0,0
2406,13,-1.8846775011742598,0.065991812692231949,-1.1810159636395887,2.7010223039809729,5.113596374716133,-2.2123888430155949,0.70113734457,0.00147011207595,4.9225192410946802e-07,0,2.4612596205473401e-07,13,1,1,1,0,0
2407,11,-3.9980288916861566,0.65361510220846497,0.84346829189301697,2.5223414321626794,2.490013791347149,1.143805954621677,0.0644742319396,0.0140410413959,6.4212507834407689e-08,0,3.2106253917203844e-08,22,1,1,1,0,0
2408,7,-4.0520296776588003,-4.5633333277919128,-1.243151088899574,0.20415908187460821,-1.3824810725975187,4.2597095758410832,0.0193665245417,0.183759534421,1.0286564039099131e-05,0,5.1432820195495656e-06,21,1,1,1,0,0
2409,13,2.4823203995453542,-2.2835099226322817,1.5947300029703986,-5.5892394310522864,1.6152112075149829,3.8747258549049772,1.77048438527,0.0606898742254,4.2566003699826709e-06,0,2.1283001849913354e-06,21,1,1,1,0,0
2410,15,-2.8948169340808723,-3.9893620654864077,0.18466955808076468,3.6022292759226882,0.36055444917846718,-5.2188599264453774,1.45825087475,0.895721628835,0.00024652630200489766,0,0.00012326315100244883,9,1,1,1,0,0
2411,12,1.0627776805682059,-0.27452046969159022,0.94548682070731949,-0.83820687910681824,-1.797885351472166,6.1593001996006187,0.0804028863721,0.0394514630577,4.8057664033469699e-07,0,2.4028832016734849e-07,12,1,1,1,0,0
2412,8,-1.6057812848017465,-2.2435892070059782,1.6576804831272718,5.0308769779714568,1.0945005950732067,5.486534042080776,0.0093638873201,0.0514285825965,8.057700242253515e-07,0,4.0288501211267575e-07,36,1,1,1,0,0
2413,0,2.1944369176713803,1.0513871205369125,-0.41897611652675953,-4.5989968953424887,3.9929111733112919,-5.0879607475203752,0.554528199053,0.0939092083573,2.9939040931824155e-06,0,1.4969520465912077e-06,20,1,1,1,0,0
2414,10,-1.7341670729508252,2.4485317965819786,2.1824546306977908,-5.1261862748030609,-4.6457635916181079,4.346671073663753,0.0570207117148,0.166417870832,8.4396026961951565e-06,0,4.2198013480975782e-06,8,1,1,1,0,0
2415,3,4.425390110803284,1.4876123722749903,-1.9017491203622605,-4.2814150446939125,-0.99855037855767415,2.9065878883574725,0.162835345358,0.0110444688179,6.3672671350193478e-08,0,3.1836335675096739e-08,14,1,1,1,0,0
2416,5,-0.057636092101785878,3.1271339439597892,0.77356351625531394,1.0223484820470363,1.2849345592942751,-0.8290971581870501,0.475115863239,0.0206010941198,3.5501626358947951e-07,0,1.7750813179473976e-07,34,1,1,1,0,0
2417,15,2.4801685213958984,-2.5056521328262473,0.39676576915836725,1.1446139362738721,-3.8507999152181207,-3.5733860204814936,0.856991081952,0.0655605482518,2.043735887383181e-06,0,1.0218679436915905e-06,29,1,1,1,0,0
2418,13,2.3792491374634257,5.8016051498516443,-1.2422960999730803,-0.92657586228662958,2.7342590446212047,-3.7720773266956487,4.35866721004,0.241255630731,3.6728017246814238e-05,0,1.8364008623407119e-05,33,1,1,1,0,0
2419,13,2.8351228372588202,-2.2679425083629265,-2.1136759235260261,-2.6792839405141176,-4.3227870918712679,-3.9899474008550873,0.163625128613,0.0106569334825,6.1368653521664058e-08,0,3.0684326760832029e-08,27,1,1,1,0,0
2420,3,5.279817171342513,5.0487914593099852,1.0009977666873384,-1.9483699413675066,-5.5263818759920049,-0.66617914965584701,0.179926769791,0.013843600188,9.0752128981012985e-08,0,4.5376064490506492e-08,17,1,1,1,0,0
2421,5,-0.43121231794040993,4.1019410063657524,-2.7327193813364454,-5.1405134201825753,5.0012375195534791,-5.4064092433570181,0.260649001974,0.0647646975971,1.345645329239077e-06,0,6.7282266461953852e-07,32,1,1,1,0,0
2422,13,-1.8029318199167179,-0.90552186639407795,-1.3428856071738724,-5.7310101795910864,1.369642535119594,-0.0094364070544652734,0.163745191805,0.00486249192325,3.4014809628389338e-08,0,1.7007404814194669e-08,13,1,1,1,0,0
2423,10,5.8053002754862746,0.85071262969519668,-0.54109508088413016,-1.7290770467191656,-4.7361857801974336,-1.4803953121349858,0.37618849707,0.00109428143188,1.4188255002123655e-07,0,7.0941275010618277e-08,7,1,1,1,0,0
2424,9,-1.1483853855541497,-0.71081752658080011,-3.0048946175368716,-0.70651864527406549,5.2111088834367685,2.5628245093679669,0.259955179151,0.0356270525269,4.54223587010397e-07,0,2.271117935051985e-07,7,1,1,1,0,0
2425,12,2.4581593814030631,-5.4399963610122244,1.2162762317907223,-0.57166251134181179,4.6694041604763035,-0.71192723401734914,0.241242703207,0.0390587565156,5.2291825312349776e-07,0,2.6145912656174888e-07,20,1,1,1,0,0
2426,15,-2.2526052083032959,3.4620250492793958,-1.8646204536628628,3.0196771040764472,-4.4214273790627159,0.64267601767694194,0.0802192514527,0.00730918081239,2.2709047156005731e-08,0,1.1354523578002865e-08,14,1,1,1,0,0
2427,9,5.0548194116002252,1.8219578838844737,0.42597586221017708,5.9134558328493068,4.822251541226084,3.5923350837506991,0.112602391142,0.488921288927,7.2829653947459704e-05,0,3.6414826973729852e-05,15,1,1,1,0,0
2428,8,4.3340931808016672,-3.764130536194692,1.8995628258941506,-1.2436710121940104,-6.0036369676236818,3.0472828647584391,0.0380546766457,0.0501722063625,7.6824644710080363e-07,0,3.8412322355040182e-07,41,1,1,1,0,0
2429,14,-4.8077707368745966,-1.7455454886210915,-1.4298010219103294,-4.1662498830290762,1.9378271681729944,2.7642731087337769,0.424584061512,0.469772257504,6.7405063584156233e-05,0,3.3702531792078117e-05,30,1,1,1,0,0
2430,13,-6.1084546231007657,-1.6016750727768843,0.3051228712305174,5.8091440272791939,-4.2603332948187873,6.1474859531373358,0.0308891706992,0.645226663306,0.00012681850067087751,0,6.3409250335438755e-05,19,1,1,1,0,0
2431,11,-0.18150899971206513,1.71441989725083,-1.6410998152175216,-2.4669989790520819,-4.8478935175806877,-0.49214403117677596,0.0505960007122,0.0371681766847,4.233808051259389e-07,0,2.1169040256296945e-07,11,1,1,1,0,0
2432,14,1.5445609088990915,-4.1357076198467118,2.8135086534227867,3.2911427728128007,6.1918986822379525,-1.7771597229919696,0.495238559627,0.0104038585419,2.7823310348624048e-07,0,1.3911655174312024e-07,15,1,1,1,0,0
2433,10,5.4982007092324086,-2.0846577187158868,2.2891687882616938,4.6639954892097322,-4.3934043944070185,4.989587408411146,1.80393387632,0.0638607092044,4.4964652001856578e-06,0,2.2482326000928289e-06,31,1,1,1,0,0
2434,2,-5.4073074273541106,-3.0792236133789448,-2.8124175606544339,2.1619706071982474,-3.0912220960785408,-2.9916838459977293,0.285248018048,0.011178772699,1.1943293519200435e-07,0,5.9716467596002177e-08,12,1,1,1,0,0
2435,12,-0.026456905825036355,-3.1437741181769785,-2.4301576753112011,5.7783922757480779,1.2034817960845499,5.8985998081904265,0.0316503353833,0.0209375168227,1.3453980962831584e-07,0,6.726990481415792e-08,7,1,1,1,0,0
2436,14,-4.5276738050097256,0.031534046080471327,-0.42081805050341231,2.2893654129326526,-1.5675174951873119,0.087540725499249461,0.0542560380221,0.0953379638294,2.7717111617418927e-06,0,1.3858555808709463e-06,16,1,1,1,0,0
2437,2,6.1936049860846216,-4.4838311862267552,-0.04052821910293395,3.5578015135525001,1.8720151846394675,4.5510055762104784,16.1716782612,0.0504187768726,0.00026229753142893454,0,0.00013114876571446727,60,1,0,0,0,2
2438,14,-1.3012142852073916,-2.7516468398267855,-1.2303096556125985,-3.7102963579495927,1.4440743224776893,5.6919984781935584,0.0225702991145,0.0763463726747,1.7760538761365042e-06,0,8.8802693806825212e-07,28,1,1,1,0,0
2439,10,4.8638332468812031,-3.6408009501717284,-1.0921465138979833,6.0776822407426199,-1.3661869011537775,-2.9202392131923105,0.500021084051,0.124210762923,4.9497541729147141e-06,0,2.474877086457357e-06,19,1,1,1,0,0
2440,12,3.5340510566764487,-2.1128717403803168,2.0427503368347875,2.3669662790565904,5.0298386987340624,3.7943607097259835,0.0683822684883,0.0638539517582,1.2467010122693636e-06,0,6.233505061346818e-07,16,1,1,1,0,0
2441,15,3.672955415358222,0.51763311383031085,-1.907825744712691,-5.5481647157666876,0.93990224559396207,0.39416320753346246,0.0486096365845,0.0708075388347,1.5296255559902217e-06,0,7.6481277799511087e-07,35,1,1,1,0,0
2442,6,4.383562721139568,-2.5761834316509997,-0.35674538469239869,-1.5291897209270278,4.069764503357443,2.8148538724780301,0.586789648887,0.0363719932913,7.4730714657444452e-07,0,3.7365357328722226e-07,12,1,1,1,0,0
2443,5,0.88153725905121094,-1.2118978609935562,-1.2248708847421836,5.0675781113354175,-1.5705621301066908,-4.4062225510968842,0.0407093480864,0.264255187124,2.1273336563346611e-05,0,1.0636668281673305e-05,10,1,1,1,0,0
2444,10,5.4085001835453701,-2.2378814172044375,-1.51249156098364,-0.27945906609481713,5.9707004252957878,-5.206031426948214,0.250277538281,0.00194372634382,6.3789712742984418e-08,0,3.1894856371492209e-08,9,1,1,1,0,0
2445,12,2.1429743860832842,3.0927283053424337,-0.69536480522315114,2.2745654928006953,-5.2062746372669979,-3.7622641241715953,0.434216657066,0.038435761405,6.3855778176672879e-07,0,3.192788908833644e-07,32,1,1,1,0,0
2446,5,3.3032712859419369,-2.903572578290833,2.7040375917828632,-1.4850280488981498,1.3298114068572395,0.086517823926008181,1.06812788512,0.423596119582,5.579951952626659e-05,0,2.7899759763133295e-05,19,1,1,1,0,0
2447,9,-2.7971001611642494,-2.9636015624779897,-0.41874379365423053,-3.0284888744419312,-5.4898411088284762,-3.7047295899855395,0.956611821532,0.0593818553689,1.9892495687796343e-06,0,9.9462478438981715e-07,5,1,1,1,0,0
2448,14,-4.073905526931842,5.1823325855088589,2.4488589586586227,-5.5907020878822991,-2.9635082205640995,5.6504370789294773,0.115892082945,0.0891042923306,2.431963798704894e-06,0,1.215981899352447e-06,55,1,1,1,0,0
2449,12,-4.3145114145656462,-3.2100467892702902,-1.9992361954925331,-4.8328713915568358,4.7766799040308703,-0.070444734606254722,0.243770404592,0.0205087595919,1.8754890548934656e-07,0,9.3774452744673279e-08,10,1,1,1,0,0
2450,4,5.1405807768774165,-3.6130046210217057,1.7063741528359,3.1726867131202297,-0.96158194486432957,-3.0538642297816434,0.179241575888,0.193107603155,1.1391477568248825e-05,0,5.6957387841244127e-06,12,1,1,1,0,0
2451,11,-4.3427493581087182,0.95304591069162847,-2.7602233038081203,-0.27550944291439128,1.8253212089777855,2.4004248497538749,0.3256819929,0.0327789090648,4.3336704279747113e-07,0,2.1668352139873556e-07,12,1,1,1,0,0
2452,14,-1.4858910354593085,-3.5357140004848717,3.0033575034793123,2.1075381877097286,4.7028205751347496,-2.8702834871793947,1.52571905604,0.00445929032062,2.333876037643327e-06,0,1.1669380188216635e-06,12,1,1,1,0,0
2453,7,-5.8318322838619796,-5.0836302968534959,-0.58855854075871439,-4.4855518179379645,-1.5179458845646809,2.00138494569743,1.13779055871,0.0570009020232,2.2843006766338629e-06,0,1.1421503383169315e-06,31,1,1,1,0,0
2454,12,4.6280537448765493,-4.8564452488317853,2.2302854123122784,-1.7618690456025801,4.1600657230816829,2.9133513379137708,0.0498527801125,0.072085876749,1.5853912260888487e-06,0,7.9269561304442436e-07,16,1,1,1,0,0
2455,15,-1.2723714770084078,-0.91180005366593986,1.4741263214205786,-5.6708342395579772,-1.5886310579113252,2.8127245287921228,0.0482635259792,0.0166438363498,8.6713659580398727e-08,0,4.3356829790199363e-08,13,1,1,1,0,0
2456,7,3.8229592633755036,-3.3222483231676998,1.8692435224993555,3.0082172617196505,-1.6335275424215983,3.7157429026539597,0.0731364707315,0.0740059156028,1.6737006401224468e-06,0,8.3685032006122341e-07,37,1,1,1,0,0
2457,2,-1.4368834439980094,1.5606754434906256,2.8517479028956787,-0.0025012550452157903,1.4781438245878282,-6.0572119245773486,1.16446728264,0.0647539006956,2.6332655024909194e-06,0,1.3166327512454597e-06,19,1,1,1,0,0
2458,6,-3.0065928824429431,0.81057219674669145,2.4174827113575992,-1.6332786122950631,-1.8063415091412391,-1.8766423836297985,1.68049889176,0.0124134802923,2.8710163920676935e-06,0,1.4355081960338467e-06,24,1,1,1,0,0
2459,7,4.3291408468655774,-3.0580998043029455,2.3011871181356458,-5.7718143897092489,1.4941597729812459,-0.69044528087846502,0.00908100450864,0.0240887572279,1.7684227406160826e-07,0,8.8421137030804129e-08,19,1,1,1,0,0
2460,5,-0.20177241885558658,-5.8170714080161714,-0.72995590931790888,-0.88616213664712984,2.332111188878867,-3.273363176847492,0.0469312500782,0.990527926757,0.00029887623563322447,0,0.00014943811781661223,13,1,1,1,0,0
2461,2,-3.5587164600877021,-4.2624737504913606,-2.3078525835667376,4.3311993832581948,0.85490819529244944,-3.238079257128287,0.367165958759,0.0435899400923,7.1360918472117402e-07,0,3.5680459236058701e-07,7,1,1,1,0,0
2462,8,-4.0764653171277958,3.4461983166448373,1.0598849038592204,-5.2357584766496839,0.2030676782067993,3.1562787571809192,0.0953829310355,0.00491812818154,1.6465985055618538e-08,0,8.2329925278092688e-09,28,1,1,1,0,0
2463,13,5.8198274357327922,3.468144054408973,0.63551446476814122,-3.3667471371153486,-2.2520733699099642,-4.9435612301938399,0.3152016204,0.118981814302,4.4117209999077255e-06,0,2.2058604999538627e-06,22,1,1,1,0,0
2464,12,-4.4388991718722703,-0.4563954059058698,2.2493072257283697,-3.7447388793018708,1.0307640890996612,-3.8482530280605989,0.097926667812,0.00990166487656,3.9455228004355753e-08,0,1.9727614002177876e-08,41,1,1,1,0,0
2465,9,0.87028875629163183,2.0513951227720622,-1.719935262999218,4.0875950487560297,-4.6689915773233128,3.5638250681497339,0.0868264635798,0.0252665966047,2.020068709391095e-07,0,1.0100343546955475e-07,13,1,1,1,0,0
2466,1,-1.0350636378702442,1.9567373275995716,2.2764399331162197,3.7851018185115017,-2.866786448120207,-3.8461272723564286,0.0412437395091,0.00738641543805,1.8320708376107747e-08,0,9.1603541880538735e-09,19,1,1,1,0,0
2467,6,3.0278909543763453,-2.8572242162646915,-1.2510952589806132,4.3245538354066637,-1.3268072839668477,6.0554633160109583,0.559881727977,0.00643103945777,3.2606599836248282e-07,0,1.6303299918124141e-07,12,1,1,1,0,0
2468,6,-3.0098654648909311,-5.4019177581753963,1.2169228153050884,-3.3304018421043611,1.7215850484955761,-4.7310902566480308,0.0204937243122,0.0268153450509,2.1945902627455977e-07,0,1.0972951313727988e-07,34,1,1,1,0,0
2469,2,-2.4293791844955801,0.40625557650417427,1.9387445453364589,-3.4804060795068419,1.6659676336859075,-4.4066635583301474,0.0135557100736,0.00877192425743,2.3623048837151336e-08,0,1.1811524418575668e-08,33,1,1,1,0,0
2470,7,-1.5307018269366974,-0.14899017358245478,2.4494795428477989,-0.19130584332309125,-1.4658680328574378,-2.7030485797741473,0.0144076745376,0.00593331461235,1.0931400444879117e-08,0,5.4657002224395583e-09,50,1,1,1,0,0
2471,10,5.102995496722194,2.0750396701642693,0.98398552346580404,6.0796789284163255,-2.8065262093841539,4.6755077044784077,0.0962565299698,0.0192676437557,1.2235212892983004e-07,0,6.1176064464915022e-08,56,1,1,1,0,0
2472,6,1.1883375860568226,3.1655349762026894,1.3042435542966693,0.144437583519824,1.7384991075172109,-2.9695381521661277,0.18993724233,0.0293583474299,2.9862973729504124e-07,0,1.4931486864752062e-07,23,1,1,1,0,0
2473,2,-0.020494486856327584,-4.8989587142354951,2.0332150632149255,-4.2551486578842752,0.95062845719692823,3.9948826393986545,0.505849790105,0.0595557513032,1.3363277327223684e-06,0,6.6816386636118418e-07,35,1,1,1,0,0
2474,1,-5.6395185720105232,4.446869789097522,1.2066649973015982,-1.1848467894446231,1.4775914099159655,3.8482816744374495,0.202346302463,0.0321445588519,3.5569687889732864e-07,0,1.7784843944866432e-07,24,1,1,1,0,0
2475,8,1.0357367631998087,3.6441538804331297,2.2007489455995972,2.2157570610739463,3.5862065164600097,1.6746328508114052,0.576891636049,0.136105036585,5.9757140216792867e-06,0,2.9878570108396434e-06,13,1,1,1,0,0
2476,0,-3.1860387215540462,-3.2335861652764684,-2.8078095776447132,-2.8409118688631492,-4.4940120276109159,1.9965727573703214,3.70841400652,0.570761297856,0.00011298708191186708,0,5.649354095593354e-05,59,1,1,1,0,0
2477,4,-1.3532287582129954,-2.1382875309655356,-1.0103501947646576,3.7981850828005554,-1.4649193675030554,2.5485689553095998,0.105207448094,0.0340245641164,3.637153489394707e-07,0,1.8185767446973535e-07,22,1,1,1,0,0
2478,13,-4.0722069942783987,2.1422826940774886,1.7999343933103784,-3.2384517161993549,-2.8460625650419007,4.8121782399344326,0.126463318229,0.000726940639399,1.6153943707172156e-08,0,8.076971853586078e-09,39,1,1,1,0,0
2479,13,3.8812862122707386,4.6686164684648519,-1.0692206134958282,-5.0788010579273353,2.0195095574346156,-5.5004059868248847,0.175563999465,0.00082862288606,3.1031873068055284e-08,0,1.5515936534027642e-08,12,1,1,1,0,0
2480,3,1.8630566428122923,3.0441090201689365,-1.3973052447853576,3.6456171500842385,-4.0798753627076252,-3.0636154595496845,0.0177437552975,0.408245872242,5.0769283349053403e-05,0,2.5384641674526701e-05,27,1,1,1,0,0
2481,8,3.4616939385854253,6.0907244502232789,-1.3822929005494029,0.8669424916289783,-4.853631373982056,-4.5424283661346481,1.15957353984,0.118652036414,5.6331079653351746e-06,0,2.8165539826675873e-06,6,1,1,1,0,0
2482,14,-0.78734666505205686,-5.4037811746686524,2.8456142304386436,4.1412757929886332,-1.6045315341072826,1.8675471232598273,0.951457087152,0.0203734048012,1.0317098540441022e-06,0,5.1585492702205111e-07,20,1,1,1,0,0
2483,10,-2.3320065382375996,-4.5132118040939329,0.62589470770661926,5.843973363753487,4.1196976418877602,3.2129941911363482,0.870040540279,0.0964468628344,3.5905209735299677e-06,0,1.7952604867649838e-06,36,1,1,1,0,0
2484,11,0.45148818189192452,5.1822699499462637,-0.5873700529040381,0.79299651974755669,0.71326801719869937,2.8479882224301445,0.0689042076092,0.0282823071087,2.4840788125624894e-07,0,1.2420394062812447e-07,11,1,1,1,0,0
2485,8,-1.3931055049561174,4.6171832362487439,-1.739504426251254,-1.2570829447599179,4.8666091981376578,-3.5815290983705808,1.21616797942,0.337581611207,3.6193675187552214e-05,0,1.8096837593776107e-05,10,1,1,1,0,0
2486,11,-2.354355911272441,-3.8916492969482519,-0.79124607089668786,-2.0017628306057724,1.8518116876938278,1.0790394856546992,0.771100283636,0.00194932528375,5.9575315373245223e-07,0,2.9787657686622612e-07,19,1,1,1,0,0
2487,4,-1.8748852129006539,1.1385380233667344,-0.31434408705080813,-5.8438815589138375,4.6364458743789765,-2.5667355129683838,1.34678483166,0.00289449775722,1.8163815032602761e-06,0,9.0819075163013804e-07,56,1,1,1,0,0
2488,11,-4.6785519724600384,5.9209554506249757,-0.83224657178705952,-2.4041969270889645,4.1230225807471914,1.3296007086668715,0.0602580997668,0.00100084197634,3.936169184565023e-09,0,1.9680845922825115e-09,13,1,1,1,0,0
2489,1,-1.3380233745353765,4.1687484987010421,-0.9201052291827958,-0.3953723835416556,5.6489783171741914,-2.4599775264534265,0.637253082463,0.103934202681,3.6966658763204804e-06,0,1.8483329381602402e-06,10,1,1,1,0,0
2490,6,2.9003136242218335,-1.8886507851693513,-2.2335702766823626,5.3292515901846684,-0.99031238004619881,-1.6583853054356055,0.0520840906839,0.00480363835036,9.7417816136933203e-09,0,4.8708908068466601e-09,45,1,1,1,0,0
2491,5,-1.4293579871981787,-2.3109622069840121,0.61850262984094795,6.1739294584583577,1.9437502870566576,0.69664714351625878,0.0456959016118,0.0493356718716,7.4352951022651743e-07,0,3.7176475511325871e-07,54,1,1,1,0,0
2492,5,3.3044619100252781,-1.810411112483608,1.615255110131727,-4.3966006522168257,5.1222901071766005,-2.2021113542169002,0.0213081761414,0.00566853962225,1.0242109314366696e-08,0,5.1210546571833482e-09,17,1,1,1,0,0
2493,0,-1.8346644330324346,3.5197907048779089,-3.0034018702031515,-5.4519917256320083,4.5493091302763125,3.031835838649048,2.19587966248,0.00879478164252,4.8454490963537392e-06,0,2.4227245481768696e-06,20,1,1,1,0,0
2494,14,3.6043515349527429,4.3881085653929102,-1.4560303789271054,4.8291232140918572,-1.7085804990257651,-2.1487504023571997,0.194830700338,0.0247454813038,2.2448808078044757e-07,0,1.1224404039022379e-07,14,1,1,1,0,0
2495,11,4.4513162267786042,0.81452463378538942,2.9720995320224719,-2.2067827213789721,-1.9071522898250095,2.8660393201451559,0.0481920080341,0.198590293605,1.2015856168962533e-05,0,6.0079280844812667e-06,23,1,1,1,0,0
2496,15,-4.6270278867644175,-4.3753256979547217,1.3074485354415888,-3.7637429546571339,5.5848280662805116,3.7781569873515011,0.0928826578798,0.000486985679942,8.6994296949855372e-09,0,4.3497148474927686e-09,8,1,1,1,0,0
2497,1,2.9767981251868831,3.7165927744415246,-1.89226366156018,2.1875200049758106,1.2327870814256767,2.1174049458462094,0.086376403748,0.0447356008612,6.1708380054335754e-07,0,3.0854190027167877e-07,12,1,1,1,0,0
2498,3,-1.1834772563227602,-6.174351645263414,-1.9619901553245307,2.2006031264270804,-1.5742791412823962,-3.6094280296449299,0.0220434771586,0.00947773535288,2.7848926236450084e-08,0,1.3924463118225042e-08,13,1,1,1,0,0
2499,0,1.8918390325735841,2.0371106833051247,1.4486739897877376,3.8426169081668866,-2.2614709120172791,0.53422886440766471,0.033058290714,0.0392323069766,4.6995203586712999e-07,0,2.3497601793356499e-07,10,1,1,1,0,0
2500,9,-1.3494490899209921,4.0331216826564251,0.88192097632855482,4.2992885041779028,5.0049483642707546,0.67485019307919702,0.137836823101,0.0354590713009,4.0200840414678262e-07,0,2.0100420207339131e-07,56,1,1,1,0,0
2501,5,-5.4021252673307574,-5.9564236781137385,-1.8574463136297876,4.486216939525673,-1.5367821951154095,1.9454085350509485,0.0330666685202,0.0877010885272,2.3440524794524674e-06,0,1.1720262397262337e-06,16,1,1,1,0,0
2502,14,-1.5636166200044421,-1.7904915696003596,-1.8052346076016257,-4.877553585145149,2.2991830089367733,5.8819575737096743,0.158808487366,0.0191972999199,1.3748271983983799e-07,0,6.8741359919918993e-08,31,1,1,1,0,0
2503,2,-5.7806322301335893,5.9871020767071732,-0.25536006486578272,-1.4463225732540914,-4.7205790960024805,4.4357879388477803,0.544336351783,0.0038037495546,3.0070942426231231e-07,0,1.5035471213115616e-07,28,1,1,1,0,0
2504,15,5.2992992650528672,-5.6586456486335397,2.6030629946699202,0.59568318121251973,-4.4781328288290156,-0.60066013179719524,78.8974426076,0.486600717601,0.0062969338413862812,0,0.0031484669206931406,60,0,0,0,0,3
2505,15,-1.6409196787976954,-0.83520405190428448,2.757028809802514,-5.0772205233115484,4.3028885841432807,-2.5937088014616916,0.0263906005495,0.0546840156762,9.1160659727552117e-07,0,4.5580329863776058e-07,18,1,1,1,0,0
2506,14,3.1137557358691752,-1.9395748739715544,1.9553432557459061,5.2304789598287984,2.813403138798531,-5.7423013484246095,0.361491491794,0.00179055466601,1.3165272828767435e-07,0,6.5826364143837173e-08,17,1,1,1,0,0
2507,8,3.8015573877651496,-0.70496782469416241,2.4405082644880665,-0.19729608344497968,-1.1319305117005352,-2.6526512722614304,0.0524246815035,0.185133772612,1.0443362293772795e-05,0,5.2216811468863975e-06,11,1,1,1,0,0
2508,14,-5.8068739936229328,-0.50652146140711352,-0.88106591073423879,0.042703181495154771,-4.3285247882426958,3.908362424658145,0.187955278698,0.0417106447855,5.6529383816377446e-07,0,2.8264691908188723e-07,5,1,1,1,0,0
2509,4,-5.3257424202767565,0.88297988834356578,1.102578137635037,1.9735427995642407,1.5353109413810371,-2.8307657622419802,0.0613076766403,0.000724972260657,3.9187334942087593e-09,0,1.9593667471043796e-09,13,1,1,1,0,0
2510,15,-2.0143980497707128,-1.2211253494975709,-1.7443216223825762,-2.4281947548726333,-1.6455980160858314,-2.1495754752207605,0.0207009483167,0.00448563890403,6.5577230765198961e-09,0,3.2788615382599481e-09,30,1,1,1,0,0
2511,14,-6.016749548698451,2.7775505590229592,0.07450948988531042,-0.83906009355693856,3.7694284091999553,-5.1808116162183682,57.7739865623,0.0429068594127,0.0033383943235362071,0,0.0016691971617681036,60,0,0,0,0,3
2512,12,4.8257475554578697,-5.4844111651085701,-1.2673422189304684,-1.1356089011553756,-4.7748784199335006,5.9443854762753077,0.0995346980658,0.00660418684449,2.3193131356904099e-08,0,1.1596565678452049e-08,20,1,1,1,0,0
2513,11,2.5678825450865874,6.1806507346387294,1.5025309209796243,2.0562767248085274,1.4344515851600042,3.163676520369394,0.0403676270064,3.30013090452e-05,1.629877064819459e-09,0,8.1493853240972948e-10,18,1,1,1,0,0
2514,3,4.6261562752376948,1.2073219373951523,1.153419252834782,-2.0090265722293932,-0.22269495668171402,5.1503513044609166,0.360983750583,0.147230654098,6.7334601076816983e-06,0,3.3667300538408491e-06,24,1,1,1,0,0
2515,15,-1.4891330429454412,-3.6296696790285905,-2.820122816287792,0.16399992814958597,-3.5955757104327444,0.67779349947456469,46.6371173075,0.113975635906,0.0021789778267726503,0,0.0010894889133863251,60,0,0,0,0,3
2516,15,-2.8768636469824984,2.8586509242785811,2.7856018816035424,3.2823189166240887,-1.8879225533763699,-2.73267519888994,0.0107008876379,0.0425076158967,5.5052693561351035e-07,0,2.7526346780675518e-07,20,1,1,1,0,0
2517,3,-3.9261418504737247,3.0463646408475009,2.4629930232849797,3.4379426245744562,-0.99050516365305274,-1.5318738992677543,0.0710506931083,0.00430018874451,1.0681071549717265e-08,0,5.3405357748586325e-09,48,1,1,1,0,0
2518,5,1.8608914435484427,0.88199534192495255,-1.2564407672306017,-4.7786520078400248,4.4696287048073513,-0.72560551604369961,0.0505885230214,0.006089690064,1.3855730080542214e-08,0,6.927865040271107e-09,13,1,1,1,0,0
2519,6,0.11484532907295501,-2.959495532503523,-2.1822790293384622,3.8630448422739825,-4.2485619190628867,4.3527337704627556,0.0242820879916,0.0906162114915,2.5018939641878133e-06,0,1.2509469820939067e-06,35,1,1,1,0,0
2520,2,2.8210703141326832,3.3596252883695441,-2.3160973101584994,-1.0167855514445332,-4.4179390956365028,2.0470229542212075,0.143814813765,0.000650611513789,2.0811643793011347e-08,0,1.0405821896505673e-08,9,1,1,1,0,0
2521,12,-4.2200382998176913,-2.5965076349292491,-1.1308675633353655,5.6114404774916578,-2.216278069214781,-0.069834413978038232,0.238460099678,0.000644800471511,5.6989869206857143e-08,0,2.8494934603428571e-08,9,1,1,1,0,0
2522,13,3.1342333541927343,-1.5118010925123477,1.9096040556820357,-2.3303393803608317,2.3705888755291364,-4.5794375795738782,0.539118091089,0.183431429449,1.05401378450381e-05,0,5.2700689225190502e-06,7,1,1,1,0,0
2523,6,4.7054124955327747,-2.8215872625352652,0.9869457427462186,-2.715880615893056,4.8285189222169809,3.2951258763456202,0.0131223427396,0.0154504813106,7.2889666018017415e-08,0,3.6444833009008708e-08,17,1,1,1,0,0
2524,13,-0.65764240082256653,2.4899608270387295,-2.4267384281902529,-4.6498205013780396,4.6196723626273553,-5.1224055543148594,0.224624089627,0.764647366786,0.0001781558734793467,0,8.9077936739673352e-05,27,1,1,1,0,0
2525,10,1.6822232828390846,3.8810956758401614,-2.6768960543403768,-6.1741865481575298,-1.5122045376519493,0.48976601607183301,0.0520106712804,0.000127538144052,2.710064827339964e-09,0,1.355032413669982e-09,24,1,1,1,0,0
2526,9,-4.8504595663283556,-5.649387401213108,-0.073715794609162194,3.5258176908474721,1.46422560887564,3.5457245620552684,2.70400565576,0.023524265429,7.4802191444026947e-06,0,3.7401095722013473e-06,17,1,1,1,0,0
2527,2,4.9344964571478398,-3.0225688775968735,1.2877405187494999,-2.1330786716423971,-1.4660289408825191,-2.6875610494029258,0.00815558727082,0.163948056627,8.1878675612132138e-06,0,4.0939337806066069e-06,24,1,1,1,0,0
2528,8,-5.6599022439726836,0.67046533155716748,0.42258465343983226,-2.7222104348494529,-4.6763417296052321,-2.3477941315821109,0.291268552444,0.00766735874086,1.02745337336701e-07,0,5.13726686683505e-08,25,1,1,1,0,0
2529,0,-6.1105252741958598,2.2747467303556692,1.2645383081412174,-2.8294273760987463,2.1923350531361327,3.1079528117852924,0.223903760597,0.0227295111982,2.0750759852336345e-07,0,1.0375379926168173e-07,6,1,1,1,0,0
2530,7,-3.1769998419267824,-3.8125697166792141,0.49527012862623476,4.6095658073920083,-1.9921133703711285,-1.8011373448467858,0.23319589753,0.00151389871845,5.5078476039037887e-08,0,2.7539238019518944e-08,22,1,1,1,0,0
2531,10,-2.4739419041496791,-1.1082591336860304,0.54018832295503871,-1.270801848347294,-4.536627399225992,-4.8674775621670632,2.38988005936,0.24637170805,2.4201505105551553e-05,0,1.2100752552775776e-05,15,1,1,1,0,0
2532,0,-2.4139616007612763,1.7944073690650846,2.3620717454740898,-2.4327896151176054,-1.9527515209996045,-2.4933858481359317,0.599004699195,0.0230442875571,5.2057041722145304e-07,0,2.6028520861072652e-07,50,1,1,1,0,0
2533,1,-0.26315080928383544,4.3938432731294972,2.7832279481718181,4.8705022476350273,2.1376455811811805,5.1831323037205381,0.136335772419,0.000893110762825,1.8830419961894375e-08,0,9.4152099809471877e-09,15,1,1,1,0,0
2534,8,4.6737707754016204,-2.5911447712269169,2.1769782661131627,-1.0534437734796347,1.6557985038038749,-6.1860265895907887,0.962077767518,0.0394610262244,1.3999355274891841e-06,0,6.9996776374459207e-07,50,1,1,1,0,0
2535,4,-1.3624025292169148,2.5607234017666816,0.79535321359775157,-2.3833071433467099,-3.840035607740738,3.6766220246430974,0.159798292805,0.0149257969976,9.3397985270731846e-08,0,4.6698992635365923e-08,25,1,1,1,0,0
2536,10,-1.4988360248366124,3.078585530500249,-1.1093557368432747,-2.2005716700229825,-2.4129337066382583,-4.0731935179233778,0.135283493401,0.175431380769,9.3932589245203315e-06,0,4.6966294622601657e-06,21,1,1,1,0,0
2537,5,-4.6768917408580517,-4.7193204752873532,-0.36804858452026001,4.6762299550281146,4.5989675684663247,6.1930713498058747,0.0253553010045,0.863769814772,0.00022727517978511264,0,0.00011363758989255632,27,1,1,1,0,0
2538,0,4.5901659805360548,-4.0071364513385026,-2.7623883668972971,2.3920047858794722,-1.5740512606044139,-3.2756981664050495,90.5676435811,0.00122682325968,0.0082024985223063621,0,0.0041012492611531811,60,0,0,0,0,3
2539,11,3.0386365733496827,1.0688334523406937,-0.1202422444591002,-0.1337135589948866,4.1109123154147404,-2.1255741217971686,0.568098670244,0.576461820149,0.00010154961172274458,0,5.0774805861372288e-05,37,1,1,1,0,0
2540,2,-1.2980505608725426,-5.8046734557485902,-0.72643149282174524,1.5546343379923488,4.7223215487109078,3.462802096399888,0.142084339646,0.0236654073199,1.907894035515719e-07,0,9.5394701775785951e-08,56,1,1,1,0,0
2541,11,5.3747836030438894,-0.74205163957250375,2.5636265941247718,1.1506417991549054,-4.7451019371186876,-0.73636315785463158,0.676360862863,0.0273114269323,6.8468242738827268e-07,0,3.4234121369413634e-07,15,1,1,1,0,0
2542,2,-4.2645033472026288,2.167808794616608,-0.99081424770794002,-3.0605499134339382,1.8292343229514136,2.6504528053682352,3.57744402327,0.338339221829,4.766870632431046e-05,0,2.383435316215523e-05,45,1,1,1,0,0
2543,6,-2.0593100066344139,-2.0167768308942202,2.3247406746852675,-5.215465297436884,4.6036717649723711,-2.7309447052950153,0.363770762793,0.00861934771804,1.5496015707260784e-07,0,7.7480078536303921e-08,14,1,1,1,0,0
2544,3,-2.8514421456910726,0.34291983388876734,1.0102413792681562,-0.65857076088646138,3.3649750509471783,-3.702626871703798,0.161289291144,0.00375693925831,3.031378621411193e-08,0,1.5156893107055965e-08,10,1,1,1,0,0
2545,11,1.3874870319549859,-2.1478448991169947,2.2989151581526359,4.1879985892753577,1.6008235111927678,3.3907042483449734,0.0616544681617,0.0122095164891,4.9211290668427292e-08,0,2.4605645334213646e-08,29,1,1,1,0,0
2546,12,-0.38345795335557847,1.005597966520245,1.5131279676927361,5.9949116410561993,-2.1091649615807886,3.8727490392572701,0.0664956160489,0.000621625850432,4.5393768204364569e-09,0,2.2696884102182284e-09,8,1,1,1,0,0
2547,0,3.3421129045691433,-4.4732270290409781,1.2078563879732445,2.3931632579319064,-3.8173228513696489,-4.1622456553281149,0.0994800535266,0.0726481208881,1.617590706448322e-06,0,8.0879535322416099e-07,19,1,1,1,0,0
2548,1,3.44891605815386,-0.21712658238266014,0.82846404270263496,-3.0837871835420261,-3.165894911659707,0.57271979042345189,0.0572673445073,0.000139824202352,3.2855042634670173e-09,0,1.6427521317335087e-09,40,1,1,1,0,0
2549,12,-5.9471613211032794,1.9423285409832689,-1.5476757739196463,5.4853084461417483,1.806256652342382,4.7293280333116625,0.200595907803,0.00719138318654,5.5992310313247642e-08,0,2.7996155156623821e-08,18,1,1,1,0,0
2550,14,-1.5376845370612777,0.064681589693945066,0.96264695971587633,5.2055190873125996,4.7746281546100127,-2.3550190979454966,0.135286403574,0.00337225500295,2.1766551910469552e-08,0,1.0883275955234776e-08,30,1,1,1,0,0
2551,10,1.6029315203398886,5.8735729876799798,-0.7752475518363553,-3.8494066556616686,-2.9621432877386091,5.812289705794476,0.647965999319,0.0285794293216,6.6866650396787266e-07,0,3.3433325198393633e-07,26,1,1,1,0,0
2552,13,5.9040128839035795,3.9023407450741625,2.9905768233654539,-5.9445446191984352,-2.1256399512964093,4.1583074938009554,1.40162298634,0.012643067507,2.0132392240444549e-06,0,1.0066196120222274e-06,15,1,1,1,0,0
2553,12,-0.261912829828234,-4.3103126708773942,2.2075731615503389,3.9652792601616706,-0.57344750691317126,-5.3528630302004823,0.586811739409,0.0256152889366,5.4422061349682001e-07,0,2.7211030674841001e-07,23,1,1,1,0,0
2554,7,-2.304487390965944,0.54326385033962088,0.53057518344837595,6.0443828546227154,-1.5404171961537354,3.2003271842917367,0.452548898296,0.0409073278492,7.1455018088286468e-07,0,3.5727509044143234e-07,13,1,1,1,0,0
2555,12,-4.4158354137095488,2.8031181681273587,-1.6650732185615509,0.50965078696682675,4.993210168128404,-0.42913889440567748,0.0305901235645,0.0108986605083,3.7118456742223177e-08,0,1.8559228371111588e-08,18,1,1,1,0,0
2556,14,-1.9109111720850545,-3.655754606042477,-1.8779845818861882,1.4622443423809617,-0.98333087288761711,3.7428946778732568,0.0408755158556,0.0105526338047,3.5592418864318957e-08,0,1.7796209432159478e-08,36,1,1,1,0,0
2557,11,0.71973460980054305,-2.3503507527277794,2.2864870658276883,5.8694722494717686,-2.7111721832553082,4.8708318994232629,1.31238318627,0.504958431143,7.9394618411046431e-05,0,3.9697309205523215e-05,12,1,1,1,0,0
2558,3,-2.2203944310208223,-5.6583368011151638,2.3484502858813148,2.0261966440282642,-3.5892182913557473,5.9330020547506637,3.30266441235,0.131677541905,1.6189346059707553e-05,0,8.0946730298537763e-06,25,1,1,1,0,0
2559,7,-1.9151704312102098,1.5329871175145786,2.7121750843514127,2.0939637031367697,-3.8081046086888071,-4.4287402033981262,0.783377091466,0.016355823169,6.9516877249034562e-07,0,3.4758438624517281e-07,11,1,1,1,0,0
2560,13,-4.8598863373711483,4.7798133913327217,1.0896137209235188,-1.1774266280936836,1.6207950938676345,-3.0920390384673935,0.842489259282,0.0176832346325,8.0504104045723826e-07,0,4.0252052022861913e-07,17,1,1,1,0,0
2561,9,-2.7042041993616044,5.7685973288981272,-1.6267961776783417,-0.9944006684523985,2.7849441127345824,3.465676224413178,0.221427108521,0.0593098265852,1.1205691155030577e-06,0,5.6028455775152887e-07,6,1,1,1,0,0
2562,1,5.8913764437802438,1.2083623319422268,-0.94286277673171803,-5.0714196095840904,5.6694410203563104,1.0731148648261353,0.0500126919588,0.00710687389443,1.7886781375091385e-08,0,8.9433906875456923e-09,12,1,1,1,0,0
2563,6,-1.0901259758067812,2.2897097861608406,-2.0042845250603811,4.3530264919993806,2.6700723317118729,6.1579417016244395,0.900133896966,0.0188998483038,9.1905167428398849e-07,0,4.5952583714199425e-07,15,1,1,1,0,0
2564,4,2.0786398149578802,1.6669481809880866,1.7869586512736089,-4.7299139351647472,-5.2191275864949924,2.8653657620056472,0.0309464561346,0.00740579314812,1.7664660746678777e-08,0,8.8323303733393886e-09,15,1,1,1,0,0
2565,2,-2.5020004768496795,4.9495185182283512,0.48682994306142147,1.2229937835417812,2.9002620739019052,2.0010092647187063,0.408264158611,0.00838410945671,1.8809218425585035e-07,0,9.4046092127925173e-08,13,1,1,1,0,0
2566,9,0.84621738760860588,4.3652029304052089,-1.3886448933075555,-6.1569201020820667,-0.23631047947317638,-1.3850040410636095,0.260697332224,0.0648387769976,1.3485951419549646e-06,0,6.7429757097748229e-07,13,1,1,1,0,0
2567,8,-1.4000204916949128,0.60941107689238183,-2.2287768104312891,0.44420794151437581,2.2102867411958407,-5.5417347745184733,0.0128963590745,0.0297988084016,2.7065713627165072e-07,0,1.3532856813582536e-07,25,1,1,1,0,0
2568,4,-4.4748686618938143,-0.89560289194176035,-2.1805020574738339,-0.95105123725050544,-1.8777333985775984,0.22971863592812194,0.295728666901,0.121940210208,4.6169382345504014e-06,0,2.3084691172752007e-06,37,1,1,1,0,0
2569,11,-1.6277098763407185,1.7946620565792577,0.68178140625334283,2.516079531545937,-3.8771710966200037,-5.0864967328621535,0.477333156239,0.00423702098242,2.3331553960826205e-07,0,1.1665776980413103e-07,45,1,1,1,0,0
2570,14,-0.13578393453755941,5.5542419555604789,2.3036503881468993,3.329869959531552,1.636488516093614,5.1430458091581537,0.870254623711,0.00147488611113,7.580057410250536e-07,0,3.790028705125268e-07,8,1,1,1,0,0
2571,2,0.91331347614459257,2.5826475990527702,1.0603616552273163,0.90467649364720815,1.7811968076777489,3.3651319531462791,0.00691108982391,0.0162116802564,8.0106879879940272e-08,0,4.0053439939970136e-08,22,1,1,1,0,0
2572,6,-0.35280238547160703,0.88463404571255844,1.0319084344469667,6.2027632570807336,4.0260044873186791,0.38326103054387117,0.745407158818,0.517869901786,8.2250744666337389e-05,4.3269424902004805e-05,4.2423455080228841e-05,28,1,1,1,1,0
2573,3,-2.221598974639853,1.9149448426720799,-1.5734838832612297,3.9718278378352871,-4.4734411574077351,-5.0769677401120807,0.125405077833,0.050896816745,8.0483358108231282e-07,0,4.0241679054115641e-07,32,1,1,1,0,0
2574,8,3.252389777490579,3.2707644771741533,-0.67178855490310263,-0.33729675310653096,4.4947507603691044,4.254525565346567,0.0334852975395,0.0503345331336,7.7288936708934886e-07,0,3.8644468354467443e-07,12,1,1,1,0,0
2575,13,-3.0604865846553455,3.02697691098856,1.9799187794219599,-2.9465315672177339,4.9694941628560629,4.4928811138554829,0.0274789217197,0.066943003068,1.3658571355353424e-06,0,6.8292856776767118e-07,36,1,1,1,0,0
2576,7,-5.1209121982261738,-2.7926589554418464,2.6526002438363858,1.9263656393158959,5.2963906735112696,-4.0694826384955141,0.168963125691,0.00398090516646,3.3375994675710527e-08,0,1.6687997337855263e-08,34,1,1,1,0,0
2577,7,3.3211449841983978,4.7310231656155661,2.8763915629280157,-3.4639939278876852,1.695893791301061,1.5545584440818816,0.130600520172,0.0420129268714,5.5473244629227541e-07,0,2.7736622314613771e-07,10,1,1,1,0,0
2578,3,-0.79870354848489677,3.3659587062281426,2.4071771534145543,4.6218856116482412,2.8619753359130722,-0.28239534517076659,4.53051675288,0.271489757079,4.2977923228368313e-05,0,2.1488961614184156e-05,56,1,1,1,0,0
2579,6,3.1541034966860892,-5.7350688167885782,2.8218487973777977,-3.6567043296117698,-4.8575226932015543,-4.4643845914901101,1.08961294555,0.0164370737017,1.2695571111119427e-06,0,6.3477855555597133e-07,41,1,1,1,0,0
2580,14,3.4509783043156834,-2.354816728186762,-1.9437172983017865,-2.7938322887310987,-5.0983019014616122,0.99484416914695106,0.013456495753,0.371971597849,4.2147921410944202e-05,0,2.1073960705472101e-05,14,1,1,1,0,0
2581,2,-4.7627508385284756,3.2197963494017232,-0.62995688773159098,-2.0245740737516109,-5.6918280379989445,2.9517008665858002,0.281847664607,0.302871259405,2.8022298571541216e-05,0,1.4011149285770608e-05,7,1,1,1,0,0
2582,1,1.0894879229793049,0.31701860828319051,2.8197102810228345,-1.4415195437330079,4.5363553787489872,-5.8091721931951579,0.0429654648482,0.000278153917067,1.8695992980292716e-09,0,9.3479964901463579e-10,20,1,1,1,0,0
2583,6,4.3600745995885175,-3.0425940027718785,-0.63399227928737245,-0.45670350194797055,4.6000984152662632,3.9260368341504894,1.94123737582,0.00720316877259,3.7842078191857516e-06,0,1.8921039095928758e-06,28,1,1,1,0,0
2584,8,4.2974854454647744,-3.1211626647867581,-1.8145367791980886,-2.7439614188175434,-5.2565180996307763,0.75728147828876502,0.0168087936037,0.0270345031247,2.2291655085536187e-07,0,1.1145827542768093e-07,13,1,1,1,0,0
2585,4,1.4461933376949074,5.9388915758259531,1.7530827595392837,-3.1446222256265428,-4.9722330581318639,-2.4652059206611954,0.107564954406,0.0593513315431,1.084609619356589e-06,0,5.4230480967829451e-07,22,1,1,1,0,0
2586,8,-5.1589344109437789,-4.024842931619717,-0.69820907195497595,-6.0831642299727751,-1.9864240141299596,0.9227877734960559,0.408439169499,0.039615415935,6.4488340080398471e-07,0,3.2244170040199235e-07,18,1,1,1,0,0
2587,14,3.9292279731280986,1.6688395485998226,1.7462575896996175,-4.7756762971396274,-5.4343009320990641,5.6798232268244124,0.0114892008307,0.10417566401,3.30601356004561e-06,0,1.653006780022805e-06,24,1,1,1,0,0
2588,2,3.9559422899624486,-3.675425901950848,2.4811928474567995,-3.6703202310798835,4.712386929638785,-2.3435807109440105,0.0420395530903,0.000593809046743,1.8747349238548079e-09,0,9.3736746192740393e-10,26,1,1,1,0,0
2589,2,5.0117696820221989,2.49267508311579,1.8442212916150225,0.6289264860891014,-5.1552675154490215,5.7702716550883668,0.376141583664,0.00506626985145,1.4930113375342321e-07,0,7.4650566876711604e-08,22,1,1,1,0,0
2590,6,1.097230736128763,5.8274347516605349,2.6141003927608399,1.7294447992889757,0.69052888276482005,-3.0177336352371222,0.041835769658,0.00278468208965,4.1123734959114437e-09,0,2.0561867479557219e-09,10,1,1,1,0,0
2591,8,-2.8638383546433963,-2.0835366186452933,-0.015015382174700109,-1.4458773927819091,4.2212779648660472,-1.2460912682095933,3.57063842666,0.0323933290977,1.3069102291738625e-05,0,6.5345511458693127e-06,30,1,1,1,0,0
2592,0,4.0883718982214994,1.9593050660170366,-2.2954699096282849,1.6030047016938596,4.4813260546774352,3.4037121571083402,1.07443268881,0.185029244098,1.1583233112313296e-05,0,5.7916165561566478e-06,13,1,1,1,0,0
2593,2,-4.1359191638835062,-3.5097270440252868,-0.51075166653591753,4.4126180957482326,4.2668150550266972,5.8720720479974258,0.0354229576913,0.951470853757,0.00027577042574115408,0,0.00013788521287057704,16,1,1,1,0,0
2594,1,1.9797629352178832,2.6423106481407577,-2.5041706889740123,6.1299189619910743,-2.1076377955618466,-4.3778911740934081,146.683317376,1.48777014309,0.022190254070163014,0,0.011095127035081507,60,0,0,0,0,3
2595,12,5.3548943757195042,1.2863254272827527,0.96604418719412954,5.625434817354928,-2.0244538670812178,2.4483691710328173,0.0215060275842,0.0645915937518,1.2713489212040258e-06,0,6.356744606020129e-07,24,1,1,1,0,0
2596,1,-0.62400528423346913,-2.4456987341200556,-1.9185091410606638,2.7908999699666164,-4.5053397658795324,4.718259639878239,0.155102225902,0.00895910080301,4.8506966088161884e-08,0,2.4253483044080942e-08,17,1,1,1,0,0
2597,5,4.1973429129692956,4.2854922249401017,1.4896635636833404,0.22904199896631039,-1.5582864480660925,-3.0030055597319509,0.0499394506544,0.0148642615321,6.9798031683106721e-08,0,3.4899015841553361e-08,6,1,1,1,0,0
2598,6,-4.1001605038801561,-0.65595224066334845,-0.78757040764590391,-5.4528895361861149,1.2125701263106174,2.8188573733238385,0.226696127452,0.0163354941421,1.3267779579982827e-07,0,6.6338897899914134e-08,17,1,1,1,0,0
2599,0,-1.1352964931181957,4.9954430501848952,1.4078121209593577,-2.1152693519273571,-4.9369387399476139,-5.9045918493505525,0.0465559891861,0.0177903992293,9.8578357085706032e-08,0,4.9289178542853016e-08,46,1,1,1,0,0
2600,2,-4.6127003830261888,-2.3407981016489727,-1.4050755530569476,4.7888840112355648,5.6858038848156998,6.0866115511974543,0.0373785517127,0.0444626964784,6.0360489162985781e-07,0,3.0180244581492891e-07,27,1,1,1,0,0
2601,15,1.2577516463545027,-1.1867701593350859,-2.1978206788899297,1.8113930030063834,1.4039836342683383,3.466143452267739,1.54478293837,0.11893431429,6.6952807778571695e-06,0,3.3476403889285848e-06,27,1,1,1,0,0
2602,2,0.15457846581199891,-4.5661096514133988,3.0549769688309731,-6.1916376697454796,-4.3113053892346977,-3.6002290226066602,2.44711326088,0.406372433073,5.6292443648499288e-05,1.4769820460325433e-07,2.8150652770387741e-05,39,1,1,1,1,0
2603,8,-4.3769357274721203,2.1663589600045268,0.079122425141835873,6.0070180586190585,-2.7822212906839114,6.0496599938821092,84.1245957949,0.328451249306,0.0071098098128754075,0,0.0035549049064377038,60,0,0,0,0,3
2604,1,-4.6370890033570769,-1.2383187928445678,-1.3907743926270943,-3.5645434935475291,2.1516255889253548,-2.6738278155075941,0.173703132027,0.00256089771992,3.2170519164700646e-08,0,1.6085259582350323e-08,5,1,1,1,0,0
2605,12,1.7450835927800266,-1.3390600624868558,-2.3108336973553141,-0.74374933026410195,-0.89262631191083408,-0.040170873978872874,1.17942004417,0.0336363379328,1.7356767730987766e-06,0,8.6783838654938831e-07,21,1,1,1,0,0
2606,15,4.7219469802605154,4.4940480300963781,2.2198840954168406,-1.9117783289545722,-4.3642269635529987,6.0893068730000097,0.0346842690126,0.086759315951,2.2941128146130637e-06,0,1.1470564073065318e-06,15,1,1,1,0,0
2607,14,3.2147541685007743,-6.1866831814303609,2.6484815815815614,-3.6290537318080585,1.4591232669684109,1.1726873158065658,0.416724202884,0.0145746522619,2.3836604240326982e-07,0,1.1918302120163491e-07,25,1,1,1,0,0
2608,6,-3.9597353210734685,-3.9215610411324833,0.22569652485656388,5.3465632470110505,1.389794061634632,-6.2722751647960466,4.78833365844,0.162989985898,3.102052502823686e-05,0.005789666432093216,0.0001892002554769149,20,1,1,1,1,0
2609,12,6.0673435333141459,-2.5592655576279699,1.0133552172355769,0.57874990398273662,-3.4445727923040903,-0.18239926792143352,0.416079764065,0.00232550041938,1.7476972651001181e-07,0,8.7384863255005903e-08,14,1,1,1,0,0
2610,2,0.47582588285799421,0.7608380812172435,-2.2740822932847542,2.2719111225775919,-1.6189918789766511,-5.2885421794180747,0.044171669967,0.00292309288211,4.5539314409745946e-09,0,2.2769657204872973e-09,15,1,1,1,0,0
2611,14,1.0574542248447028,3.2257387437685856,-0.40048217966589628,-0.27713939040144248,-0.15122414658217814,0.25861649683205035,0.0358617258321,0.000885454777464,1.5248926249231939e-09,0,7.6244631246159695e-10,57,1,1,1,0,0
2612,10,-0.15514614185213438,-4.8467081316320106,-2.6443466139640188,4.411542102745897,-4.6371384532543711,4.0421084208426334,0.143247644275,0.063067503263,1.2321387111652707e-06,0,6.1606935558263534e-07,10,1,1,1,0,0
2613,4,-0.66572001146700621,3.1932212906128208,2.3036110791122177,-3.9570838892308497,-1.6719252210983901,1.8373350703422722,0.188495389018,0.0551257381953,9.6121624747321546e-07,0,4.8060812373660773e-07,16,1,1,1,0,0
2614,8,-1.7204590807712163,2.8295764920434752,-2.4477154076438916,-4.7060902677646768,-1.7749053454086214,3.0972486014953025,0.419826797172,0.0143930522278,2.3935906981694549e-07,0,1.1967953490847275e-07,27,1,1,1,0,0
2615,0,-2.5384362986480236,-1.2437883476932896,2.3689936361127133,3.5643326567569553,2.0237789770702821,-4.6565650490528734,0.0115567369033,0.174773023783,9.3048584141332338e-06,0,4.6524292070666169e-06,36,1,1,1,0,0
2616,10,1.8186154918893043,-1.6928253967797733,1.3550881878857677,5.1393083991419406,1.6410273052744249,-3.6675561735018669,0.411504362323,0.0323532800472,4.8818947280842928e-07,0,2.4409473640421464e-07,8,1,1,1,0,0
2617,11,0.34027580513510797,1.2869957797375864,-1.9788513547789364,-2.4246867462080055,3.7749299766585547,2.3045980532097428,0.219922410463,0.0854921796573,2.2747880198924327e-06,0,1.1373940099462164e-06,12,1,1,1,0,0
2618,12,-5.0538277419471909,0.029090172825547964,-1.0277132561112696,-0.64632219529155499,2.0261116629660103,3.0763797095812171,0.1007921599,0.340159533895,3.5256986366043973e-05,0,1.7628493183021987e-05,26,1,1,1,0,0
2619,13,0.70971273720630879,-5.749878775984496,-0.29891057367580171,4.8910634806017264,1.1645851253706974,3.6158474090194761,0.145060236685,0.46610957753,6.6201655978228644e-05,0,3.3100827989114322e-05,52,1,1,1,0,0
2620,3,-1.3714717836027974,-4.0418010325274265,-1.7546356584155045,5.1438727777410067,-1.8552768773262609,-2.141859600646224,0.119307469148,0.058721442842,1.0646184501822423e-06,0,5.3230922509112113e-07,10,1,1,1,0,0
2621,11,-2.8543404073715832,5.178653547717281,2.1009530498130098,-2.7266962576248193,-4.5963516043601844,1.4597669909543234,0.188736525399,0.00712351486926,5.1079123739918047e-08,0,2.5539561869959024e-08,15,1,1,1,0,0
2622,6,2.3577803642916209,3.8710966028710221,1.0006879722950173,-0.29049854312361867,-4.9010540199029684,-4.0728439416208291,0.219232612984,0.00732896123738,6.4425059017270272e-08,0,3.2212529508635136e-08,10,1,1,1,0,0
2623,15,-2.9446371745127231,-4.734986749738785,2.6341935472849491,-1.2295307189712321,2.1363061943829096,-0.20250138374331136,1.10482314065,0.000720703191788,1.2207923943915941e-06,0,6.1039619719579705e-07,11,1,1,1,0,0
2624,0,-4.6195464743503178,5.8569537670979406,1.0598546998835248,1.2580294064294524,4.702910649685224,0.065920882410857126,0.275228174447,0.0603617784741,1.1856376117228362e-06,0,5.928188058614181e-07,17,1,1,1,0,0
2625,11,-4.8944749466126893,-5.0649594190162173,0.09659459061783647,6.1366408534750647,-1.6961163913561799,-5.563963054061583,0.599282160663,0.0799959993643,2.30849561346557e-06,0,1.154247806732785e-06,19,1,1,1,0,0
2626,7,-1.5966976437052443,-3.8448221774440485,1.8433174118415949,0.40893262293483229,-5.0462802027562894,0.074350981660338961,0.0383819038894,0.00327856218679,4.747494056800417e-09,0,2.3737470284002085e-09,20,1,1,1,0,0
2627,4,-3.2237567049822009,0.83002250448374382,2.0681250575385386,4.8477161735416967,-1.0505431849231657,-0.73416810797946674,0.179758737524,0.0200461450765,1.5472308403883595e-07,0,7.7361542019417973e-08,11,1,1,1,0,0
2628,11,1.8515937219422742,0.5961878083203147,-1.0154437982306723,1.5934467084254422,-2.4962390734730704,5.9609264838062979,0.245059835774,0.0606948920433,1.1822252730162475e-06,0,5.9111263650812377e-07,22,1,1,1,0,0
2629,12,2.308982528230894,-2.9569617651841704,-0.54035386748007541,1.8009065927865133,1.6187036636510483,2.4100905341554277,0.0782794663374,0.0898483234801,2.4652191872545986e-06,0,1.2326095936272993e-06,13,1,1,1,0,0
2630,14,-2.6729819656914984,2.1081995320763549,1.3944246700905452,3.8290651997946905,4.8624318284405694,4.7667635744711667,0.024485157412,0.00167713684415,1.456347154631121e-09,0,7.2817357731556048e-10,18,1,1,1,0,0
2631,0,-0.16310378336106593,1.4635397525218696,1.8186424445745633,-1.9660971714180853,5.0628196406476791,1.880332106452373,0.0749361767974,0.00117619035018,6.0368455631205454e-09,0,3.0184227815602727e-09,13,1,1,1,0,0
2632,10,-0.53665385815379363,1.6062099533432324,-0.3181514371353944,-0.81026305770743778,5.9273311184374391,2.9540459567761457,0.577652599547,0.0139995410231,3.9338362535973046e-07,0,1.9669181267986523e-07,10,1,1,1,0,0
2633,2,-2.1229665452365007,-0.75329438697379458,1.4168130340461826,-0.99125440750983729,-0.39214310344473219,-0.86576637195463124,0.210417718018,0.0703467393794,1.5517247963284106e-06,0,7.7586239816420531e-07,14,1,1,1,0,0
2634,10,5.2544739102403,-4.7891331142554359,-0.47260076480163232,1.1961715052517763,-0.67959711927765687,4.2539147766876413,0.385966757626,0.00168711054866,1.498373833489104e-07,0,7.49186916744552e-08,13,1,1,1,0,0
2635,13,0.66680470428859884,4.1111090453283303,2.2849993344647479,-5.7128080865824735,4.6249637390853771,0.92220465972123855,0.166247837461,0.0354412309608,4.1026245164527411e-07,0,2.0513122582263706e-07,39,1,1,1,0,0
2636,6,2.4312657951875525,-6.1081057707885966,0.22877174915516865,6.0127261412761586,-1.2022627442918574,-0.23098674426754487,2.47256483363,0.00259604541834,6.115629810942911e-06,0,3.0578149054714555e-06,18,1,1,1,0,0
2637,7,-3.2983424648823454,4.0428582785531075,-1.8387274562313864,-3.5690983755380201,1.4234655681154564,1.6287048897700751,2.54310392393,0.0533551367564,7.334553488368289e-06,0,3.6672767441841445e-06,7,1,1,1,0,0
2638,3,-3.431144802676839,1.0958666639820871,2.7947236204075585,-4.2922593833839473,-5.2210482023084088,1.5248616253092968,0.369384017924,0.00546873315689,1.4555475876900727e-07,0,7.2777379384503634e-08,14,1,1,1,0,0
2639,9,4.2296984739014718,4.849567908176275,-2.6905588679875789,3.5084676069905552,1.1677749594583127,-5.1304264322557929,0.53683867153,0.0868042218145,2.5834797697736842e-06,0,1.2917398848868421e-06,10,1,1,1,0,0
2640,9,-5.7291411771531999,-3.8476715062731812,-2.7294530761004636,-2.7550959918418458,2.6722518164619564,-6.115918907628128,25.2562779307,4.93854912852,0.008067275309657845,0,0.0040336376548289225,60,1,0,0,0,2
2641,15,5.9668931767698421,3.7575736491008365,-2.9230909272924164,0.84623557505306235,-1.9511719997278514,-4.3718675535131251,0.0976074515829,0.0065174396721,2.2466454800410034e-08,0,1.1233227400205017e-08,21,1,1,1,0,0
2642,2,-3.3713462282772886,4.6714122240809095,2.6631364541062998,0.14275153082019904,-2.0635254974136554,-0.84797448447326562,0.178610259256,0.0333347685266,3.7039457076069337e-07,0,1.8519728538034669e-07,22,1,1,1,0,0
2643,2,3.0603706905749051,1.8664225444365834,-1.1845738704378712,-0.93066072655936904,-2.3268049189968125,4.8761212790155595,0.0418754322605,0.00107218587686,2.103734698598591e-09,0,1.0518673492992955e-09,12,1,1,1,0,0
2644,2,4.6221490512949117,0.83071921638395185,1.8849890323262022,2.2382388652619194,1.4823923591879835,5.7199122800532969,4.12605019787,0.172311587757,2.6068772336910726e-05,0,1.3034386168455363e-05,14,1,1,1,0,0
2645,4,-0.97651176359535929,-3.1234924532919321,-1.7395886865837979,3.9473338912825247,0.12150228462002122,-0.37242247058536065,0.0436408107496,0.0464044594055,6.5785970721239196e-07,0,3.2892985360619598e-07,19,1,1,1,0,0
2646,0,3.777216355332381,-3.6321640598795004,-1.6849650571851518,3.1551357484188354,-3.8543882327213161,-5.5679135109123985,0.320226300037,0.182262440567,1.0221812881233333e-05,0,5.1109064406166664e-06,16,1,1,1,0,0
2647,6,1.0186170013693032,-1.4438197048163908,0.15925396549758475,-0.25815854505814445,-4.5148982299967404,3.0480077750281604,1.99237449631,0.00129067351611,3.9700635768683455e-06,0,1.9850317884341727e-06,51,1,1,1,0,0
2648,2,5.0539861858821533,-3.4509894784812642,-3.0040167133536722,5.3375131078919384,1.1151055234742122,6.132799081429547,0.584884501325,0.00253247741731,3.4404352600378781e-07,0,1.720217630018939e-07,24,1,1,1,0,0
2649,13,3.3665557819878278,3.3665029397343016,-2.0679407919764827,-1.8872008155809803,1.4154031781480636,1.5457781061644948,0.0301606856685,0.0606792634378,1.1225027854018895e-06,0,5.6125139270094474e-07,18,1,1,1,0,0
2650,6,-1.1632907692932526,2.6466982806660218,-2.1435012260260859,-0.9027225399414458,1.0185476271036367,-0.8571709111219018,4.28541137392,0.958977148091,0.00029850225267969772,0,0.00014925112633984886,53,1,1,1,0,0
2651,11,3.2266768875726632,-5.3737540406341324,-2.6472129700208029,-2.4915323891407799,-1.9133816128960333,-1.6441281232307252,1.59850468967,0.130680244971,7.7572683555275718e-06,0,3.8786341777637859e-06,21,1,1,1,0,0
2652,10,4.2056348998609439,0.42013742034547258,2.7171748925407364,-1.0082310876523848,4.2959485499353374,3.3305728222778486,0.0682189542479,0.304522244598,2.8252983933542755e-05,0,1.4126491966771378e-05,11,1,1,1,0,0
2653,5,3.5307835748118621,-0.43308940890765757,0.64385080357030855,1.2166346458316486,-2.0717261831254001,-1.7616334860151035,0.0269595505053,0.0735024349231,1.6464553080494575e-06,0,8.2322765402472876e-07,19,1,1,1,0,0
2654,4,-1.9012042436297465,0.30634616733248421,-1.3978889425127858,-0.24257222920498633,1.6167407824974391,-5.6786662620926238,1.38556457321,0.0498746647927,2.6775195924697307e-06,0,1.3387597962348654e-06,43,1,1,1,0,0
2655,3,-5.9299600343674621,0.38776814357165523,-2.9827586429208028,-1.8387457475001128,-1.3864393163957043,2.1328786847040901,4.05817768083,0.109658373555,2.0131818039468691e-05,0,1.0065909019734346e-05,19,1,1,1,0,0
2656,5,-4.5148677681037377,-4.6166362172664019,2.9784397957400675,-2.7620290288016025,-2.0962110231369961,-5.8264032761943687,0.374641996516,0.014186542929,2.0166331830947356e-07,0,1.0083165915473678e-07,24,1,1,1,0,0
2657,3,3.63286655480238,-4.3242879254911148,1.4729574107170638,4.5528300133571733,4.504276958413854,-2.1933329047111001,0.0415259330816,0.00419029864554,7.0730593796408019e-09,0,3.5365296898204009e-09,26,1,1,1,0,0
2658,0,2.3333482473165463,3.4019553056088894,-1.2571951543681099,-2.4871675105809965,1.0541295038763443,1.1508856302832289,0.0249938933773,0.178124613733,9.6656413404085925e-06,0,4.8328206702042962e-06,16,1,1,1,0,0
2659,2,1.9908459767332485,4.9566691269070491,-1.2514009505868418,3.9037557919040355,5.1347025257231254,0.21573172637574742,0.0548435057463,0.00358842892716,6.9303144655852689e-09,0,3.4651572327926345e-09,57,1,1,1,0,0
2660,4,-1.3728297508799061,4.2188406012173711,2.4303476400430912,2.1991943376276097,-0.9343716888400645,-4.5885235226682672,2.49985305697,0.0305291981039,6.5331784702261193e-06,0,3.2665892351130596e-06,21,1,1,1,0,0
2661,12,-2.389279054638231,-3.2689169626666121,0.73479303724643041,4.0662311751443534,-1.4242952208807751,-1.6537031513975007,0.0380134200293,0.269191740138,2.2075300505986277e-05,0,1.1037650252993138e-05,15,1,1,1,0,0
2662,7,-0.45707743188831962,-0.262687876050055,2.8947182275439953,-4.3455123763937067,-4.814945796641215,-1.2195815125214315,0.183691787968,0.00513587903557,4.17776438594178e-08,0,2.08888219297089e-08,17,1,1,1,0,0
2663,6,0.73765797029185021,2.9450506820918956,2.849986653600233,2.2597200177326608,1.646810018173825,0.73239487341617859,0.219714251786,0.0197066528556,1.665731874478402e-07,0,8.3286593723920099e-08,10,1,1,1,0,0
2664,9,2.533564370192428,2.5567965336199956,1.9075354553724451,-0.1642613841150278,-4.8556087580256113,-6.1223643681548996,0.0152319765425,0.179303061146,9.7935564765519307e-06,0,4.8967782382759654e-06,10,1,1,1,0,0
2665,10,2.0858489332138062,-0.90084192788791573,-2.5683487111648104,-1.4319487147681602,4.7613678014647602,-0.010674549330119756,0.0493480817997,0.00175751901944,3.3761577322118765e-09,0,1.6880788661059382e-09,26,1,1,1,0,0
2666,12,-0.38178789857873829,2.5563721502890844,-0.87549129781104962,5.8885306580570065,-1.3757605376839606,-3.9631436439285737,0.261734190304,0.000381095713892,6.8549027163183934e-08,0,3.4274513581591967e-08,17,1,1,1,0,0
2667,2,3.8053416333494545,-1.9616137918018515,-1.6436101813098605,5.466103856748882,4.5666998563823222,3.5773105601618749,0.0610711064736,0.0278046299689,2.3922862980979395e-07,0,1.1961431490489697e-07,22,1,1,1,0,0
2668,3,2.7571915523664865,1.8070031685451464,-2.1313327357848957,4.9735376443813504,-5.2942808990002082,-5.1304171284393609,0.0892642193293,0.0186125830842,1.1349618022423459e-07,0,5.6748090112117293e-08,13,1,1,1,0,0
2669,10,2.9650800999253581,-0.831862514641034,0.79485371231499424,2.0353826805818382,4.9673504093608178,4.5266519655894006,0.0958812271204,0.00978838126785,3.8379338175358555e-08,0,1.9189669087679278e-08,25,1,1,1,0,0
2670,10,-0.72413500906548722,-1.9126122454580436,2.3022039566596857,-4.6363861573299578,-1.7953501803048681,2.5264636022866802,0.0816264349463,0.00160641549744,7.4489616856114038e-09,0,3.7244808428057019e-09,42,1,1,1,0,0
2671,13,4.3757617154253072,0.91442114963930954,2.1940602848342907,2.3251836719582206,-4.3946939076822531,5.7969093653148454,1.56771636659,0.0210207061488,2.592335931862693e-06,0,1.2961679659313465e-06,22,1,1,1,0,0
2672,13,-5.391122747833248,-4.8042678833897536,0.95077265361548557,-3.9556280687392475,-4.7602713760814321,-2.5526088059218139,0.0867904351721,0.00964084545039,3.5845520179234535e-08,0,1.7922760089617268e-08,16,1,1,1,0,0
2673,7,-4.3106137304774341,-5.8653243583987287,-2.5745770723100221,-2.325728967264248,-1.7421511819928062,-0.47150842027981482,0.339604651259,0.0166847364775,2.0013084786581424e-07,0,1.0006542393290712e-07,9,1,1,1,0,0
2674,14,0.035711061031195493,-1.1033408397463618,-0.78248355129279057,3.1279528354192387,-0.72723524096243108,-4.5664595614083412,0.042330696782,0.0219430369438,1.4846422216142106e-07,0,7.4232111080710532e-08,22,1,1,1,0,0
2675,9,-4.4796976040430563,-0.39233495491933756,0.94240838558315065,1.0958773625327451,-2.5231457584813746,-0.39591667957267107,0.432560659256,0.0703863371193,1.6962554492837427e-06,0,8.4812772464187136e-07,18,1,1,1,0,0
2676,10,-2.1497296181420502,2.0881546833584688,2.4375964166179287,3.4317072647101501,-1.6235188722900677,3.6552948887122652,0.161195515137,0.00649205529185,3.8822638058615017e-08,0,1.9411319029307509e-08,24,1,1,1,0,0
2677,4,5.7327830345121118,0.99417384637672435,1.7760365246162377,-2.8071663058322844,0.74992095045480156,-3.7311193467916501,0.224451722917,0.0363324591318,4.5248806573502895e-07,0,2.2624403286751448e-07,50,1,1,1,0,0
2678,8,-1.3773722917466273,5.7916076072496203,0.98523181001489535,-2.5175680440832089,-4.7752239924849285,-5.9815645122509586,0.246150716717,0.0302728001076,3.3975450263983125e-07,0,1.6987725131991563e-07,17,1,1,1,0,0
2679,12,4.1493145710357355,-2.885816530389179,1.9439667946135983,-6.0774564099818926,2.5367109085314903,0.42397472805746433,0.00670384528549,0.698714687192,0.000148714943734007,0,7.4357471867003499e-05,15,1,1,1,0,0
2680,6,1.1152741141431277,2.1989593782824883,-2.6084340883867743,2.3567957508802708,-1.9396012390801054,-6.1310794951655341,0.040696280465,0.145659176577,6.4646008324365366e-06,0,3.2323004162182683e-06,25,1,1,1,0,0
2681,0,-4.4899679642626351,5.0653128604893194,2.7469489998605581,-5.867354819044599,-1.7718056030684577,-0.20508872606461312,0.375497445726,0.0693673291173,1.606764458602484e-06,0,8.03382229301242e-07,20,1,1,1,0,0
2682,0,-6.0650270164218023,0.46254889497098961,-2.9238320245064608,-3.8226497487940221,-2.3517176700783549,-3.8385302541061739,36.8536477749,0.244307908037,0.0013763728574492063,0,0.00068818642872460316,60,0,0,0,0,3
2683,12,2.9696451713694016,5.7944994650517065,-2.8846248633156191,-0.89581788460450595,-1.9340240702796734,4.188855667242505,0.00208691015566,0.229345939179,1.6022746548900424e-05,0,8.0113732744502119e-06,52,1,1,1,0,0
2684,9,-4.2522058147448742,2.5133122070998493,-0.1229562731910141,-0.75520139485571458,-2.4343911189799745,-5.4327038394621949,42.6295589282,0.000448965073189,0.0018172793558178292,0,0.00090863967790891459,60,0,0,0,0,3
2685,10,-4.6509514839875061,0.34878898593279628,2.6672584612680437,0.38930719410733672,2.0864340426044725,1.8667890110261531,65.7448656427,4.22778635847,0.0097671731870727085,0,0.0048835865935363543,60,0,0,0,0,3
2686,12,5.1724550476621571,-4.0713824184494252,2.6263822631481615,2.7944239959885939,4.9184639900173881,-3.5039341058780336,0.953435255165,0.144357344189,7.2569742408483144e-06,0,3.6284871204241572e-06,20,1,1,1,0,0
2687,0,3.4744425219773727,-0.82431315169528896,2.0763540222125267,0.13096431615928983,-1.399757613095044,4.1080111877544798,0.0474021768382,0.0434116378051,5.7631990762278626e-07,0,2.8815995381139313e-07,31,1,1,1,0,0
2688,2,-3.7339540290557465,2.5456341890761873,2.8004912645814941,-6.072539407496528,-4.9152870807309581,2.2344176075824334,0.82769470708,0.150650060348,7.5985051098880581e-06,0,3.7992525549440291e-06,16,1,1,1,0,0
2689,7,0.18298227730024069,-4.1266802251488048,-0.27355080236377738,-6.133662300122829,4.7219582352079819,2.1133059987439182,0.00755950896059,0.303406798719,2.8041822542664895e-05,0,1.4020911271332448e-05,10,1,1,1,0,0
2690,1,-4.8452311312720182,0.24819400666031449,2.8123449473254305,-0.84287594478794081,-0.99542141252031802,5.4918235724049476,4.91566114995,0.299401081151,5.1469936920563862e-05,0,2.5734968460281931e-05,16,1,1,1,0,0
2691,8,-2.0606892842160063,5.6064155685037607,1.058571872335861,4.4112204190002355,-4.0876128435156831,1.1783479591548129,0.239070153931,0.115563907828,4.1253252950473382e-06,0,2.0626626475236691e-06,17,1,1,1,0,0
2692,15,6.05891163230892,-3.8803103719623175,0.47046580999324139,-2.5573705378898581,5.4329380793785012,-1.110603315644336,0.212293928257,0.0211739339048,1.8163950817939281e-07,0,9.0819754089696405e-08,29,1,1,1,0,0
2693,3,0.43074225224072932,-3.9970620587020815,-2.7022831987146105,3.598613332709879,3.8786830702738646,3.0062205696379634,0.74277524322,0.0372056527569,9.7338495333188976e-07,0,4.8669247666594488e-07,39,1,1,1,0,0
2694,5,3.4811457143134747,3.5909201314564725,-1.556444215331598,-1.8130782893777837,-3.6324510657495863,-4.7684711996189364,0.737842515848,0.00650341799751,5.57295203098765e-07,0,2.786476015493825e-07,15,1,1,1,0,0
2695,4,-0.40400870396244298,-2.6144455222087126,-1.5462199882436825,4.9971334528600186,4.0682653326854181,1.4870743722216897,0.0347761805475,0.00885077440712,2.507195617020473e-08,0,1.2535978085102365e-08,36,1,1,1,0,0
2696,4,3.2237147294511299,-0.78528033933956332,2.6283311348641893,-2.0615974946634674,4.3230736317813863,-2.5302590645564287,0.0531059867042,0.10222490479,3.1860513125495942e-06,0,1.5930256562747971e-06,18,1,1,1,0,0
2697,5,2.2482838072018394,-2.7711092837937392,-1.3440478352070155,-0.083482640130704333,3.972591366627185,5.0583792544985613,0.0289143652226,0.00205135679717,2.1178903302718645e-09,0,1.0589451651359323e-09,13,1,1,1,0,0
2698,2,-3.3942105414335009,-4.1000468207800518,-1.4867188414765906,0.67886590261600144,-2.0980435488109093,-0.62483487874653576,4.07260478756,0.0301034881974,1.6862160154304517e-05,0,8.4310800771522585e-06,16,1,1,1,0,0
2699,12,-4.6374843821682044,1.0240074968172861,-1.1251038885885556,-2.7063192498622697,4.2854166276442172,5.6791846399309422,0.231078545074,0.00118506254467,5.3825090544798671e-08,0,2.6912545272399335e-08,29,1,1,1,0,0
2700,13,5.6465960561840189,-3.7172038372430332,1.6913136210799051,-0.18367740334510269,1.7919875451943306,4.6007275802761054,0.0612113761992,0.000337149135537,3.7814582980583645e-09,0,1.8907291490291822e-09,7,1,1,1,0,0
2701,15,-3.506896999156583,1.0837762500724517,-0.26410922969620548,-2.5686711380428897,-4.1473266543761325,-4.4582777629612034,129.51334785,0.0854217497925,0.016775930026603415,0,0.0083879650133017077,60,0,0,0,0,3
2702,7,0.87583208954126246,-5.895089425280946,0.5001144941701533,-2.109052465585707,-4.011904398165659,-1.9962020119585888,0.189120678003,0.00336134115898,3.9208385610116148e-08,0,1.9604192805058074e-08,20,1,1,1,0,0
2703,12,0.9051425368953161,-6.1427420429492141,2.4274360842892881,1.5230300485247263,1.6317803883636384,-2.6884586509108135,0.0725154349899,0.00360516818238,9.2176733009350155e-09,0,4.6088366504675077e-09,24,1,1,1,0,0
2704,9,-1.4270015108180305,-3.1567588790891969,-2.5648561971431549,1.1096502627728575,4.5252502337137299,-3.4174748096497325,0.064047572844,0.00138395150376,4.6855319612506393e-09,0,2.3427659806253196e-09,16,1,1,1,0,0
2705,13,3.7462218278130712,5.2021448805078574,0.81643530076768311,4.3419781785120275,0.78548754815166388,-0.64555914233962819,0.354075302614,0.00152319544884,1.2607607022226858e-07,0,6.3038035111134289e-08,9,1,1,1,0,0
2706,0,-0.96592548638542874,3.8163813852240005,-2.3657968294220275,3.7574662871878792,1.7317683676294646,-1.0764406762062384,0.92047531084,0.0716371082886,2.4105334055308313e-06,0,1.2052667027654157e-06,11,1,1,1,0,0
2707,8,4.348131698492101,4.8718596476356071,2.3949746128629461,-1.1770357888600158,4.4129642336758419,-1.7458280379586499,0.253976251177,0.0605744689207,1.1822263644168184e-06,0,5.9111318220840918e-07,14,1,1,1,0,0
2708,9,0.14938186397108422,-4.7092007109722642,-0.89547140476825082,-5.4365796461909284,5.0510525276733507,-4.9957900364464205,0.0367523195765,0.0895236057444,2.4426997286355269e-06,0,1.2213498643177635e-06,13,1,1,1,0,0
2709,7,4.2377091892674255,4.0420795279244324,0.3440968597321683,-1.7457012577867463,-1.8000769299671804,3.8132373485119788,0.173824863128,0.0659104022265,1.3535283274080196e-06,0,6.7676416370400979e-07,11,1,1,1,0,0
2710,12,-5.7344236861198725,3.0406329980430042,-2.3429755458020485,1.2056656304283806,-1.6518902013429391,1.405988684941313,0.290824516042,0.00739313001352,1.0122879119590107e-07,0,5.0614395597950537e-08,32,1,1,1,0,0
2711,2,6.1612769613232423,0.54599477346401748,0.19282177481624585,-2.6907490438045976,1.9870844457776027,5.2755065297901069,117.101636262,0.0198417722819,0.013712913141981814,0,0.0068564565709909068,60,0,0,0,0,3
2712,12,-4.1151532852036663,-4.2288186247964275,0.90660066709651399,5.249246871419234,-0.92600431234376568,-0.97781860653488428,0.0306962373361,0.282929498363,2.4385292875294449e-05,0,1.2192646437647224e-05,11,1,1,1,0,0
2713,1,2.0469132819237865,-1.2041942127893885,0.55201696098234121,-1.1680293417943743,-5.1708684885635314,2.0165074042974571,0.215217027845,0.0451690794456,6.6781276150263814e-07,0,3.3390638075131907e-07,25,1,1,1,0,0
2714,0,0.55673755424284788,-5.7188366670696693,-0.69285636136025341,4.7109499589087953,0.43877068476165859,-2.3532636311663713,1.11832468616,0.0532166895934,2.1133315260138456e-06,0,1.0566657630069228e-06,24,1,1,1,0,0
2715,13,-2.171157115619001,-3.4230798914450031,1.2665142867490571,-2.766954656301281,4.7635318971905454,-2.8107443747780589,0.220482895604,0.193179809185,1.1416459207477111e-05,0,5.7082296037385557e-06,18,1,1,1,0,0
2716,1,-5.2999298149890777,4.0528319067938767,0.69785049361453544,3.6954674057516677,4.6684807561289752,-0.09040749944494203,2.50515564913,0.775238535145,0.00018934928595698658,0,9.4674642978493292e-05,20,1,1,1,0,0
2717,0,-3.6777398258567144,-4.676646774772407,1.7304585096627561,1.5033264591242903,1.3480246294970439,2.2868051130233722,3.03032686407,0.0299072808735,9.455344567970839e-06,0,4.7276722839854195e-06,13,1,1,1,0,0
2718,3,0.45679556137709165,3.647974782749611,-1.2861529707384378,-0.80356025305562417,4.5155136494890504,1.2957739473837635,0.215797861524,0.0438431492502,6.3211094256956469e-07,0,3.1605547128478234e-07,39,1,1,1,0,0
2719,4,-0.69889326446194355,-0.46619236999525016,2.1882836034482254,-0.26718560102982558,4.5300129715458324,-3.51107422053729,0.0173726696043,0.0424117367158,5.4823404185070973e-07,0,2.7411702092535487e-07,12,1,1,1,0,0
2720,8,-2.2414128067668329,-1.2658786288604076,-1.9358232680125447,-5.9183444454886933,-0.9178953728632302,2.8253786009795796,0.0688291776732,0.0397832383171,4.8685728923461692e-07,0,2.4342864461730846e-07,10,1,1,1,0,0
2721,11,1.37244024605141,2.844826931401053,-0.74508232609547842,4.7776690315846118,4.4736124077667778,5.6146834979710771,1.63217764292,0.0474293907403,3.3492550931558722e-06,0,1.6746275465779361e-06,19,1,1,1,0,0
2722,13,5.8994101571659083,-4.2660030650290723,2.7148648923438325,-1.5780080799569429,3.4872582641719738,-3.3364655065066544,1.00749654702,0.39007876067,4.7366074391724741e-05,0,2.3683037195862371e-05,13,1,1,1,0,0
2723,10,-2.3258982493664102,0.23442092338372489,2.66611633970057,-3.2458525062900252,2.3137815653933633,0.40158848877659337,0.176668017719,0.0283809560926,2.7657442224575109e-07,0,1.3828721112287555e-07,8,1,1,1,0,0
2724,11,5.2161084809629878,-4.4249041714840045,0.29385547552936925,3.0951231040459941,-4.4023667789492027,5.482080214143064,0.96076939408,0.0335988807245,1.2669557993311884e-06,0,6.3347789966559418e-07,18,1,1,1,0,0
2725,15,1.7130218964861599,4.1717430334710341,-2.6678811631830754,-2.9501401967293956,-4.7292424003955,2.8942825102808425,0.201875360601,0.0633113852889,1.2617612625895529e-06,0,6.3088063129477647e-07,18,1,1,1,0,0
2726,7,2.0847300976096252,1.3980934178120012,-1.7118582477600177,0.31043428625721747,-5.4355762888768,-0.35909950655901934,0.0950131477778,0.207400410549,1.3112124577264426e-05,0,6.5560622886322129e-06,19,1,1,1,0,0
2727,8,-5.5340715927444801,0.88765436237341588,-1.2899377212083074,5.44073879113866,-4.9248353383373917,3.6846748967957419,0.0841725404879,0.110144182984,3.7026246713038283e-06,0,1.8513123356519142e-06,9,1,1,1,0,0
2728,10,-3.894711662746472,-0.11746452433017285,0.024473957437657012,3.9045300954629325,1.1957452483459599,1.5830325472895366,4.45113467696,0.00421375001493,1.9818008604653766e-05,0,9.9090043023268828e-06,23,1,1,1,0,0
2729,6,-2.8109710598739532,0.90770410500495879,0.81915350752533034,-3.084540365032022,2.7583417385760107,1.5120824125178598,0.177490800767,0.00467149436398,3.8150607538386111e-08,0,1.9075303769193056e-08,29,1,1,1,0,0
2730,6,4.2839492463819715,-5.0105441505210093,-0.59448231262161633,0.032273987055776346,-3.3601302214384181,3.6604630103635833,0.263608689649,0.326265128609,3.2495689199959079e-05,0,1.624784459997954e-05,13,1,1,1,0,0
2731,1,-1.3472429802895483,1.6295428122765603,-0.037202939369102107,-1.6594672574177134,-4.4918923034135361,-0.32394281102135319,39.2101333121,2.73352440592,0.0038135833371597126,0,0.0019067916685798563,60,0,0,0,0,3
2732,7,3.0503048646952848,0.97187026300618951,0.0013931492678864177,-0.35105501746272372,-2.3236186292163539,-2.3228887755976482,44.9645074285,0.0268021833167,0.0020220257523482915,0,0.0010110128761741458,60,0,0,0,0,3
2733,14,2.3489899150210376,-4.4562208602295774,-0.17714347547475567,-0.43256971344356859,4.6968492771387877,-1.5029361501602276,1.20206313786,0.0162277151447,1.5251733545506893e-06,0,7.6258667727534465e-07,31,1,1,1,0,0
2734,3,-5.5294634350498537,4.7923342295285618,2.1549793623280467,-2.3803575688478849,1.6607471389574715,3.7113782750661506,0.0146266196493,0.029428106708,2.6401672503407982e-07,0,1.3200836251703991e-07,22,1,1,1,0,0
2735,15,3.0696796112027966,0.089389399644087764,2.605343811380386,-1.6142569023355404,4.3879342851424292,5.0939384616663075,2.51914019201,0.166649522616,1.4805921598434753e-05,0,7.4029607992173765e-06,28,1,1,1,0,0
2736,7,-3.7075707613463176,-0.17609866946975797,1.7504958234190384,4.3008557528466707,-2.7119779857356101,2.3039924082851013,0.91575152085,0.00788926345005,8.5756038168807569e-07,0,4.2878019084403785e-07,30,1,1,1,0,0
2737,4,-0.34020728492010816,2.755247143861931,2.4695962105127416,-5.7123878935124726,1.3755520652472628,-1.4678010998152897,0.0538185735126,0.00440490151265,8.8069785783666268e-09,0,4.4034892891833134e-09,12,1,1,1,0,0
2738,6,-3.5179041684905652,-3.0610711527911345,2.644453429017692,2.5905589926640635,3.7933291813184922,4.4913846076293282,0.298697533369,0.0560814053244,1.0472797812850795e-06,0,5.2363989064253973e-07,47,1,1,1,0,0
2739,3,-2.1081713546076166,1.4069874752757077,2.356473613604114,0.91972375216663049,-4.7528567096398131,-5.7779420888745081,1.34446822616,0.00136664643815,1.8081637519536583e-06,0,9.0408187597682916e-07,17,1,1,1,0,0
2740,4,2.5355476139287783,-3.8526090797497119,2.2589767061894506,-6.1477156966958377,1.7740758323428154,2.1197215177515387,0.109028793823,0.0042484757862,1.738548416735879e-08,0,8.692742083679395e-09,17,1,1,1,0,0
2741,9,2.6848739483802282,0.17214374690731421,-2.7458892487790956,-4.230730612128685,-3.934154811401295,2.8719132495979096,0.11247582109,0.0102015157919,4.4352626811158157e-08,0,2.2176313405579079e-08,13,1,1,1,0,0
2742,14,6.0444852918133005,-0.37042146765019157,-1.3901452037522704,-2.9068453497000362,5.0505518404459027,2.0173235001877656,0.422066882608,0.00565485240984,1.8788131300262925e-07,0,9.3940656501314627e-08,8,1,1,1,0,0
2743,14,1.2065926756245047,2.8549945904807212,0.64078547469303915,4.2029978149930924,4.7128532706818156,0.63773535680035187,0.427885977275,0.165896140978,8.5666237422695659e-06,0,4.283311871134783e-06,46,1,1,1,0,0
2744,7,-0.21239887075030822,-2.5478915823460873,0.94805211658288002,3.127298436089299,-1.2647844909220953,0.59669499408929705,0.646110313971,0.182821751326,1.0598928047192396e-05,0,5.299464023596198e-06,34,1,1,1,0,0
2745,3,-3.4378855692018324,-1.6810258465416532,1.5000557370939955,0.98210225956659258,-1.5634853839414891,4.2155398291273496,0.0676749439175,0.0172140554139,9.4845260105146147e-08,0,4.7422630052573074e-08,30,1,1,1,0,0
2746,2,-1.3497230522582513,1.0566392538007161,1.6731843064646743,-2.8449121928739385,-0.50892773358402232,5.8919340882416833,0.0356666375415,0.0337506664991,3.4826409323323682e-07,0,1.7413204661661841e-07,25,1,1,1,0,0
2747,13,2.15171539026074,-3.719616103966922,-1.1320145938550423,-1.3790298634172982,1.2874133473975755,3.0832312859142239,0.437803020795,0.0334337194686,5.3217697889171032e-07,0,2.6608848944585516e-07,46,1,1,1,0,0
2748,6,5.1321578244312471,-0.56333409107627508,2.4986020105018234,-0.88450926346511949,4.4243106731377244,-3.6483277657142863,0.151938223885,0.00535589740751,3.1823368617212512e-08,0,1.5911684308606256e-08,17,1,1,1,0,0
2749,2,-2.7020672438148496,3.1251606018900167,-2.7478162533360364,1.1934726313926665,4.6509839244477025,-1.8631051344914109,0.13909355763,0.0136397959509,7.6019271250528302e-08,0,3.8009635625264151e-08,17,1,1,1,0,0
2750,4,3.8368678516156369,-1.0384411579185195,2.1719637535933174,-5.1834952546449662,5.0800874488506222,-2.8101853284424858,0.0471180035907,0.0252813268313,1.969149551830883e-07,0,9.8457477591544149e-08,11,1,1,1,0,0
2751,15,-5.992035218919268,-4.7681780321841405,2.0475750973999602,5.3220761436116941,-2.4387959465858242,-3.8580730215236225,0.0509526084303,0.011594196523,4.3544484679696458e-08,0,2.1772242339848229e-08,9,1,1,1,0,0
2752,12,-2.4225311622632155,2.6286479482495722,2.2565923567310229,-2.1664591384721312,3.8713375556491489,-1.1238849291048316,0.0766779533948,0.0140665761946,6.6153720519427816e-08,0,3.3076860259713908e-08,9,1,1,1,0,0
2753,13,-4.4438810256903416,-5.2922178142007281,2.9247534441058658,-3.5431583930600605,3.8568363702894208,-0.014490327249651026,0.0515492801327,0.795022223179,0.00019253924583188079,0,9.6269622915940396e-05,39,1,1,1,0,0
2754,13,1.3133151268522756,2.4923883866112995,-2.2038335660118964,-1.7158464687715216,2.1537956217473808,-2.7275378345908381,0.187736130192,0.0141036917928,9.583756123896206e-08,0,4.791878061948103e-08,26,1,1,1,0,0
2755,13,3.3606066970614257,-5.1967658975960855,1.9393718147353103,5.3003895993516323,-1.5351233792050312,-1.7928068753759081,0.119661160002,0.0428897867051,5.7467283407965668e-07,0,2.8733641703982834e-07,13,1,1,1,0,0
2756,9,-2.9357156486395515,3.9691925549700025,1.2154436283430929,-4.1831943465651467,5.0233408366619683,-1.992866605502041,0.044566388147,0.00721217646066,1.7830987091892611e-08,0,8.9154935459463055e-09,7,1,1,1,0,0
2757,7,2.2775943904229967,-5.9194016972560712,2.8006209217248008,-6.2831853071795862,-4.0376903060275442,2.9501851871921843,23.7449631746,0.494445210847,0.00063829494475048691,0.0075689999999999993,0.0005462174723752434,60,1,0,0,1,2
2758,10,-1.8764772791619879,-4.805421891236092,0.87364452815516425,1.2456519581559842,-3.6800532669936796,-0.74541574800510813,0.0845185693948,0.118666479799,4.2966846914937452e-06,0,2.1483423457468726e-06,15,1,1,1,0,0
2759,12,4.5023461270660281,2.301373171439729,-2.5482447547587501,-1.304645406314783,2.0770040804266272,0.63492659362165671,0.496890564709,0.00848764560523,2.6884491118486297e-07,0,1.3442245559243149e-07,20,1,1,1,0,0
2760,15,2.3615806820018999,-2.0090341881209288,2.275517851173583,4.6127858257857044,4.1616280189838486,-3.5010292669618459,0.0696177642679,0.00982397439327,3.4245404332642017e-08,0,1.7122702166321009e-08,5,1,1,1,0,0
2761,12,-0.38378587652307461,5.1256831997534125,-1.0320358909235339,-1.2279515211235466,1.282277966580579,-2.0262893266518391,0.0604092620075,0.00142808737147,4.270525919243122e-09,0,2.135262959621561e-09,13,1,1,1,0,0
2762,12,-4.2163564110733649,4.0080960980954803,1.3561932785327073,2.8179967110867925,-0.29459496704511867,5.9804262218037758,0.147985254697,0.0318738462556,3.3137328918588091e-07,0,1.6568664459294045e-07,32,1,1,1,0,0
2763,15,-4.6100206943923299,-2.7690046228315413,-0.34206008858505788,5.2773173442889165,-1.9134413576313904,0.98877281266503891,2.76408552341,0.699349160709,0.00015662527372983293,0,7.8312636864916467e-05,40,1,1,1,0,0
2764,9,-1.2466633007409331,-2.0011251045940153,-0.64312680000743927,4.998323895061187,4.8559570229448656,-3.1808606899477052,0.589690678749,0.095790387431,3.1428431066008222e-06,0,1.5714215533004111e-06,30,1,1,1,0,0
2765,0,-2.4324189649449695,4.8861605570883899,0.27031485408205341,1.4104169426458488,4.3616510902747958,4.539641775102857,1.05262368377,0.0201722847943,1.2319718671942822e-06,0,6.1598593359714109e-07,8,1,1,1,0,0
2766,9,-1.7070352833219824,-4.3916068818391381,-2.4407599046898505,-0.86906459164257199,-4.4840359003455958,0.42897684328138996,0.0486271962447,0.000888162898809,2.6048965897178552e-09,0,1.3024482948589276e-09,16,1,1,1,0,0
2767,8,4.1604060608392377,5.911620815025544,-2.5112066518125267,3.6254842363133548,2.3067080195635326,-6.0648802338845327,0.0109013567505,0.537660822712,8.8058666758028878e-05,0,4.4029333379014439e-05,42,1,1,1,0,0
2768,6,-2.5122460387161416,2.4765713423184383,-0.64284276754501524,-1.7131356060093745,4.605550023981972,3.6925056757408075,0.0793085889112,0.942662692351,0.00027069327434248701,0,0.0001353466371712435,35,1,1,1,0,0
2769,12,2.2186651408607978,-0.24000717906093233,-1.5718217862156785,3.785901709404722,-1.782403337163464,-0.58423058152739993,0.168811867907,0.0048156244435,3.5561597447909856e-08,0,1.7780798723954928e-08,19,1,1,1,0,0
2770,9,0.42597783148663426,3.5284529127605295,-2.9848432589218405,5.9331853071795866,-2.1991561525264487,5.1739501541511279,95.1662697345,3.70260164379,0.013232697978420287,0,0.0066163489892101437,60,0,0,0,0,3
2771,3,-4.0147521519759444,-3.5055233555719845,-2.964967798379655,1.3220099785961295,-1.9657548667822144,5.2444047803430207,0.159720153875,0.00116641312901,2.5924965520289115e-08,0,1.2962482760144558e-08,14,1,1,1,0,0
2772,2,-4.5506163012746121,-0.81540350666045247,-0.66614109237319907,-4.4714980444499881,4.6959873348373664,6.0345587349537064,0.192693060776,0.000390872614847,3.7177155547338313e-08,0,1.8588577773669157e-08,16,1,1,1,0,0
2773,3,0.087594664760649171,2.4139219789899604,-2.6740094208039995,4.8604412585725498,1.8930084479700138,-1.2578624235314875,0.137273777566,0.00541125722621,2.7763807360626647e-08,0,1.3881903680313324e-08,40,1,1,1,0,0
2774,15,2.8399949967252205,4.2578623229569974,-1.8079043922976046,-3.3092508145364317,-4.5019238320513333,1.1294304787764473,0.0179314002698,0.00342368822883,3.892151179597158e-09,0,1.946075589798579e-09,18,1,1,1,0,0
2775,14,-0.53858977946675002,4.1914261655057681,2.5275144434223238,-4.8993022060283842,-1.5505840073412622,-4.0484586046953446,0.267415420061,0.00431349770226,7.7178798538815248e-08,0,3.8589399269407624e-08,22,1,1,1,0,0
2776,7,3.9990698938190286,-0.18981925210349626,1.1986697908680595,3.4342435239232292,1.5698985976888644,0.72619214554798539,0.312608109088,0.00104729824717,9.8057944494195284e-08,0,4.9028972247097642e-08,19,1,1,1,0,0
2777,0,-1.7785088193931595,-5.9019236104404431,-1.685968851954178,2.3103757295336478,3.8722739965729152,-2.3792005164833601,0.0546360766837,0.0781843766474,1.8650494750709675e-06,0,9.3252473753548377e-07,24,1,1,1,0,0
2778,13,4.8704454840541356,-1.2598668555356265,1.9750068563887984,5.6013821993274178,-0.95914873581145932,-4.8458470709487971,0.0253577937879,0.076097243205,1.7646186550064449e-06,0,8.8230932750322244e-07,38,1,1,1,0,0
2779,14,1.1395447073968266,1.739431483817681,1.1717679215803543,4.5698223891086798,-1.8778604656643603,0.43529204308107927,0.577922410403,0.129969372054,5.479603243080275e-06,0,2.7398016215401375e-06,14,1,1,1,0,0
2780,3,1.5810682374652669,-3.2867686282443236,1.8640322150613808,-3.7344434021795441,-1.2224080822762091,0.60601231236377318,0.0579188131944,0.00751582592929,2.0561707885527662e-08,0,1.0280853942763831e-08,32,1,1,1,0,0
2781,4,-4.2148135511700096,3.9993209896839139,2.3059052043853292,2.2439151171988243,1.1744898953338796,-0.45706832984095896,1.04600582978,0.0455281896617,1.7255440739551992e-06,0,8.627720369775996e-07,6,1,1,1,0,0
2782,11,6.0377819553639469,2.4286009964753177,-0.45141546678962235,-1.9357991114088118,1.0580275357235809,3.2992822798871511,0.630700998502,0.00603579145845,4.0888119926752969e-07,0,2.0444059963376485e-07,7,1,1,1,0,0
2783,7,-5.0623928428057097,-2.4006445024300231,1.1181384563681591,-2.7816946412858958,-0.97471758697577182,0.56108033488366682,0.0436996251572,0.00365765932531,5.9849727810118804e-09,0,2.9924863905059402e-09,31,1,1,1,0,0
2784,6,-4.8324726885074778,3.1202039208835397,-2.5447801894610413,1.4586255428160622,4.7780726215290823,-0.12910480276831135,0.0377807188691,0.242774503145,1.7955413421821621e-05,0,8.9777067109108107e-06,28,1,1,1,0,0
2785,3,-2.4461971578794901,-3.1850448440555348,-1.7761502986386242,-5.8363383142160012,4.6881375894196538,4.7048288753478715,0.55702601978,0.185155946587,1.0753393084433383e-05,0,5.3766965422166914e-06,14,1,1,1,0,0
2786,3,5.0692960788724024,5.885889776905743,2.2241232082495945,2.9199792502965511,0.7526005924948731,0.12691048459479853,0.157750425237,0.0313731568454,3.2471249852061171e-07,0,1.6235624926030586e-07,26,1,1,1,0,0
2787,8,1.5640149393456908,-5.3573574316359043,-2.3153735213310589,-6.0512684114181265,2.9359507256410153,2.9688011811294666,1.90216849085,0.16680348645,1.2093738227077249e-05,0,6.0468691135386246e-06,31,1,1,1,0,0
2788,1,-0.77012894676285115,4.7027301278519333,-2.007270404363831,5.7090157329908315,-3.7664167242882187,-3.2270571599781075,1.37222430883,0.0725783605219,3.4876078840707489e-06,0,1.7438039420353745e-06,38,1,1,1,0,0
2789,8,-3.1744114647956878,-0.43692219173477476,0.061634919169353292,4.0283085811204646,2.1996256357126063,1.4709769485017239,4.9658634067,0.115320380665,2.8710842530024817e-05,0,1.4355421265012408e-05,16,1,1,1,0,0
2790,8,-0.80088921025917892,3.8284083057430083,-2.2997078130192783,-3.1102155813824521,1.1921902352698381,-1.1195968804823095,1.25050878396,0.0930739487508,4.2025997987213736e-06,0,2.1012998993606868e-06,7,1,1,1,0,0
2791,4,-2.4753343381057178,2.8745603564721072,0.80505117367241008,1.4782789385635891,1.4888497386877202,0.49264532168841257,0.180575013807,0.0290560878674,2.8978249373643658e-07,0,1.4489124686821829e-07,10,1,1,1,0,0
2792,0,1.9248658157461165,3.1501933479843927,1.2806655714318045,-3.0175982058873014,-3.2477714655115459,-6.1676698857696293,0.0290480020612,0.0713595067256,1.5520102754563678e-06,0,7.7600513772818391e-07,30,1,1,1,0,0
2793,6,3.3344350370241624,6.1900436389197528,0.21108341263677796,0.46902780217723117,5.4004670309321865,-1.5061389899806463,2.39806575251,0.381814925634,5.0158650218996033e-05,0,2.5079325109498016e-05,15,1,1,1,0,0
2794,3,3.7249124968390523,-5.2682212443653391,-1.8971501473833285,1.5972342160137651,-4.9438679311495299,0.70181730407203391,0.0739723677321,0.0969096595837,2.8662809627480116e-06,0,1.4331404813740058e-06,7,1,1,1,0,0
2795,5,-0.02791681814861716,4.6149227021627066,-0.81890530063658451,3.9008362411531183,-1.3354232687230383,-4.4634142191578983,0.272162048705,0.000972006879989,7.4359982493739303e-08,0,3.7179991246869652e-08,17,1,1,1,0,0
2796,0,1.6300769367891739,-0.057867781924683448,-1.5301773630388926,-2.6026254467749044,4.390082506059005,-0.2733688408380438,0.104393041686,0.0300474621293,2.8592173863975119e-07,0,1.4296086931987559e-07,29,1,1,1,0,0
2797,2,-0.19107276845825816,-1.4425302938152103,-2.0988362993005349,-4.6603358912163859,-4.2122620314518118,4.9287376495827289,1.32133700969,0.0249415912671,1.9354288038990989e-06,0,9.6771440194954946e-07,9,1,1,1,0,0
2798,9,5.8074006622434613,-2.9023389791403069,1.0774501671836991,-2.2460880403083108,-1.8499117518898902,1.7924476317195086,0.602232347584,0.00711415856533,3.7810086950166909e-07,0,1.8905043475083454e-07,51,1,1,1,0,0
2799,1,-5.6899631147628016,1.8588187209494498,-2.0008614811489163,-2.5884962246893717,1.9959098252626848,4.5737166012796102,0.033827105259,0.00314775323711,4.1625291961050524e-09,0,2.0812645980525262e-09,12,1,1,1,0,0
2800,13,-0.76614350341240356,3.1771180913832042,-1.2644320894189711,5.3748242217951008,5.0834303039535413,2.8610974909193287,0.0474917038743,0.0102125348409,3.4025800103664642e-08,0,1.7012900051832321e-08,17,1,1,1,0,0
2801,4,5.1258113658805753,3.2408105812890868,-1.1816966986015658,4.1047581348912896,2.4704165805280018,-5.2833320892045341,0.693963951734,0.0529043047741,1.3341691421686889e-06,0,6.6708457108434444e-07,28,1,1,1,0,0
2802,1,4.2847551946490459,-2.7502542488847967,-1.3289352999385136,-0.88934268590807497,4.587313493809555,-3.5820977762450346,0.0106363628626,0.250581017894,1.9127298788095988e-05,0,9.5636493940479942e-06,14,1,1,1,0,0
2803,15,0.22087887635856793,-2.4757345104131274,-2.4318659695863261,3.5728149588839,2.0690210871453232,4.9010378339240264,0.115428177419,0.181499166205,1.0048014663492079e-05,0,5.0240073317460396e-06,13,1,1,1,0,0
2804,11,-2.0103011833414617,-3.1903911511296119,2.0177605157371619,-0.22420554528069658,2.1257360066865956,6.0103433004779436,0.283736164349,0.0113392706007,1.1967363177185086e-07,0,5.983681588592543e-08,41,1,1,1,0,0
2805,5,-5.1433143497561087,-3.0827290462288444,-0.21772496288281684,-1.057962321967246,5.9080411333446916,-0.2326692979041535,36.0536964057,0.0171859510481,0.0012999589953746299,0,0.00064997949768731494,60,0,0,0,0,3
2806,11,1.9482151216870802,-0.4508043555173919,-2.3201061353218844,1.1551991197139482,1.1187415373109624,2.6173092694598217,0.803581345182,0.02746635108,8.7554649434470029e-07,0,4.3777324717235014e-07,15,1,1,1,0,0
2807,4,2.9849141557704608,0.98167926417290852,-0.055490546415720043,-0.46382333235149187,-2.1321227649449419,-1.6402089005231524,121.545060442,0.488129807044,0.014845783126224229,0,0.0074228915631121143,60,0,0,0,0,3
2808,3,-5.7275183032609451,-1.7398514494956672,1.1740307701579107,-1.218931746864615,1.7074895590802435,-2.6948405111448879,0.126260801491,0.0157979158855,9.1966422491765822e-08,0,4.5983211245882911e-08,12,1,1,1,0,0
2809,14,5.5535324746031414,1.3380060683657136,-1.6472477572964841,1.6311938780604303,-1.8502725250596921,-4.1232981598685559,0.0509391515168,0.165052891749,8.3011217799378429e-06,0,4.1505608899689214e-06,7,1,1,1,0,0
2810,1,-1.1622770861297707,-1.9625989432234181,2.6274892436576507,5.5150621927808459,2.2976353582884044,-1.4729739714472885,0.293423430429,0.0127930854464,1.3595192103304035e-07,0,6.7975960516520175e-08,12,1,1,1,0,0
2811,11,-3.5547818516681176,-1.8748010330228837,-1.5317289376523067,-0.1844084246040327,-1.9220198304128455,5.8447950515274147,0.0223912932022,0.00487561283102,7.7426136130660121e-09,0,3.8713068065330061e-09,10,1,1,1,0,0
2812,0,-2.8605345722523188,-1.8580286894480524,3.0064150760451129,-2.6035904513195449,-3.7932225548107672,4.4980500380140143,0.170467343806,0.121286813949,4.5101309999559043e-06,0,2.2550654999779522e-06,14,1,1,1,0,0
2813,9,3.0583734547473598,-2.7166195764293897,1.5842808051541883,-4.3092407714825001,-1.2175425091485346,-2.4753757554578195,0.0209767006873,0.0690986289011,1.4548726040207021e-06,0,7.2743630201035105e-07,18,1,1,1,0,0
2814,5,-2.0185593692419421,-3.2740730890397702,-2.7719100550898594,-3.9785096584880311,4.4315727266285405,-3.0075361156142542,0.117025017401,0.0127438896974,6.3166772107184468e-08,0,3.1583386053592234e-08,9,1,1,1,0,0
2815,0,1.2120290832426668,-2.1536449038855343,-1.3958592033040378,-1.9901064316348649,3.5041077392711717,4.9840550683089626,0.222304927025,0.00281816084069,5.1838761425735427e-08,0,2.5919380712867714e-08,15,1,1,1,0,0
2816,8,-2.085342069485526,4.5871993450082202,-0.35453513277332138,-0.93723981332469486,4.8412717586970873,-3.0555514654809581,0.200018682382,0.249259677512,1.8966005600762717e-05,0,9.4830028003813585e-06,46,1,1,1,0,0
2817,6,5.9027455246519684,-1.832213622405314,0.83175330689497262,5.6912623769896298,1.3861941674579896,-0.97015885707117633,0.117017208477,0.0461503594695,6.6248416858416439e-07,0,3.312420842920822e-07,18,1,1,1,0,0
2818,9,4.2985400068009589,-2.2276360325755902,-2.339836391525985,0.43841109676143486,-1.970303287327277,-2.9625346148004241,0.119222725937,0.00288673151236,1.675250199677491e-08,0,8.376250998387455e-09,17,1,1,1,0,0
2819,1,5.8521110550564561,2.6771111218019117,-3.0231105734155777,-0.70383223034489506,1.9817434991769052,-0.78826710776477926,0.220453897099,0.0820842531603,2.101058670515643e-06,0,1.0505293352578215e-06,30,1,1,1,0,0
2820,2,-4.1859246421241467,1.0039581792469983,-2.3715796300664596,2.6574634515782027,3.8997109475357692,-0.9969354113292942,0.131357018441,0.0198116819563,1.3681783880170908e-07,0,6.8408919400854542e-08,39,1,1,1,0,0
2821,12,-0.60809273468248837,0.14916761447731094,-1.0929136842505578,3.4209515080726134,-1.7364983583641489,-4.3767197529792741,0.146075016859,0.0849005763362,2.2170531290826891e-06,0,1.1085265645413445e-06,30,1,1,1,0,0
2822,8,1.7782644196268274,-2.0758514953652734,0.85621523836145219,3.2544137612098507,-2.1749965512737401,4.5384939598813379,0.115846871658,5.66713413929e-06,1.3420507456051631e-08,0,6.7102537280258155e-09,30,1,1,1,0,0
2823,6,4.8129752298612649,0.57413112200925265,-2.2558746070597007,3.2146739971514471,4.8566861039259512,-3.360110932679492,0.854509752047,0.00904631669557,7.551155405232343e-07,0,3.7755777026161715e-07,9,1,1,1,0,0
2824,9,-1.7215880964272059,4.6579321877417756,-1.7561824298302804,3.5262877437368565,-3.0102818458537435,-4.6717862533028294,0.0994788508944,0.00236871817862,1.1605197056312599e-08,0,5.8025985281562993e-09,9,1,1,1,0,0
2825,6,-4.9092775333434799,4.811074122754432,-1.4970821720769991,1.0753980555146108,2.2277004276788746,2.702291519839934,0.395917569026,0.0167089539708,2.417965977746652e-07,0,1.208982988873326e-07,21,1,1,1,0,0
2826,5,-1.2289146105003899,1.5592721829939407,1.0253073437399634,4.9757250078218727,4.5696087169100315,-3.528466178203268,0.482073953316,0.000548840079752,2.3248705497963423e-07,0,1.1624352748981711e-07,20,1,1,1,0,0
2827,7,-5.212557155092485,5.0293529046612999,2.6757218781150716,0.47102092416631164,-3.7702434253028225,-0.31915580095191398,0.0652329746052,0.00430527781152,9.9015518875398171e-09,0,4.9507759437699086e-09,12,1,1,1,0,0
2828,7,-5.781864603909983,5.7141459041489204,2.7380416781342878,-4.0048025753288048,1.638913400007711,3.6513389402867396,0.0893872975731,0.0204386109579,1.3524000058241073e-07,0,6.7620000291205367e-08,18,1,1,1,0,0
2829,11,-5.6438886250254052,5.9889352957278383,0.20807155242634251,5.0816918178533355,-4.3430884393992315,-2.1848995566291043,0.6621807352,0.313236035498,3.0326574024510112e-05,0,1.5163287012255056e-05,20,1,1,1,0,0
2830,4,1.5212939305441102,-4.7678515791018157,0.96105151231555186,-2.3897145434166118,-4.6242297883553469,-3.8999227942881096,0.230094576403,0.0450308662798,6.7064029596015191e-07,0,3.3532014798007595e-07,12,1,1,1,0,0
2831,5,3.3512725479314076,4.1234580538303378,-2.6423043284117207,0.63101344678202509,4.4723993415719079,4.30422864104158,0.0452049265756,0.178011904357,9.6548328107693529e-06,0,4.8274164053846765e-06,20,1,1,1,0,0
2832,7,-5.90532239416987,-4.0237795901475195,-0.84657299011369169,3.9544856830608999,-4.0214012782950768,5.0860162084859297,0.0480902557854,0.0523505077293,8.3713975883322548e-07,0,4.1856987941661274e-07,14,1,1,1,0,0
2833,8,0.87157135132089791,0.44003552651629119,2.348333652252006,-3.0980930287106694,-4.0068485518754624,-2.1425862388840593,3.79918630282,0.0345311794066,1.4797043091111213e-05,0,7.3985215455556063e-06,26,1,1,1,0,0
2834,5,3.6517346031762266,-1.7942076857827374,1.4494889382530123,1.959997230651912,-1.9653693114664803,-1.9713730924336224,0.227052255164,0.0181392509989,1.5178173545390769e-07,0,7.5890867726953846e-08,20,1,1,1,0,0
2835,3,4.5401740034496907,0.81182486334840609,-2.0755274870639959,-1.0765711665897626,1.9143859841469359,5.6684152353978225,0.630207982973,0.0449588380434,1.0128844145753413e-06,0,5.0644220728767064e-07,54,1,1,1,0,0
2836,0,4.6389855995744496,-4.3657714377401549,1.9288563453450716,3.5297735827410746,5.4469038936429524,-2.5718746610950793,0.102147745539,0.0260484665143,2.1712396795764774e-07,0,1.0856198397882387e-07,20,1,1,1,0,0
2837,6,-2.179708357072407,-1.1500023645301818,-1.3424874899597763,-3.0263713415935674,4.7237370711270232,-2.7630921435206854,1.10064308441,0.113139772386,5.1107034090232723e-06,0,2.5553517045116361e-06,16,1,1,1,0,0
2838,0,-5.5713403485744655,-1.6028563574481629,1.2336035615711494,-4.3744530151001735,-2.2456669685706143,0.99988962433552442,0.0494823624574,0.00475705267568,9.3418593747859815e-09,0,4.6709296873929908e-09,41,1,1,1,0,0
2839,14,2.0868983190330264,-3.562848264878939,-1.7005000092130911,0.79928987908112825,4.88678080113118,-0.55273313672320101,0.227864182134,0.0214747212783,1.924005678750746e-07,0,9.6200283937537301e-08,39,1,1,1,0,0
2840,11,1.1219597457153625,-1.2141879251216621,-2.1655832981250742,-3.8593288710064098,-4.8647943140547891,-0.87921001911059682,0.0629239703045,0.00059806861745,4.0683834469734531e-09,0,2.0341917234867265e-09,14,1,1,1,0,0
2841,0,0.21532905431984345,-5.671949288881919,-1.9672568553401431,5.7791873904198736,2.3734661045625014,4.2990736139986261,0.0653519525317,0.0092925047366,3.0574788157111284e-08,0,1.5287394078555642e-08,19,1,1,1,0,0
2842,0,-5.6716548354088276,2.6541820271051231,-1.340362141386555,-0.26050511641371588,4.1540118395949879,1.0110853135415383,0.0512671586263,0.00739291756068,1.9277256712040036e-08,0,9.638628356020018e-09,14,1,1,1,0,0
2843,3,-2.9138313888808312,2.2477238819200056,-0.87371257215649134,0.12822988864523877,-1.4649382342305666,-1.951279635688951,0.243276450115,0.0398523812015,5.4298056025183097e-07,0,2.7149028012591549e-07,12,1,1,1,0,0
2844,11,-1.4748348653961632,1.9057354031777267,-2.5967105430546953,4.5411776467016631,1.9268293779926953,-6.0749446144849832,0.1051483909,0.0123457035071,5.7484873113223156e-08,0,2.8742436556611578e-08,23,1,1,1,0,0
2845,0,5.1714049220025817,1.1848512744991044,-2.1801382002980594,3.5455926024147093,-4.7152668936600532,-2.2895129806770402,0.0276445450117,0.00705039913132,1.590618253556389e-08,0,7.9530912677819449e-09,11,1,1,1,0,0
2846,2,4.8591313267846843,2.5407820105059367,-2.8524875200116218,4.0571352720781588,1.981346781189822,-2.2550492050696089,0.013059920927,0.568847774136,9.8570648268147211e-05,0,4.9285324134073606e-05,44,1,1,1,0,0
2847,14,1.0648883414675192,-1.335633656675306,2.5283046557225974,-2.8605289762190651,1.6058034421514351,-2.4962320074427868,0.159439473903,0.00181638366885,2.6425954748637404e-08,0,1.3212977374318702e-08,20,1,1,1,0,0
2848,3,-1.6171861870794919,-4.1358438929271344,1.1329718313916781,2.5902341110235767,2.3907441022892866,1.185040211769911,0.0143470105267,0.00192738224463,1.3374302078474148e-09,0,6.6871510392370738e-10,8,1,1,1,0,0
2849,5,-1.4843283352989021,-1.6551885849409984,-1.2204363198430468,-1.3885581202448725,5.4664888925216477,-3.3210612781562499,0.0598742942566,0.0122873248242,4.9575566940150416e-08,0,2.4787783470075208e-08,15,1,1,1,0,0
2850,13,1.2175905437689565,5.6481477161479141,-0.90595065995023272,0.69765212239681007,1.103104250263377,2.8609661909542465,0.0715117408054,0.00511783235483,1.3092531896187265e-08,0,6.5462659480936323e-09,56,1,1,1,0,0
2851,15,1.0395004824092144,-4.2851311463741233,2.0053870646264427,2.1970567301576573,-4.489899055720378,4.7784447279272042,0.613451841608,0.0180805245394,4.7590423157152459e-07,0,2.379521157857623e-07,5,1,1,1,0,0
2852,8,1.6462053407121624,-0.69947567054145754,-2.2768458729900578,0.7398154666945469,-3.7770064602114881,3.36291469035331,2.57171506399,0.564865101547,0.00010380878531207991,0,5.1904392656039956e-05,18,1,1,1,0,0
2853,3,-3.1701454869449566,4.4553278308804565,-2.567950037860864,3.6621855985960763,1.4942543362296079,0.89358918475076221,0.0210184904064,0.0158157031594,7.6637701936368389e-08,0,3.8318850968184194e-08,15,1,1,1,0,0
2854,7,0.60084423669483011,4.6536445747538755,0.8147461377892532,2.5318974575475206,4.3555119472624497,1.1930177960645179,0.0727783019743,0.00208447980163,6.6202609990258091e-09,0,3.3101304995129045e-09,24,1,1,1,0,0
2855,7,-4.8522546347160507,-0.80620391093341282,0.2344944306224695,4.5875232684078542,1.5343475692899333,2.7311092569575735,2.85080204714,0.00631363793623,8.1392149788575555e-06,0,4.0696074894287777e-06,12,1,1,1,0,0
2856,10,1.5458058832654673,-3.3040942760011842,1.7200236958542436,-0.024894705793177312,-5.2079073393698136,3.1629900617134989,0.10814913247,0.0196617297983,1.294563393029749e-07,0,6.472816965148745e-08,29,1,1,1,0,0
2857,8,3.0327307847015197,-0.87587161725177787,-1.8631674401312963,4.0895319812913806,4.4809031167266626,5.820845853155669,0.122933620519,0.00660062245089,2.8384312821589022e-08,0,1.4192156410794511e-08,18,1,1,1,0,0
2858,1,-2.9920725873582446,2.3612097354960864,-1.0154911041767358,-0.82575775140235652,-3.5732486006321271,-2.5797241553960633,0.464471269636,0.0843329237489,2.3821854523121401e-06,0,1.1910927261560701e-06,19,1,1,1,0,0
2859,11,-1.7386786490232851,2.1891913626416653,-3.00531826208818,3.6838134676424126,4.3187945459887889,3.2305527784843902,4.89854039113,0.0700274660288,2.5489494878582296e-05,0,1.2744747439291148e-05,28,1,1,1,0,0
2860,2,3.8994000983005743,-3.7855342781943722,-2.0728455926880023,4.2279651899625863,0.98309457897234664,-5.6474964100919358,0.0646363176296,0.0028615026086,6.6721210540979196e-09,0,3.3360605270489598e-09,19,1,1,1,0,0
2861,7,-1.4571476509155989,1.9254060586103663,-2.1205843215400066,-4.6935551552924499,4.0342562170635805,-3.5404118895544188,1.36492134344,0.0847416505643,4.0505128477098807e-06,0,2.0252564238549403e-06,49,1,1,1,0,0
2862,12,-1.6830718408854015,0.82811399929943152,-1.4358250942734487,-1.9995731239449885,2.211158315166839,1.2646157868495558,0.0269864590233,0.00200075973565,1.9476645404447864e-09,0,9.7383227022239321e-10,11,1,1,1,0,0
2863,13,5.8261113199693986,3.8332831944086871,1.8026664539881099,-5.4925924758808904,-1.6544339396034178,-4.1972368785475025,108.360062423,2.2342262402,0.013262482279320326,0,0.0066312411396601632,60,0,0,0,0,3
2864,7,0.11863714070093534,-3.1692185531823251,-0.92688760700205319,0.92012319893529959,2.1502204896401418,-2.8090109933839984,0.160317555381,0.00669281265976,3.9346672460307961e-08,0,1.9673336230153981e-08,12,1,1,1,0,0
2865,14,3.6913638333200374,1.4176148931787096,2.2794404818028409,2.1888705289183044,2.5034890082741725,1.1796440787216824,0.014484392237,0.0891990126493,2.4238872885512222e-06,0,1.2119436442756111e-06,19,1,1,1,0,0
2866,12,-4.4342490319187586,-0.35496556059949308,-1.8200517218265595,-0.049770054243585382,-4.6546874105794993,2.2872572298543248,0.0568630634441,0.00415787610718,8.4996137482891723e-09,0,4.2498068741445861e-09,16,1,1,1,0,0
2867,1,1.0835671540675871,2.858731848737571,1.14646618540337,2.9328240890736339,4.3344788201736648,5.9261315429810821,0.039892726634,0.00332260048896,4.9543066502757375e-09,0,2.4771533251378688e-09,27,1,1,1,0,0
2868,6,2.0529481351133043,-0.74614554775876507,-0.98584384847513351,-0.28871070497650336,5.0565772942513263,1.8345649763075462,0.09878451236,0.50500528283,7.7696441204100851e-05,0,3.8848220602050426e-05,20,1,1,1,0,0
2869,10,0.20685357650392369,-0.36729577915261347,1.2122014490973256,-5.2578872265301779,4.5833208397679881,0.8091108712351186,0.13201110202,0.219893540954,1.4746644617989376e-05,0,7.373322308994688e-06,26,1,1,1,0,0
2870,5,-3.790589164464623,-4.2431323529346638,-1.6484272135433886,-5.989332714939624,-1.6728962263881404,-0.9961712836498402,0.0827411754679,0.0026671426205,9.0130437523799981e-09,0,4.506521876189999e-09,22,1,1,1,0,0
2871,13,-2.429975873449628,1.7359477422075109,2.7353899584779771,-6.2831853071795862,2.5903554412818686,-4.735980598767096,2.55078450294,0.452945153629,6.9001601906680068e-05,0.0075689999999999993,0.00026157080095334003,23,1,1,1,1,0
2872,5,4.1674012194513921,-1.8215565964215521,-1.2931827042331818,1.4886905896427844,-4.8291340090988903,0.69577770566968367,0.0528758507072,0.00562655907495,1.2439484742006505e-08,0,6.2197423710032525e-09,16,1,1,1,0,0
2873,11,-4.3419686860970081,1.059447786713771,0.065611304383913355,-5.8439764220289607,-1.127978126790695,5.7502945132393091,0.508863134426,0.153690261689,7.4542173225403779e-06,0,3.7271086612701889e-06,16,1,1,1,0,0
2874,14,5.1220749711914433,-5.0448067290521257,-0.15292366165214216,-1.5664252582037854,2.2272276416435512,-0.5308371023249322,25.0766300906,0.000381348095481,0.00062883742099928549,0,0.00031441871049964275,60,1,0,0,0,2
2875,6,2.3636844544600666,-2.5583530647075468,-2.9656056912864304,-5.2603799072324957,4.4374049557397992,-0.95421315935124318,0.339015360094,0.00964051604818,1.4324242019819755e-07,0,7.1621210099098776e-08,12,1,1,1,0,0
2876,1,-2.4401208219328141,-3.307592512503184,2.6436283816781851,-5.5441739346352827,1.6188781064285154,-0.40413835324858366,0.154753812553,0.0193359237424,1.378384780216791e-07,0,6.891923901083955e-08,6,1,1,1,0,0
2877,10,-1.1049571498685109,-1.8855232444917014,-2.5828217379374472,-2.1402668248949679,1.8718523613432065,4.8069881428183932,0.215614282892,0.0299353694403,3.194652135555563e-07,0,1.5973260677777815e-07,21,1,1,1,0,0
2878,10,5.881286417163305,0.81322130790372293,0.53602049349685021,-2.7417384488838654,1.7145026274332582,-0.4212568901023977,0.382064186262,0.1414332882,6.2393495253262819e-06,0,3.1196747626631409e-06,13,1,1,1,0,0
2879,10,-2.2299720389486013,-5.7726545727974328,-0.72855045061765722,-4.7073955036826014,-1.4371490224029371,-2.0255532977845334,0.0372090689202,0.209558401107,1.3378574270217615e-05,0,6.6892871351088074e-06,14,1,1,1,0,0
2880,0,-1.5983095105730323,2.1968565023479489,-2.3014879463007318,3.768734059300098,-4.8473503552592527,-0.75865515366163405,0.244346891198,0.0228161665652,2.1828236490747451e-07,0,1.0914118245373726e-07,29,1,1,1,0,0
2881,1,2.3304676897463961,-4.5155574213666183,0.99549973129036062,-4.3112675252298853,1.6430424234630117,-3.7626668879622551,0.291142939254,0.0298944268423,3.5699371868292451e-07,0,1.7849685934146225e-07,16,1,1,1,0,0
2882,6,0.13331324247603271,5.4710296629338897,-1.8679683512234655,-5.596244240820595,-2.844783003631572,1.2324065163952105,1.8547205154,0.60746279707,0.00011584718206034604,0,5.7923591030173019e-05,27,1,1,1,0,0
2883,15,0.17136142868742532,2.0570526351867056,0.54355152037015142,-0.02680167267913007,-1.4956378892035058,0.48436420680947739,0.0154946484788,0.108254415548,3.5700572576279116e-06,0,1.7850286288139558e-06,10,1,1,1,0,0
2884,8,-5.2106217687277621,4.0897979951348953,-0.44834891381493763,-5.0329858605745015,-4.7955092610520538,3.684797187629886,0.182165316903,6.1952170031e-06,3.3184214373683947e-08,0,1.6592107186841974e-08,17,1,1,1,0,0
2885,4,-3.1959731166746455,-5.5472988282630178,-2.114666404585734,2.1978778757255459,4.6307712013602966,-1.0967515424344885,0.134376919377,0.00413499807985,2.3265568806439726e-08,0,1.1632784403219863e-08,32,1,1,1,0,0
2886,7,-2.8739886145783839,-0.70953022530370113,-2.3867944019471259,1.6322873471465369,2.882824868187833,-5.077841535082773,4.5107503381,0.142059895201,2.649435697253451e-05,0,1.3247178486267255e-05,41,1,1,1,0,0
2887,0,0.64741050606869088,-4.2654779836507686,1.945313402351373,-5.2955278322978323,-4.3968940603267477,4.1619621147716392,0.0557163312088,0.00153178645749,3.8190546628867992e-09,0,1.9095273314433996e-09,11,1,1,1,0,0
2888,2,6.0383047542741961,2.4533498328330596,-0.85741497797936084,0.8915838327304102,1.1191135229444105,5.5479247064242987,0.305959816738,0.147761412258,6.7444560297827652e-06,0,3.3722280148913826e-06,10,1,1,1,0,0
2889,5,-4.2439998533642651,1.2745104521249744,2.8655256043488402,-2.6873508870648042,-0.79380768471032037,-0.39830888193849318,0.048205019152,0.342871298914,3.5813369239414351e-05,0,1.7906684619707175e-05,59,1,1,1,0,0
2890,6,4.1420137872055536,-3.0417912723212406,-2.7534324393043059,-2.3705525818660833,-4.7079547292501811,0.058093684938096316,4.24829428275,0.0168658942828,1.8134655293599341e-05,0,9.0673276467996704e-06,18,1,1,1,0,0
2891,8,-6.1412205057401277,-2.2960813200191179,1.7280725145468661,1.0754702641362806,4.6189553947552096,1.0961521742157405,2.85569986561,0.275760457223,3.1319296936929834e-05,0,1.5659648468464917e-05,28,1,1,1,0,0
2892,7,4.1669390959571446,-4.8881020189254132,-2.5304893876602299,2.1624789559740578,4.6942800691526951,-2.7781820932232142,0.459708667072,0.109568914786,3.8683699119950798e-06,0,1.9341849559975399e-06,14,1,1,1,0,0
2893,1,-2.0343359479004204,4.886815287980963,-0.55478279640768158,3.9249883421838789,5.6034441633402174,-2.221259324095588,0.0463617086679,0.0789088841498,1.8988838888012904e-06,0,9.4944194440064518e-07,26,1,1,1,0,0
2894,15,0.15910720639895143,5.0927381395726616,-1.3380690197920375,1.639564342908812,1.8132331073291015,-1.8348528308611738,0.71309219999,0.0128177529663,5.5854754103679311e-07,0,2.7927377051839655e-07,15,1,1,1,0,0
2895,0,2.510255047567953,1.7189041156438676,-1.0321744348027384,5.9389972735400614,5.0253723675197159,4.2395714129185862,0.0897769820665,0.420515659824,5.3874600086903128e-05,0,2.6937300043451564e-05,7,1,1,1,0,0
2896,9,-2.103112399180771,1.7889828907369942,2.6658627248527749,-0.016009475804367956,1.8655030594496842,6.0532452095046105,0.349452233709,0.0374195168009,5.4864833955851324e-07,0,2.7432416977925662e-07,56,1,1,1,0,0
2897,3,3.363139616548259,-3.6645204188321778,0.75477959076291712,-2.2478861976832247,4.5371521673105351,4.5452038768086833,1.71559401922,0.0187417241731,3.0502603852584188e-06,0,1.5251301926292094e-06,58,1,1,1,0,0
2898,1,-5.9726932748976553,-1.9276409677033659,0.94690688025574576,-5.302928019351171,3.7677133990968468,-3.1393223250009994,0.349191631864,7.83237811819,0.018687226943605154,0,0.0093436134718025768,60,1,0,0,0,2
2899,0,0.39351116671380298,3.0188973531773264,1.1161054456583406,-3.2096573470404919,-2.2740680846522681,0.24774076818117546,0.442434576105,0.00449514970948,2.0190356670291899e-07,0,1.009517833514595e-07,44,1,1,1,0,0
2900,4,3.9569409397841944,3.7245269511992021,-1.5056865252258371,4.138260390684569,-2.3437686536770359,-1.9245331541076844,2.62318936061,0.0113241876832,6.9201857147217677e-06,0,3.4600928573608838e-06,8,1,1,1,0,0
2901,12,3.4164816743797051,2.0502501980676544,-1.7772766708296637,1.1876302573379578,5.0029939952342266,2.9300371793944722,0.0385500156716,0.495817706077,7.4887169707352653e-05,0,3.7443584853676326e-05,9,1,1,1,0,0
2902,0,-5.9581994989588924,2.8072647472213275,0.51792791291759754,-4.0684680666728541,-0.059804801497379843,3.080651662727214,0.358797052117,0.0242542155678,3.0793169201088805e-07,0,1.5396584600544403e-07,13,1,1,1,0,0
2903,5,0.72670974647026954,0.89458292981453047,2.0079575926837281,1.4835558587077289,-4.5691760257984537,3.2881304225712906,0.0170356756682,0.236713339429,1.7068980563161385e-05,0,8.5344902815806927e-06,27,1,1,1,0,0
2904,12,-4.8900036338004256,1.8943466824443758,2.6554439966800136,-1.7499675909408987,5.8776702069983537,-0.69771592689024275,0.242616534282,0.0175222455128,1.5238919123507272e-07,0,7.619459561753636e-08,12,1,1,1,0,0
2905,2,4.9098111967589988,3.6526984524477544,-0.52494106516372208,1.0981575424155803,1.6943548941186564,-0.16842986707847549,0.0404203922942,0.145110592933,6.4159884597041874e-06,0,3.2079942298520937e-06,20,1,1,1,0,0
2906,14,-0.34370387070757663,3.1353663317317055,-1.4427064267238066,-3.4874552261770622,-4.9083555599795581,-0.89969298994910152,0.0223527117559,0.00361370170822,4.4775938800246346e-09,0,2.2387969400123173e-09,24,1,1,1,0,0
2907,7,4.9729529898812705,-3.2017457911832867,-2.3620775211876777,3.5838227127259383,1.9734290708375852,-0.11374574205550365,0.753919203001,0.0960212764489,3.3769928292815454e-06,0,1.6884964146407727e-06,11,1,1,1,0,0
2908,2,-2.6182582047233138,0.92698666175242816,-0.47911055750781972,0.60921450731648619,-1.798001497684961,-2.3556519121635051,0.261163396763,0.0217867569017,2.1279686999271941e-07,0,1.063984349963597e-07,9,1,1,1,0,0
2909,7,-3.2514881416042698,1.0103713879837164,-1.8866923716076356,2.6414237270143919,4.7845031596972438,-1.5256963261760206,0.23962536634,0.00113867252056,5.7815275557720318e-08,0,2.8907637778860159e-08,33,1,1,1,0,0
2910,6,5.8641047002559521,-3.4719302471158118,2.292080271787817,-5.7132295218552374,0.42599388062476867,5.1223845465537119,0.0444426968316,0.00488818062971,9.2537763214283879e-09,0,4.626888160714194e-09,22,1,1,1,0,0
2911,11,-3.4463277851483189,5.0301677256756721,-1.195116899303416,4.4612137154427147,4.2666344030853223,-1.5860331745542864,0.431541600724,0.0438926405245,7.7309307505525358e-07,0,3.8654653752762679e-07,29,1,1,1,0,0
2912,14,-1.579016601497643,0.88425551939587654,-0.45243556115229433,5.6662337943212258,-0.12800407455251261,-1.6274606176826951,2.36022030249,0.356355092077,4.425368666898707e-05,0,2.2126843334493535e-05,10,1,1,1,0,0
2913,14,1.1143976097639821,-1.2375786609952382,-1.3713204660289933,1.8465426205370692,-5.5670192242240013,-3.2754939750945735,0.0408002792737,0.00504378142416,9.4140480227492366e-09,0,4.7070240113746183e-09,16,1,1,1,0,0
2914,8,-3.4161396122587644,2.0010313535341924,1.7453192928712777,-1.6320549442669015,5.0628233914331249,4.7835272094398382,0.0582110368211,0.000197753350466,3.4004372946770653e-09,0,1.7002186473385327e-09,9,1,1,1,0,0
2915,11,6.111047007398402,-4.2305952891181775,-1.908580478511837,3.8185164325596448,1.6205818298161097,-0.20076404397529846,0.428822344324,0.0389595277076,6.4625056935968598e-07,0,3.2312528467984299e-07,6,1,1,1,0,0
2916,0,3.2398994223919262,1.5284198595067693,1.4337474087199071,5.125380789463561,-1.8082010998340654,-2.4833672017567885,0.318661843342,0.0207544498925,2.327584681040216e-07,0,1.163792340520108e-07,7,1,1,1,0,0
2917,2,-0.47516853238979839,4.9702561237251528,-0.3070309582624598,2.6100469604393055,3.9224737137193424,-4.845530344924466,4.12241274241,0.0282967897913,1.7238196518956744e-05,0,8.6190982594783719e-06,60,1,1,1,0,0
2918,0,-3.2538712771736247,-0.31800606628973427,0.85855940845576606,1.4155084732995573,5.9728207518084444,-2.3209436923969493,0.115696461966,0.0547319735112,9.2589424021434271e-07,0,4.6294712010717135e-07,10,1,1,1,0,0
2919,11,-5.8936292293807471,-2.2574896473653254,-1.7559943125370929,1.992993425401967,2.0811607783293677,4.2866906768952457,0.0420341654642,0.0140566861261,6.1956356458063424e-08,0,3.0978178229031712e-08,17,1,1,1,0,0
2920,14,-2.3933956997032042,0.16951738756155213,0.68124627343297528,3.696767328075468,1.5173738926393774,-5.9720974830244975,0.0430480632336,0.27461104868,2.2973426849396061e-05,0,1.1486713424698031e-05,41,1,1,1,0,0
2921,1,2.8075580669791984,-0.55415416159956576,0.3035126986697157,2.0217142261690548,4.4950751751840565,4.9438935430810398,0.0227296380292,0.0143487197835,6.3233025252153495e-08,0,3.1616512626076748e-08,24,1,1,1,0,0
2922,12,5.3367863386738712,-2.4323018241913337,0.86384721990540769,-1.7478125621087264,-1.6261647166930719,1.9132275752242467,0.211762506278,0.154204440988,7.2883439147017626e-06,0,3.6441719573508813e-06,19,1,1,1,0,0
2923,14,-0.30289478034322481,-3.9886899778398797,2.3327890702547314,-5.3932348956624683,1.960186682254917,-1.324507468516845,0.0772819428725,0.0025732912328,7.9896227833653843e-09,0,3.9948113916826921e-09,11,1,1,1,0,0
2924,13,2.0192061130683299,5.4991786843295465,-1.1941489261562146,5.7387569499531006,-4.7617580138780315,-4.5031523346155238,2.9788919497,0.0377805021105,9.3085978994745098e-06,0,4.6542989497372549e-06,8,1,1,1,0,0
2925,3,1.0539135316780255,0.35125937553960729,1.2972552247438314,3.5784087351536971,1.5636913302855366,3.6098699173529298,0.0758090322433,0.0424731388861,5.5526694277469267e-07,0,2.7763347138734634e-07,29,1,1,1,0,0
2926,1,-4.671982198611234,1.351544211153753,1.6464471783637151,1.604976940895229,-4.4489975384131002,-3.537594919308817,0.749993441353,0.0596449564781,1.6461729791430225e-06,0,8.2308648957151125e-07,10,1,1,1,0,0
2927,2,5.69426278378406,-1.0076727123564535,1.9842978975559207,3.0761975952105152,0.51244558539229856,-6.1551405760444569,0.482777028525,0.143842689565,6.5358271985337891e-06,0,3.2679135992668945e-06,10,1,1,1,0,0
2928,2,0.52158785248722472,0.079896827615847543,-2.4392386828365691,1.9529409355122316,0.65181929018052831,-3.5903257612941664,0.666187723893,0.0325941573102,7.6742526092858051e-07,0,3.8371263046429025e-07,9,1,1,1,0,0
2929,5,-0.31069848169174669,6.0882221543815973,0.81380396152856194,-3.2428799182895154,-4.1931153054315953,-2.0535903809656935,0.870893342321,0.0153310901444,8.3005320028618677e-07,0,4.1502660014309338e-07,19,1,1,1,0,0
2930,11,5.2030779613018909,4.5648850431480321,-0.66910313411175792,4.0690128863939723,4.0332178843337863,2.5562728392750493,0.179970097943,0.0371892522265,4.5368745898719612e-07,0,2.2684372949359806e-07,12,1,1,1,0,0
2931,15,-0.54466730895788962,5.9324986746691133,2.7938219827855586,1.6463590119978262,1.6434252138399725,-1.7118511512167531,0.059400699597,0.0211685580302,1.4002989988554581e-07,0,7.0014949942772905e-08,18,1,1,1,0,0
2932,5,-5.3093466384967707,4.7967084980039658,0.85460340496594689,4.13664283197045,-4.7988843602290761,4.623119138732581,0.267466518858,0.181533307421,1.0110004879087638e-05,0,5.0550024395438188e-06,21,1,1,1,0,0
2933,2,2.9748529595481794,3.1126514875851874,1.0053366162333586,4.7963893729546587,5.6700552481549265,-0.532757579825059,0.0127338322389,0.109904432143,3.6796311525430229e-06,0,1.8398155762715114e-06,15,1,1,1,0,0
2934,2,-1.1895494822744803,0.12421391065497447,-0.4710891833865446,-4.2733390408516749,4.67818965816745,2.659883367344408,0.695577683729,0.00416307842565,4.891077062219922e-07,0,2.445538531109961e-07,23,1,1,1,0,0
2935,0,1.7210943289183798,-0.33488344736067166,-1.544560471372993,1.2307957213349663,1.1642402493423452,-2.6201200171772219,0.0671714481728,0.0243476156899,1.8509115633900126e-07,0,9.2545578169500628e-08,14,1,1,1,0,0
2936,7,2.2894656524375998,-0.93405986595783386,0.52228219176270074,5.4156077771709725,1.9087065853429774,2.9582134552848478,0.275485756804,0.0132504880469,1.2937573772654845e-07,0,6.4687868863274223e-08,43,1,1,1,0,0
2937,7,3.0266769948398884,4.7264146736893906,-2.5140296833969566,4.0210158852583113,2.4444882822441398,1.8017827715963897,0.0687899584352,0.0236856284843,1.75625171432614e-07,0,8.7812585716307001e-08,10,1,1,1,0,0
2938,11,2.3262983981324816,1.4868811239428257,-1.5487329955343099,0.62287057093713016,4.6807642445985982,4.8428531577422111,0.0491258496167,0.0235499020035,1.7135352565719088e-07,0,8.5676762828595439e-08,23,1,1,1,0,0
2939,15,-5.481285922376208,-4.8849979655642253,-0.75570255041003498,5.2670289863706907,-5.7328872909270832,-2.4696279701025747,0.223777421423,0.127170807085,4.9764754119046189e-06,0,2.4882377059523094e-06,7,1,1,1,0,0
2940,14,-0.94641098019887115,1.3474509717386334,2.8896186713152758,0.56913599737947307,1.655663943960632,-0.63338343561861576,15.2491622149,0.107153691381,0.00023603453914550942,0,0.00011801726957275471,60,1,0,0,0,2
2941,8,4.3270623076555967,-4.6357961285037046,2.0841245713120444,0.065637046111637481,2.3565141544532882,-0.21601088042027305,0.259638204453,0.0297118289396,3.3632605573785493e-07,0,1.6816302786892747e-07,25,1,1,1,0,0
2942,10,-0.46986727674151241,-3.8187115833744358,2.0866274702886041,-1.8042953452970389,-0.9462947629569074,2.4902085576982804,0.177759090013,0.268253187295,2.1951798519617488e-05,0,1.0975899259808744e-05,34,1,1,1,0,0
2943,12,-5.9001063606951689,-3.2365188568626304,-1.081142103750103,-0.75747919370184036,-1.7462361116185647,1.341284770208472,0.0224828793809,0.0627399227616,1.1995703921536991e-06,0,5.9978519607684954e-07,18,1,1,1,0,0
2944,14,-4.6311598023517462,-0.26363461354232698,1.4416902753514138,0.51579019013132432,-1.4005672783380756,5.946135117297918,0.0196587396671,0.00159366486109,1.1601235257190203e-09,0,5.8006176285951017e-10,22,1,1,1,0,0
2945,12,0.36143094827830546,-2.9615040031547379,1.1899595520921915,1.0761388929117015,1.6180993075185452,3.2718908992719569,0.00438659782928,0.0219660151127,1.4699892014026321e-07,0,7.3499460070131605e-08,19,1,1,1,0,0
2946,13,0.27179065577056083,1.2221858529059511,-0.751996793974124,-3.5322504579993477,5.6526416558637065,-0.58019863593589049,0.231195546188,0.000839449434935,5.3666036965201651e-08,0,2.6833018482600825e-08,13,1,1,1,0,0
2947,0,1.5369882818049361,-1.3205719060036551,-3.0179646163954441,2.7113376899501835,-4.1824155020456351,-3.8092477104496707,0.125750170451,0.0677503566294,1.4140408209299342e-06,0,7.0702041046496708e-07,9,1,1,1,0,0
2948,15,2.7307048184716152,-2.4214054674399321,-1.7463269177284264,-0.48674450834232302,-1.2658660301532119,4.6269143544880302,0.0447906433712,0.0141216550309,6.2753355098176105e-08,0,3.1376677549088053e-08,21,1,1,1,0,0
2949,11,-0.93419154052226616,0.68879862020438853,-1.7243973486132484,-0.42410815994002293,2.0269556112117941,-0.60149781843511285,0.491838157354,0.278069920363,2.3795801155154196e-05,0,1.1897900577577098e-05,10,1,1,1,0,0
2950,15,-1.7424558723434727,-1.1966094222589769,-2.8577101778376677,5.2816881151055011,-2.6647501892927177,2.5962663009956874,0.101781375747,0.0188364050512,1.1844080245611606e-07,0,5.9220401228058032e-08,14,1,1,1,0,0
2951,11,-2.9645864094638199,3.6856749548009646,-0.99651177945005509,-5.3500906640055677,-4.1497752229446192,-5.1241005327067848,0.16158601112,0.0105388202604,5.9942900462095758e-08,0,2.9971450231047879e-08,5,1,1,1,0,0
2952,5,-5.1451358975179566,-4.0078187253034736,-1.7117839802538577,-2.3725263816916184,1.1130887503776756,3.2959628874029789,0.181676781206,0.0217475988414,1.7707771532238555e-07,0,8.8538857661192774e-08,25,1,1,1,0,0
2953,1,0.2885576347398518,-1.4739534948424478,-1.0735252039528427,-4.7694044859700364,1.5001388822057995,5.248575786658435,2.14624517066,0.0173433991776,4.6979952709275576e-06,0,2.3489976354637788e-06,6,1,1,1,0,0
2954,2,-1.5907043669548853,-4.9115839472746687,2.0895591318189743,-1.6778195631757413,-1.4133826008838015,-3.0514716140548397,0.0265406295849,0.0226117958134,1.56453253836842e-07,0,7.8226626918420999e-08,19,1,1,1,0,0
2955,1,5.6017999953262594,-3.8177849327925806,2.491513924642311,-0.30562225125958797,-3.638037716139114,5.0088890271049449,0.138772582863,0.0871104875523,2.3307670180984267e-06,0,1.1653835090492133e-06,24,1,1,1,0,0
2956,7,-0.77444151929136018,-3.3425443727175517,-0.85241169161309449,2.6778290901860138,-5.4627138204944119,-0.57265275284366879,0.860302218826,0.0100627834023,7.7096534878345792e-07,0,3.8548267439172896e-07,24,1,1,1,0,0
2957,1,4.6203776351504011,1.0847194878228588,-2.763745752637178,-3.4867560107706215,4.4947674708285241,-2.8536508375854202,1.08915198044,0.0596535282471,2.2702463550476473e-06,0,1.1351231775238237e-06,16,1,1,1,0,0
2958,9,-0.40124591691713113,1.8028639789756495,-0.33692280700327437,5.3664600775662956,-1.9126003366275219,-5.453347111081813,2.61481089793,0.0240520460158,7.0134574887738618e-06,0,3.5067287443869309e-06,13,1,1,1,0,0
2959,5,-1.9989280355321475,2.8076416353252474,2.4716072938769598,-2.2176768336308936,4.0640553838976263,4.6358337721006198,0.0495961541436,0.00525596506837,1.0874886146838468e-08,0,5.4374430734192342e-09,15,1,1,1,0,0
2960,13,4.6178738995330813,1.8319906983558947,0.97042279656030117,2.1971676698256326,0.0099486271245456497,5.9323484979779453,3.71859612346,0.032078182514,1.4141411437575369e-05,0,7.0707057187876844e-06,25,1,1,1,0,0
2961,6,4.4954669690173867,2.1281791730073998,0.73918648949799515,-2.8354131349461134,2.8469749467014327,-4.1704169840590515,0.415064673537,0.132650307085,5.5323584727561885e-06,0,2.7661792363780943e-06,6,1,1,1,0,0
2962,7,-3.3435638400818579,1.0201597230210637,1.1489358327428874,2.3408815510837755,-4.2888228745184254,3.8789760428672282,0.846342138865,0.0305328707669,1.0002764934102555e-06,0,5.0013824670512774e-07,9,1,1,1,0,0
2963,5,-1.6680062325522809,-3.1996111733022503,2.3655239981644107,4.8421101507654303,-5.1683379792800181,-5.2855701707398666,0.0406207393132,0.00309220937927,4.5627227704058511e-09,0,2.2813613852029255e-09,31,1,1,1,0,0
2964,3,2.0959614752957041,5.5416179891732487,0.98075548999145912,3.5937543434486368,3.0454677525047482,1.848347515281809,0.0426474773304,0.000659058576139,1.9511203988603555e-09,0,9.7556019943017777e-10,50,1,1,1,0,0
2965,2,1.5484249982005818,2.3719842123197155,-0.33176503894148462,-1.3587746262801021,-1.07549716220618,-6.0262239144582521,3.08372025074,0.264701724184,3.0852960185732643e-05,0,1.5426480092866321e-05,17,1,1,1,0,0
2966,4,-3.7076163576142314,-1.4690094128357216,1.2889466393375444,2.1910395372443339,4.8007516004790878,5.2901852424493763,0.119764899751,0.00228475092151,1.5933760576262701e-08,0,7.9668802881313506e-09,27,1,1,1,0,0
2967,3,-2.5259400280653432,-5.5742110167469479,-1.5681917080647461,-0.48965197829738388,-4.8981743815306302,-5.355968507770922,0.0403088031291,0.0136968758845,5.8772370618119326e-08,0,2.9386185309059663e-08,23,1,1,1,0,0
2968,12,6.0335637896504153,4.5757835533467341,-1.7642084701555019,1.5290670833025082,0.96740759091800843,4.9713509098661532,0.0250019126822,0.00166554781622,1.4701194473840503e-09,0,7.3505972369202516e-10,19,1,1,1,0,0
2969,0,3.3464066575289064,1.2965319376523561,1.574683820747421,-6.1442733677347308,4.1940002922198572,-1.0085478977301785,0.0514975437296,0.000923795780478,2.9119571031779707e-09,0,1.4559785515889853e-09,5,1,1,1,0,0
2970,2,5.6490362106818983,-0.1235144851172767,0.8243586885596238,0.86038409137513239,4.8828982031032027,-4.3118879178658034,0.184796043029,0.0694022426863,1.5013915578062438e-06,0,7.5069577890312188e-07,19,1,1,1,0,0
2971,3,5.8354315057583301,-0.33470511301302275,-1.3216420598580148,-3.6485386932784363,4.7195575461690851,-3.5381698340547438,0.0580303779917,0.0191980006065,1.1563830409447883e-07,0,5.7819152047239417e-08,41,1,1,1,0,0
2972,15,2.0846544728169958,4.5411548878173242,1.4920688311078407,4.1797734461545781,-5.5863103386923214,3.957773480639351,0.6774701782,0.00591235619779,4.6961403541474127e-07,0,2.3480701770737064e-07,7,1,1,1,0,0
2973,9,5.0266345906936776,2.2554111705416298,2.7252449883948828,-4.6901577820880513,1.171972707058889,-0.066726736177501772,0.0387756738949,0.189887279635,1.0985148374710873e-05,0,5.4925741873554364e-06,10,1,1,1,0,0
2974,1,4.929975478502743,3.5506163002515958,-2.94561672550173,0.93559855762196309,-1.896672701688507,3.1251552754344067,0.561766812992,0.000516164840786,3.1566311022378866e-07,0,1.5783155511189433e-07,19,1,1,1,0,0
2975,14,1.1516280389246156,-3.140415018232527,1.2160749277154248,-2.4377343669736118,4.7616019328284693,0.81446409896612937,0.0451928470525,0.00878581042853,2.5555953670434322e-08,0,1.2777976835217161e-08,23,1,1,1,0,0
2976,5,2.3995988112196427,-5.103221514194936,0.60899484765461875,-3.0389225220269367,-4.2257548176742423,-3.2222143550873166,2.12034702678,0.126712480175,9.3868248387076928e-06,0,4.6934124193538464e-06,11,1,1,1,0,0
2977,11,3.8229162674129351,-1.5617246957782174,0.40113685316157277,-2.0406976703272393,0.44076762023702942,-3.6140794123847324,1.34056060457,0.224311495426,1.7124125292523129e-05,0,8.5620626462615646e-06,23,1,1,1,0,0
2978,0,-4.1751710777584909,-1.7343843792330687,-0.74486456131840995,-3.8713407257582717,2.2681610917199548,-1.4643698393769071,2.69147914177,0.0100119223355,7.2745943908604169e-06,0,3.6372971954302084e-06,20,1,1,1,0,0
2979,13,-4.1607092158366275,1.8696883594205183,1.0458351173028486,5.536291097490583,4.713372159802395,-0.44359622298776186,0.238173217823,0.0285938804674,3.0578473033637746e-07,0,1.5289236516818873e-07,9,1,1,1,0,0
2980,15,-0.030324244638153912,-1.9588284492929404,0.99164746096434053,-0.23545591893435411,2.4905513811463109,5.0534651862842965,0.128523251932,0.00870833512,3.9618918949585078e-08,0,1.9809459474792539e-08,43,1,1,1,0,0
2981,11,-3.6092137888922551,4.0016869986792862,-2.5117909790566437,-0.54254229996459047,-0.2701297295105517,-0.65893655413582342,1.446657296,0.0326439396822,2.4174258177221759e-06,0,1.208712908861088e-06,16,1,1,1,0,0
2982,13,2.5316676628376329,-4.8945952708991252,-0.76770857572539863,1.1427217655174549,5.1034310535084568,-0.31438860970872556,0.216506299796,0.0288150989053,2.998018448040664e-07,0,1.499009224020332e-07,11,1,1,1,0,0
2983,3,1.1986056877133784,1.3977252979143076,1.2948031473218615,-3.736532405114775,2.2028170712870914,2.7336861450169776,0.109611428371,0.0262492675902,2.2190339321365278e-07,0,1.1095169660682639e-07,13,1,1,1,0,0
2984,2,4.4094318171621891,-4.1655986398132541,1.2591274121310976,-1.8979816832478356,4.9203206964930821,3.0301219977225657,0.16945410746,0.00137360125983,2.9289440718602129e-08,0,1.4644720359301064e-08,12,1,1,1,0,0
2985,11,5.7116560536536962,-1.0464559184895852,-2.037230241607237,-0.15386982935008178,5.0713185641527687,-2.8753782891897535,0.203970063984,0.0492112467696,7.793100512187518e-07,0,3.896550256093759e-07,14,1,1,1,0,0
2986,5,3.3011857139548848,-3.4611522945927855,2.6391281834478426,1.7817164089306812,2.4584115416804075,3.316770479522138,0.040291601523,0.0518180721507,8.1955548563192178e-07,0,4.0977774281596089e-07,8,1,1,1,0,0
2987,2,5.4004959028306043,-2.0984618651708091,-2.2681564053550107,1.1718868255839836,2.745794065855947,5.1284218869596998,0.348984239535,0.0551116604284,1.0470030005611021e-06,0,5.2350150028055106e-07,18,1,1,1,0,0
2988,7,-4.7231328437147546,-3.2253999315323685,-1.0960477150545673,-3.4199876987771778,1.8115419694745756,3.0231905985881933,0.298784045071,0.0671932296533,1.4645982665908806e-06,0,7.3229913329544032e-07,35,1,1,1,0,0
2989,8,-2.5849096616368596,2.3834345859609618,2.7227826218159183,-0.30964505554538413,2.8073468527843026,3.3865730461557777,1.92303358442,0.569070632494,0.00010234578521464662,0,5.1172892607323312e-05,20,1,1,1,0,0
2990,15,-0.022297075810210672,-0.1983110997774768,-0.71970798744484099,-1.1230804403197074,-4.5778359154232717,-1.0338127854184642,0.0296971976073,0.227124183445,1.57146917574267e-05,0,7.8573458787133499e-06,9,1,1,1,0,0
2991,3,-5.0663589767042501,2.1388693953203846,0.31400076173948199,5.2049502305205797,4.0519148786450963,1.2620007478062814,95.3638439591,8.03566295659,0.028763981952669795,0,0.014381990976334897,60,0,0,0,0,3
2992,0,-0.30232831692084822,-1.5685675291408314,-1.7213982717061636,1.1886822929416281,-4.2107342169898168,4.4528762751907696,0.0321044360433,0.181438633192,1.0029029335179132e-05,0,5.0145146675895662e-06,20,1,1,1,0,0
2993,7,4.8297832856301168,-2.8969590414258861,-2.8034821154435159,1.537396465003704,-1.9384096299062576,-5.0390619216532553,0.0111151567816,0.13470714634,5.5277158991933867e-06,0,2.7638579495966934e-06,27,1,1,1,0,0
2994,9,3.4344926852270898,5.6246686201277116,-1.3890623874873449,-2.450615129703015,4.7281909900271772,4.2858748205753034,0.211123874783,0.00369801599099,4.8739031887721012e-08,0,2.4369515943860506e-08,27,1,1,1,0,0
2995,9,-1.8224446926016531,-0.83912409667916554,-2.1407459817415626,-4.7201587941731669,-4.5649302525727711,-0.67823051834405157,0.16214808928,0.536985598027,8.7863801055705881e-05,0,4.393190052785294e-05,55,1,1,1,0,0
2996,2,3.5276704363518685,-0.12442774764199421,-0.71083906560162047,-0.36265273263719516,1.8802813354996655,1.7429512711539425,0.338884366625,0.0275526714689,3.4609283833339611e-07,0,1.7304641916669805e-07,26,1,1,1,0,0
2997,10,-1.2987229543472734,1.0588371580290423,-2.1714296859339428,-1.2204878942343655,-4.8216559520726676,6.0600393788974358,2.48367583613,0.0586068388338,7.2149338623823231e-06,0,3.6074669311911616e-06,12,1,1,1,0,0
2998,2,-0.043116169970446643,1.0759432782553104,2.4446914894076004,3.9438172998807501,-2.307785090298057,1.4200321152333748,0.0480601060428,0.00319004735422,5.4096831500190252e-09,0,2.7048415750095126e-09,25,1,1,1,0,0
2999,9,-5.9726921991510427,1.0263919111316704,2.0510984537983998,-4.5022884695010594,-5.4087613320922951,-2.1307618361393357,0.0101724629751,0.122087880319,4.5405633573687873e-06,0,2.2702816786843936e-06,19,1,1,1,0,0
3000,14,3.937000663715144,5.086950937747508,-0.98433489477874425,0.73719229584025392,1.8671765287520012,0.80005974389990764,3.82764223557,0.0367058657836,1.5061262403085201e-05,0,7.5306312015426004e-06,17,1,1,1,0,0
3001,0,-2.5049843669074634,-4.2898662036719291,1.2631112240304991,2.7076684315261641,2.8042412118708593,-4.1258030339129039,0.0704345977573,0.0193120963574,1.1857025161171432e-07,0,5.9285125805857162e-08,14,1,1,1,0,0
3002,10,5.1374038829958133,-5.92974706510046,0.43173560413250189,4.16108268550484,-3.327838239555827,-6.0512931602820652,0.665457322107,0.162061266231,8.4432608904992322e-06,0,4.2216304452496161e-06,10,1,1,1,0,0
3003,12,5.9235827192368573,2.5083138522127624,-2.6131188554680707,-6.1961709520134214,1.4223697981677033,-5.2057528002573719,4.99047077745,0.184430034005,3.5266188749967713e-05,0,1.7633094374983857e-05,37,1,1,1,0,0
3004,2,-2.1475901205948307,-0.41935481827276111,0.34826477608256595,5.4479564474863942,-4.523797866661206,-0.70883148874313229,0.0914351400544,0.437400003042,5.8287388223417606e-05,0,2.9143694111708803e-05,23,1,1,1,0,0
3005,2,3.1350169172734192,-5.8368378738470952,-1.7645962310648311,5.5132394547503907,-5.8563566282315715,-4.701478676599125,0.0640065268652,0.0694411928551,1.4729861792344937e-06,0,7.3649308961724687e-07,16,1,1,1,0,0
3006,4,5.2242161223131607,-4.7109537142117013,1.5827344304025033,-1.2773292061702874,-1.1521503836179658,-3.9134835369080037,0.0228564143449,0.0410214246258,5.1311959592964644e-07,0,2.5655979796482322e-07,32,1,1,1,0,0
3007,2,4.0441249392928302,1.3638988906244589,1.2063243277187625,-0.84507345633732966,-1.3306250085826434,-2.5795858656969735,0.0478583388661,0.0545818272834,9.097992870847734e-07,0,4.548996435423867e-07,17,1,1,1,0,0
3008,8,-5.0641504987574839,-4.6315204718330207,2.7936286635842924,-0.85295111165535797,-4.4594732867220914,2.7808072210871848,0.156804986628,0.020492486628,1.5250945482945978e-07,0,7.6254727414729889e-08,10,1,1,1,0,0
3009,15,-3.2873161445998571,2.3527400907228966,-2.8820940439180318,5.1588864535769954,1.8027645959793901,1.9010466049504033,0.176198685658,0.0245848009101,2.1516053350515245e-07,0,1.0758026675257623e-07,17,1,1,1,0,0
3010,6,6.0716865354416045,-5.8500345291569928,-2.9721749540541924,-3.3626060927183068,4.0827622937051045,-4.7360999010528548,3.76063833135,0.239433908697,3.1605689845815732e-05,0,1.5802844922907866e-05,34,1,1,1,0,0
3011,14,0.64700711128949195,2.0951512695943375,2.8718125846382652,-2.0259932311452489,-1.6598152841022042,-5.5099789124777514,0.100170785566,0.0333961626032,3.4977511453175411e-07,0,1.7488755726587706e-07,25,1,1,1,0,0
3012,7,4.5643273034876408,-4.5491373214340527,2.6048024397539749,5.2188332802313866,-3.0810013879651268,2.8366264112749082,3.30030588963,0.087697965903,1.3234811199431044e-05,0,6.6174055997155218e-06,54,1,1,1,0,0
3013,10,5.2488675150915851,-0.091787304743153553,-1.9985890705357314,-5.1162263487936572,1.7859422017369764,-0.73615309900071679,0.0316225811528,0.000392555482794,1.0469291243836848e-09,0,5.2346456219184242e-10,17,1,1,1,0,0
3014,2,-4.6037418671185062,0.50664780743614479,-1.4802503317971742,5.3169204535932746,-4.2788891118633199,1.4781190617014157,0.0458424359928,0.152268963528,7.0649114488235938e-06,0,3.5324557244117969e-06,12,1,1,1,0,0
3015,2,5.2376363550723752,-0.77294968545179543,0.835071312621952,-2.5844807486652663,-0.26807380502463779,-0.09426099975917987,0.113153392722,0.175518822764,9.3971090253637187e-06,0,4.6985545126818594e-06,28,1,1,1,0,0
3016,6,-0.047718135671878832,0.54235636580186841,-1.4713374341708054,-3.5083151369234264,5.0918397370980708,1.842734573409208,0.0267158148266,0.148856748799,6.7505275526915931e-06,0,3.3752637763457965e-06,24,1,1,1,0,0
3017,6,-1.8697635496850222,-3.0446636560219753,2.3203970346548974,-3.8030636133252624,4.6940178865556952,-2.6632122260323197,0.0261565760012,0.0177149540385,9.6279082258789216e-08,0,4.8139541129394608e-08,15,1,1,1,0,0
3018,6,1.2455424693899655,4.582911340795178,-1.461460337225545,3.9004710234168543,-0.94004328443879281,5.5789907239539875,0.148375366632,0.034681038993,3.884013037293252e-07,0,1.942006518646626e-07,27,1,1,1,0,0
3019,13,-2.9988027091475327,0.16759081760700717,0.76579516423608096,5.2734873120618078,-4.6771653088977496,1.6808918311744252,0.0169118052564,0.826042123102,0.00020785463877539423,0,0.00010392731938769711,38,1,1,1,0,0
3020,4,-2.2978402384251275,2.6057075878697917,2.5853574245395894,5.1945863645593811,-5.2000909091733405,0.85114256094160978,0.0586503976024,0.000444928108405,3.5001715145496665e-09,0,1.7500857572748332e-09,32,1,1,1,0,0
3021,7,-3.4547367940674523,2.9797212139329945,1.9647405073426554,-2.2599615462366627,-3.2466429776915069,5.52373760853225,0.560414494818,0.0626173176087,1.5084475180300987e-06,0,7.5422375901504936e-07,7,1,1,1,0,0
3022,8,-3.6512432264840728,-0.43480616487209417,-0.27321410099686327,-1.3205003907641604,1.8369100005735755,3.3880261515191843,0.0512752177495,0.402494234333,4.9351141182771944e-05,0,2.4675570591385972e-05,19,1,1,1,0,0
3023,12,-1.1803307008078441,-0.40195544455879961,-2.2930555362041782,-0.74019274967815785,-1.6626516700996088,2.1238503026208355,78.552860708,0.667143384446,0.0063061311365904182,0,0.0031530655682952091,60,0,0,0,0,3
3024,15,4.2809969153020173,-5.7065298193762359,2.8825218951188782,-2.4520765960102398,-1.2994363387149168,-2.6940752410803088,0.864312738326,0.0026785571891,7.492220386741393e-07,0,3.7461101933706965e-07,21,1,1,1,0,0
3025,1,-3.815963888396797,-2.4975864900163507,-1.2037428832646948,1.9355282495785917,-4.6590129558059896,2.6405633608409831,0.134659572794,0.0440697718379,6.0974433528075125e-07,0,3.0487216764037562e-07,12,1,1,1,0,0
3026,14,-2.2283321940796532,-3.2428577418498281,2.554359977159693,-2.3232760584203755,-1.8843133602708597,2.0914494676671436,0.667699243607,0.0651382877803,1.7383129365530781e-06,0,8.6915646827653903e-07,16,1,1,1,0,0
3027,0,2.2676038456518883,2.2131787645566865,0.11241046122812984,6.082949456988767,5.3712261240202599,-1.4642530278277943,0.0284648492751,0.508034934483,7.8622412357621743e-05,0,3.9311206178810871e-05,53,1,1,1,0,0
3028,5,-1.5344604104508162,-4.1709463700337475,-1.0421235325013691,-4.248181657751779,4.7016805296120676,-3.1680191787405239,57.7569798735,0.100358771072,0.003338936795094925,0,0.0016694683975474625,60,0,0,0,0,3
3029,5,-4.944925409449926,0.33992490489908284,-2.8681214572966645,3.1021306559284123,4.1130403915039064,5.9297044830057697,0.228510877839,0.774610215802,0.00018282906192392223,0,9.1414530961961114e-05,35,1,1,1,0,0
3030,14,2.2734891313529455,-2.5057126154601876,2.0870737225086691,5.0733800107021585,1.3897165152628066,-3.6887992568016523,0.0441194711178,0.00362248518544,5.9438390317564167e-09,0,2.9719195158782084e-09,23,1,1,1,0,0
3031,15,5.2156298839140867,-2.2057310794924274,3.0300024942882002,2.9804118260753176,1.7474248464878341,-0.31003756526237897,0.706852627621,0.00793832721343,5.188367249812354e-07,0,2.594183624906177e-07,30,1,1,1,0,0
3032,0,-3.7962317306596409,-2.8428982035191694,2.3237991770902671,-4.0899462321676188,-1.5240931389460426,5.4296475061081777,0.0348094500677,0.000167305678394,1.220224418095098e-09,0,6.1011220904754898e-10,60,1,1,1,0,0
3033,14,5.9464459430144894,2.0428634016808749,-2.9646945059671332,1.2148177624523424,-1.5507666321237779,1.4918998598676758,4.97827833403,0.0102665264085,2.4815362323689134e-05,0,1.2407681161844567e-05,14,1,1,1,0,0
3034,13,0.76707788617610229,2.947655183281134,-2.3465498316546616,1.2304228180148797,4.6296681043640966,-5.120140141799018,0.0152053295849,0.000716955166296,3.8778292879684316e-10,0,1.9389146439842158e-10,22,1,1,1,0,0
3035,6,0.50307481305719981,-4.3624192611788306,2.5263157747628346,-5.9557669886067055,-4.1992151347705535,3.7972080604060965,0.212252213933,0.0605570090317,1.162129182350926e-06,0,5.81064591175463e-07,16,1,1,1,0,0
3036,7,-4.7734399595544632,-5.7575211090100966,1.458158587401206,4.2811686908215325,3.9244684028757431,-0.72903414172569725,0.173918005655,0.00172608780756,3.1155043470986325e-08,0,1.5577521735493162e-08,13,1,1,1,0,0
3037,3,-0.81773674436340105,4.018535293371901,-2.5567411066113146,-4.6650812520087115,-1.6366762570836324,2.148871169239583,0.103026291104,0.107822068002,3.5519741889870975e-06,0,1.7759870944935487e-06,15,1,1,1,0,0
3038,14,0.086074905969141344,-0.78975610688111397,-2.4051419399465099,-1.8751683507627708,-0.45334797513632491,-3.9657763029637358,0.0932253225548,0.00298960167246,1.1413545410122705e-08,0,5.7067727050613525e-09,25,1,1,1,0,0
3039,1,-3.4094168386625863,1.0081832393748864,0.77826446533919158,-4.3313952276783976,-4.0003737592588768,-2.5961405760098639,0.389184890564,0.00790728299936,1.7051112111929766e-07,0,8.5255560559648828e-08,32,1,1,1,0,0
3040,2,2.2569366571640628,-0.48740165003280339,-0.76751950412662517,-1.8237215870125503,-5.0553746089022207,-1.1441601355489763,0.0977674067911,0.157030829422,7.5210223659056656e-06,0,3.7605111829528328e-06,13,1,1,1,0,0
3041,5,1.1102565118235999,-0.051164310691318438,2.3056711842060742,-0.26643104220030323,5.8742735759513351,1.3912231048831443,0.0543771657243,0.0682453596932,1.421690917422685e-06,0,7.1084545871134248e-07,12,1,1,1,0,0
3042,15,1.2284266038061238,-4.5156171565035539,-1.7440469123831175,-2.3617877294432126,-4.4463062912426867,-1.3759176003415454,0.0403168518414,0.00298580746055,4.3411269105342921e-09,0,2.170563455267146e-09,21,1,1,1,0,0
3043,10,0.97145976688044333,0.88560684616995133,1.3825914771980925,5.8155212734864605,-1.379400934292158,-5.3406412358615016,0.46291595961,0.033727238879,5.6080161640929906e-07,0,2.8040080820464953e-07,25,1,1,1,0,0
3044,11,1.3941149856175938,1.6937089059115993,0.82452756882257994,3.1403948003111739,5.3782614123216579,-3.4471372320482345,0.450565736921,0.332835887337,3.3948444360661949e-05,0,1.6974222180330974e-05,15,1,1,1,0,0
3045,9,-2.1488006076002901,1.6177152199807754,1.9453639109490819,-5.3301627464518351,-4.5077808845187635,-5.5990811318262903,0.0250817212798,0.035258549734,3.7931890773636835e-07,0,1.8965945386818417e-07,16,1,1,1,0,0
3046,7,0.19906621679842029,4.4637406066042864,-0.47021106981016914,-1.4584850909297158,5.8973494289305517,-4.8317073127154107,0.531647645107,0.000770270933547,2.8282995333655122e-07,0,1.4141497666827561e-07,38,1,1,1,0,0
3047,9,4.6672646392161266,-3.1179978973089635,1.2201309984157314,3.617039848822591,-2.512615015922711,-1.9114881510453698,2.0082761924,0.0866420343351,6.3198881403851645e-06,0,3.1599440701925823e-06,6,1,1,1,0,0
3048,10,-5.3847571302349886,2.1695984624194469,-1.732435382429528,2.7016843693891972,5.7612033047017217,5.2677205437438737,0.302367542099,0.0425601564868,6.4320004802790805e-07,0,3.2160002401395402e-07,26,1,1,1,0,0
3049,1,3.6108424604588074,0.90473888300658389,2.2583619111734796,5.5852532578298693,-1.854804131523911,-1.668585621175128,0.0171034205798,0.0637684718386,1.2389942861222344e-06,0,6.1949714306111721e-07,32,1,1,1,0,0
3050,2,-1.6732270594950023,0.37017147889590152,-2.7054619327620162,4.1637737534780133,5.0823676685772128,3.5235961790514332,1.36605751473,0.0278966735195,2.1031738402992004e-06,0,1.0515869201496002e-06,53,1,1,1,0,0
3051,12,-0.77587322922484769,2.0215865396885651,0.63074670064036165,-3.3475260570289613,1.4868960261591424,5.2802954440170291,0.234749494253,0.00147568456921,5.5770673637329402e-08,0,2.7885336818664701e-08,25,1,1,1,0,0
3052,0,0.77497700229579281,5.0456534627318002,-3.0552049974171918,-2.364956584133465,2.2616239112307723,4.1831973832409899,15.226736401,0.0667137149439,0.00023320926819643211,3.7496496295321177e-07,0.00011661588304710466,60,1,0,0,1,2
3053,12,-3.1000860535760308,0.26074093165305273,1.7527015080886317,1.9825360135114269,1.703679712101325,-4.2512185456742646,0.0202128406435,0.272567672734,2.263139202200722e-05,0,1.131569601100361e-05,11,1,1,1,0,0
3054,10,3.6352052539201889,4.9853648919463405,1.4475165222889397,-4.0166603401242247,5.046995845876415,-2.717676498192886,0.0275826839626,0.00149006788026,1.4371472086336512e-09,0,7.185736043168256e-10,12,1,1,1,0,0
3055,4,-0.43222197125990874,-2.6565982453303416,2.6631736086949411,4.5037662085854793,-4.1830581892847292,-0.30753917274678894,0.0667735312066,0.568052111054,9.8299382763016298e-05,0,4.9149691381508149e-05,31,1,1,1,0,0
3056,9,2.8165560749507361,5.4862734378366014,0.54460805336694429,5.3268926922978519,2.549027881115058,-4.4326913501816811,0.916167553752,0.226189912725,1.6424161833512476e-05,0,8.2120809167562381e-06,10,1,1,1,0,0
3057,6,1.5302174883009088,2.348837525123157,-1.0427903703958605,4.393739464782934,0.63692484416711148,-3.7069910989820105,0.0517095458955,0.00445894434108,8.7303369205114861e-09,0,4.365168460255743e-09,10,1,1,1,0,0
3058,0,-5.9652422677629389,0.80874102448392138,-0.2012430043644676,0.41629344847382704,5.2120999542434232,-4.6400648939343512,1.01087980594,2.38680434752e-05,1.0218781555834096e-06,0,5.1093907779170479e-07,20,1,1,1,0,0
3059,13,2.3951269618998383,1.5900147519062726,2.7484999712863312,1.7335718983791253,-3.0171027284993297,3.7090133335450126,0.240305123414,0.0266027720958,2.7332657982903419e-07,0,1.3666328991451709e-07,16,1,1,1,0,0
3060,9,-2.3179217402977108,-5.3402797622234051,2.2955634441844999,4.6426323475594025,4.3702918427127164,3.7995419385162608,0.143362762131,0.0650689084776,1.3102917205495414e-06,0,6.5514586027477072e-07,24,1,1,1,0,0
3061,4,1.917335242370295,1.0564454154634881,-0.97819836136231797,4.6238656755772318,-4.7502658411913474,-3.4245945426770699,0.0220599321953,0.000332691632594,5.2035679838881653e-10,0,2.6017839919440827e-10,24,1,1,1,0,0
3062,5,-0.91481462759747678,-3.7856611712231945,2.1287956329302453,-2.9832562005850112,4.3908821712876707,-3.4828459787763069,0.0476655403488,0.00501219441568,9.9246308435683533e-09,0,4.9623154217841766e-09,18,1,1,1,0,0
3063,15,-0.13331963296170399,5.821307697742351,1.7147347471462284,0.1755162664349908,4.3052226988309412,-4.532644128131011,0.0394289385524,0.020215414319,1.2604050253425479e-07,0,6.3020251267127393e-08,13,1,1,1,0,0
3064,2,3.0952478050132632,2.5361879550019264,-0.78392082774465821,-0.99078995400078929,3.8260747635446628,-2.5424020675409471,0.444487169092,0.803762423118,0.00019699078901432528,0,9.849539450716264e-05,25,1,1,1,0,0
3065,15,-1.8923868738127927,-1.851807912152478,0.66737352397892225,3.4814362295683523,4.303003536486953,-2.1216658243361857,28.4715868366,4.06847701594,0.0058528126909219826,0,0.0029264063454609913,60,1,0,0,0,2
3066,9,2.3155687622655696,1.3201424588550135,1.6627917268472683,5.7532772610125864,4.8506588345406465,-1.2402555190369218,0.0151509020756,0.554445571307,9.3642637528244967e-05,0,4.6821318764122484e-05,21,1,1,1,0,0
3067,6,5.4391638741490169,-4.5349736287077587,1.8818262434229491,-3.1344200696034825,5.6484631100312503,-2.9760972663128258,1.30374680616,0.077332305047,3.5214548438856092e-06,0,1.7607274219428046e-06,20,1,1,1,0,0
3068,3,-4.2272970901321152,2.5199913728119538,-2.0414678993137247,5.4911929472912826,2.6909094012364947,3.1557340856527891,0.0682427805518,0.509652909757,7.9127840332377701e-05,0,3.9563920166188851e-05,23,1,1,1,0,0
3069,4,1.9014233677533963,-4.8429133837138503,-1.3817706199249422,5.212188520294406,-5.309632814507534,-3.6404255579226872,0.0499527275567,0.132072409359,5.3159738826823032e-06,0,2.6579869413411516e-06,19,1,1,1,0,0
3070,3,-4.143711504300672,-3.4263230360368531,2.5841663936015649,0.12912437253676057,-4.5309603459470642,-3.9122273566177497,1.8879522627,0.0388434409281,4.0239744397109157e-06,0,2.0119872198554578e-06,39,1,1,1,0,0
3071,15,-3.269042440827703,-5.4363454349389819,2.1641379358187698,5.0153928816977205,-1.7172557917046887,-1.6522052546940875,0.0478121205364,0.0402074235024,4.9474176151333688e-07,0,2.4737088075666844e-07,14,1,1,1,0,0
3072,14,2.1734737181804689,-2.9076422448682271,-0.33961730668511259,-4.1389529416631214,-4.185270637716962,3.2025756588512384,0.235981259957,0.0321364891061,3.7028199311238368e-07,0,1.8514099655619184e-07,16,1,1,1,0,0
3073,12,-0.752517132114495,-4.6977965763712541,-2.8892206679320327,2.2872461160314841,4.7624749704757727,1.7504752210110195,3.63859957879,0.295364960656,3.9814370715915616e-05,0,1.9907185357957808e-05,23,1,1,1,0,0
3074,6,-1.0133780382155793,-1.6750395370989075,0.95320257552487297,-4.1464348292394746,4.2352148200688902,2.765320510823337,0.276868447342,0.000145640396687,7.6662598411585989e-08,0,3.8331299205792994e-08,19,1,1,1,0,0
3075,9,1.2446142255704,5.1528168609478291,-2.2980654981509714,3.2909259757584803,5.7757653981133625,2.6687029667788922,0.157247496956,0.199657010293,1.2167667146697518e-05,0,6.0838335733487588e-06,17,1,1,1,0,0
3076,8,1.8758553011359631,4.1823949893421251,0.89325434865254372,1.3545266217150029,-1.8340467530876285,5.3615770144037258,0.484979765878,0.0322111452855,5.5126357777880437e-07,0,2.7563178888940219e-07,21,1,1,1,0,0
3077,6,0.1302244385125042,-4.0584216144684637,-2.5800846884858508,-4.7501394845600773,-1.9552502225426931,-4.0269436718765146,0.692897561636,0.00497942571704,4.8765992251048219e-07,0,2.4382996125524109e-07,29,1,1,1,0,0
3078,10,-1.7508957347959042,-4.692117226553882,-1.8089451340978524,1.0001101450911112,-2.8194261741594193,3.5713225048643062,0.0367469995735,0.138865491173,5.8754783235631263e-06,0,2.9377391617815631e-06,51,1,1,1,0,0
3079,15,-5.0338610264801833,-2.3431473993081546,-1.3330545319192471,1.9994527917965628,-4.7799453541995405,-2.762705551572346,0.327836242746,0.0105922252706,1.4165322541676117e-07,0,7.0826612708380587e-08,13,1,1,1,0,0
3080,14,-3.8054928551121043,-5.5564060023202524,2.5590426906264967,3.3961935955718721,1.0164266325342117,0.92359366333984849,0.206309775704,0.0117157998377,8.4375500184382688e-08,0,4.2187750092191344e-08,17,1,1,1,0,0
3081,2,2.861265293766587,-1.3507268844586773,1.9345208586019829,6.0924670945071151,-1.4320491485499216,-0.82685984814858471,0.0564028187209,0.00439549488583,9.0666008302254256e-09,0,4.5333004151127128e-09,37,1,1,1,0,0
3082,8,2.343086794623316,1.56894184587378,2.2125304545959392,-2.1485596940204381,5.1562097545724814,-0.34717723821331214,0.0624420918997,0.0108865683366,4.0001470334843062e-08,0,2.0000735167421531e-08,24,1,1,1,0,0
3083,4,0.4957753286779446,6.176057671595828,0.75223511855970737,-1.7530367089625356,-4.9803741946555915,-2.0956486303353286,0.0372955955645,0.154763720155,7.2975292414878441e-06,0,3.648764620743922e-06,15,1,1,1,0,0
3084,11,4.8228448062137153,-2.6931147367718573,2.1689144569414665,0.36579539696242502,1.6198708063761564,5.2169412313847188,0.4057177475,0.23796032692,1.7413603983514682e-05,0,8.706801991757341e-06,54,1,1,1,0,0
3085,7,-3.4389865607491386,-1.9350077607259304,1.133697071185745,-1.6358123934737776,-5.290471447883176,-0.56937859556821413,1.6483431742,0.241102874746,2.0424627448391146e-05,0,1.0212313724195573e-05,10,1,1,1,0,0
3086,0,-0.21302440301181708,5.4218093630273136,-0.87057931526286181,0.76821389729776579,1.7475239008616492,5.1893888904672991,0.0517666309361,0.0210213749783,1.3728967539166157e-07,0,6.8644837695830785e-08,29,1,1,1,0,0
3087,9,-3.3611235913880511,-0.7943531982767752,-1.2143726415569127,0.32117506310616167,1.8215874651113997,-4.2490120884277465,0.132769587738,0.0120897549057,6.2151307644969585e-08,0,3.1075653822484793e-08,60,1,1,1,0,0
3088,13,-4.0592581013149713,1.8914515099679605,-0.80427341179254208,5.692429020035604,5.001689292141446,-0.31862586257126257,3.58887035062,0.0637494987284,1.4117955157461871e-05,0,7.0589775787309355e-06,14,1,1,1,0,0
3089,10,-3.7171185174001673,-4.4153446379382455,2.1970148787818595,-5.302456016308569,-4.512080451086387,-3.8547136791938339,1.3067960182,0.132596357564,7.0634365686727945e-06,0,3.5317182843363973e-06,15,1,1,1,0,0
3090,15,-1.0721359003105235,5.0695841127739572,-1.9419953073512017,1.5758114125412566,1.4420587534009723,-0.37093054716520713,0.415690095719,0.104009645788,3.4681514576218718e-06,0,1.7340757288109359e-06,36,1,1,1,0,0
3091,2,-1.820216848444745,-3.0764903032811604,-2.0268752005143784,-2.6694675582297691,1.4104573143220955,0.4842464466455525,0.0913256917539,0.0167153525389,9.3451406113338565e-08,0,4.6725703056669282e-08,10,1,1,1,0,0
3092,2,5.417319129617078,-4.3864850056256142,-0.35890445352242634,5.4332314334167684,3.5792596303224755,1.0756198014534251,0.738733451555,0.0240644876586,7.2213092812312587e-07,0,3.6106546406156294e-07,52,1,1,1,0,0
3093,7,0.93941703765191997,-6.1533939396478301,-0.18412705922412498,-1.9985955706323046,2.8449827688486709,-3.1262320838638598,4.35308226559,0.325091780825,5.1142715466776833e-05,0,2.5571357733388417e-05,22,1,1,1,0,0
3094,11,-1.7883121708746059,-5.6286316504062919,-1.8023046933251767,-6.0649235007273603,-4.1508395219338601,-5.4259956289579216,0.0830085459661,0.00128187532302,7.3909673707841704e-09,0,3.6954836853920852e-09,11,1,1,1,0,0
3095,0,-3.4871329001314657,-2.8417351072076689,1.2268272808141116,-0.25144442687487578,1.1010071420684024,2.1042121332365866,1.12768361993,0.385449044978,4.652897474829968e-05,0,2.326448737414984e-05,21,1,1,1,0,0
3096,6,-4.3642484885163517,-0.027623341814582099,-2.7681905612416586,-0.13782255395122975,1.7755584312080321,4.5281717051016122,0.850233850934,0.00637249554711,7.3526771853603726e-07,0,3.6763385926801863e-07,18,1,1,1,0,0
3097,5,0.12690751811276779,-3.503396309785805,-2.5499577501898001,-1.6337761792421508,-4.1283069972419364,4.1458362402813851,0.235475324845,0.0277749191993,2.9044456022507171e-07,0,1.4522228011253586e-07,18,1,1,1,0,0
3098,6,-3.1964258382046151,-0.34024182765293076,0.84660434506043758,-1.0015768604797224,5.0113421314654074,5.3690222825847185,1.31215569226,0.0903330849397,4.2074508824440107e-06,0,2.1037254412220054e-06,37,1,1,1,0,0
3099,15,-1.4352755571543592,3.0622669616117109,2.1981144509292889,1.7332565262966604,-0.66848575305196145,-2.0135865758785889,0.0543947242777,0.0179439964564,1.0104163786357982e-07,0,5.0520818931789911e-08,6,1,1,1,0,0
3100,1,5.523017165390435,-3.6387036949471745,-2.3120898967359298,0.9720952355870125,-2.6185350187583802,2.7166212836099008,0.0654097963678,0.448622762886,6.1312306366659769e-05,0,3.0656153183329884e-05,10,1,1,1,0,0
3101,2,4.8272370848780524,5.9875798437521359,0.37029838879411486,4.4534492059610455,-4.6024650790001065,5.9730739646950859,0.486872683998,0.0478290013225,9.338918919045488e-07,0,4.669459459522744e-07,11,1,1,1,0,0
3102,12,-3.9068440860504285,2.572471350453021,1.0052697785756752,0.12161325433507475,-5.2351533867136899,-2.9403186265048604,0.0696886548338,0.00311177262604,7.8061583462790444e-09,0,3.9030791731395222e-09,13,1,1,1,0,0
3103,9,-3.4813928614317473,4.7933599724513476,0.38488955327459906,-2.2664746500618769,1.7482157465893962,-5.0605316805418212,0.614564707221,0.00212494645031,3.7906524807204374e-07,0,1.8953262403602187e-07,9,1,1,1,0,0
3104,5,-1.645340764096755,-0.60407621105002107,2.4525656685516828,5.418794083292104,-1.4227681032554527,-2.3609227061773406,0.111871872759,0.0827319983355,2.0974946959996422e-06,0,1.0487473479998211e-06,11,1,1,1,0,0
3105,7,-5.9974856435093029,-0.79587530855449284,-1.215268463006421,3.0904645215930335,-1.6293661920155817,1.7888916253842948,0.0575645965322,0.00272204633579,5.5707565894793057e-09,0,2.7853782947396529e-09,27,1,1,1,0,0
3106,14,-3.3431954323594142,1.2795307455900202,-2.3967735175910558,-0.27316248525431741,-3.9696332778332462,1.7824586365203707,0.0258031157415,0.00820403867183,2.116845715360664e-08,0,1.058422857680332e-08,35,1,1,1,0,0
3107,8,-0.071656515039285607,-3.9156388971698104,-0.83233337788848827,-0.1563347369348537,-1.388106149056908,1.289708479298183,0.0851281913804,0.0151589767514,7.7246239835566989e-08,0,3.8623119917783494e-08,16,1,1,1,0,0
3108,4,6.110240894588717,1.3694796573731911,-1.7698070363543426,4.7902542319607235,-4.2514164329220359,-2.016624880419168,0.395128772695,0.0543726316482,1.0566925304109768e-06,0,5.2834626520548839e-07,13,1,1,1,0,0
3109,6,-3.3526087960165141,-0.55823769658338829,2.4429708066730718,-3.2634623113516481,2.3543922097382919,-4.94935965207923,0.0733559375061,0.0311072480955,3.001474553024081e-07,0,1.5007372765120405e-07,16,1,1,1,0,0
3110,14,-0.11584323773709408,3.0999258423961451,-1.5633314203189164,-2.6347280815836331,-4.54528960390466,-1.0144404105083153,0.905897809405,0.0741208156165,2.4941870542812311e-06,0,1.2470935271406155e-06,54,1,1,1,0,0
3111,5,-3.3503348896354535,-2.2796118234326763,-2.4970842047441519,4.0168058605037125,-3.8956012137778582,-5.4345556691155883,0.00802145603906,0.236657560419,1.7060711525466336e-05,0,8.5303557627331679e-06,12,1,1,1,0,0
3112,5,-1.8325473288190117,0.97236102663128188,1.8672378250951362,4.8842965514912704,5.3688229204837468,-4.2951385293824966,0.0319842796406,0.0179970707481,9.9686917926832121e-08,0,4.984345896341606e-08,17,1,1,1,0,0
3113,12,-3.9999596223913438,-2.7771026389470226,-2.2521320740336912,0.047849023255645405,-0.76354285077241391,5.2471849545345801,0.0343473362072,0.0415390581675,5.2679507268899004e-07,0,2.6339753634449502e-07,15,1,1,1,0,0
3114,8,4.2061414360299789,2.7646669203472598,-0.014234754726063725,0.14540906296228662,-0.72108691009550485,3.0202744370209706,169.785554775,0.229250302126,0.028843143992377408,0,0.014421571996188704,60,0,0,0,0,3
3115,13,5.0284902472199153,-2.329550124026055,-1.679797729736588,5.7947231993078274,4.3621449847314686,2.3899043027514404,0.0469552427933,0.00453139867915,8.4596791534175931e-09,0,4.2298395767087965e-09,8,1,1,1,0,0
3116,4,2.9235291537157755,-1.1580087068642819,0.31834143114837948,1.7106521644962427,-1.4999219935277093,-2.1797353115448947,0.831223841651,0.00885919423098,7.1484107133567189e-07,0,3.5742053566783594e-07,35,1,1,1,0,0
3117,4,-5.2018249363243756,-0.82295246782802289,0.55872113629266451,1.4248684449549138,-5.1514692012371164,-1.5957255453845838,1.52443222653,0.212034912333,1.6019128499049502e-05,0,8.009564249524751e-06,16,1,1,1,0,0
3118,13,-1.2736917240172525,1.1093715969285693,-1.6427842989437531,1.4780254315771681,-0.44898623314012631,2.0754232695873212,0.457817008458,0.0548796285508,1.127035125346853e-06,0,5.6351756267342651e-07,22,1,1,1,0,0
3119,0,-2.1902234208006877,-1.3797995076158778,-2.1324610873131955,-1.0864103074923939,-1.2172044190929852,-3.0054136203503234,0.0112377860034,0.11684770601,4.1591856242733107e-06,0,2.0795928121366554e-06,20,1,1,1,0,0
3120,5,-4.9312154288879775,-1.0140127456279333,-2.94848174518315,-3.790236634672572,-4.9543422573584195,-3.3236538650989176,0.139076418758,0.0655080787215,1.3265495358018767e-06,0,6.6327476790093835e-07,31,1,1,1,0,0
3121,7,2.0017046398804572,6.1465621092735763,1.6588467240786764,-3.2176523333533327,-4.7550941023403519,2.6830688417013246,0.0468972562895,0.000611166411302,2.313134681043313e-09,0,1.1565673405216565e-09,20,1,1,1,0,0
3122,3,-1.7569460859685038,2.4337351718024758,2.6178246176979529,-2.1709988429447247,3.8218888382467671,3.2325846785505257,0.063586368148,0.00678839439855,1.8080697084279094e-08,0,9.0403485421395471e-09,21,1,1,1,0,0
3123,10,-0.64541250867170574,-0.18108610242978709,2.2281041382399134,-1.1751952202115825,-1.1468598308930866,1.8726097420902952,0.0288043135585,0.00780679625999,1.9394922412642679e-08,0,9.6974612063213396e-09,18,1,1,1,0,0
3124,6,-4.5057784898484767,5.9571615378297835,1.1339729404544636,-2.5728189716732386,1.136395763330762,2.901896801683042,0.623955425486,0.0234157338099,5.5634106547221215e-07,0,2.7817053273610607e-07,26,1,1,1,0,0
3125,9,1.5604005849887157,0.28422552763156311,2.5135490084302043,-4.0300651517981736,-4.8688094853422417,-2.4866132375252974,0.0146832838525,0.447911787729,6.1114076179095528e-05,0,3.0557038089547764e-05,20,1,1,1,0,0
3126,8,-2.7778637506641637,-1.5307868960766575,-2.636934214078785,0.88426743567350963,4.5651084128300328,-6.0722038828909177,0.127184041846,0.131659422979,5.2964761731915217e-06,0,2.6482380865957608e-06,16,1,1,1,0,0
3127,3,-4.0577331314141025,3.4635720591897443,0.5798783604448271,4.2304224941059871,-0.85607707397797983,5.8953359424706822,0.0199929932812,0.289733779488,2.5571710977969928e-05,0,1.2785855488984964e-05,34,1,1,1,0,0
3128,6,2.4276416689163542,3.3864238819911541,1.1724476207871555,-2.8540053864257926,3.9763984481233954,-0.56965231972252195,0.0495107765537,0.0209088326949,1.3562374267332892e-07,0,6.7811871336664462e-08,9,1,1,1,0,0
3129,14,-1.8059582334008815,-0.73796126030915277,1.0580922068542451,-6.1693909761350705,-4.6692966215314797,1.9322502693188415,0.222256327234,0.0814495401042,2.0702382401812057e-06,0,1.0351191200906028e-06,7,1,1,1,0,0
3130,8,1.2958192421564494,0.38700890820239975,0.85114842850992034,-2.6687780511594026,1.9876731771404701,2.8363986939672619,0.313548405863,0.231457901308,1.6417508548626193e-05,0,8.2087542743130964e-06,12,1,1,1,0,0
3131,4,1.7966238757237347,1.0187025978149782,1.2094877376957849,-1.0635414360488267,-0.74931873737749988,-5.8276326258207174,0.125044255837,0.00179495686849,1.6617503692847144e-08,0,8.3087518464235718e-09,21,1,1,1,0,0
3132,1,-1.9947027626471603,5.749231211333016,-2.4677632658332107,-1.9345841356374629,5.0639038376595717,3.6540944553064127,0.0379179755374,0.0522449187601,8.3290062666697857e-07,0,4.1645031333348928e-07,20,1,1,1,0,0
3133,14,-3.2253035373264547,-5.3730165179235057,2.5155450575916478,0.32720751850392382,-2.859820923689854,2.06890693648853,0.023373992922,0.940919675109,0.00026968743634370982,0,0.00013484371817185491,23,1,1,1,0,0
3134,10,-0.79041785802273334,5.8128663510877709,-2.6925263291293633,-2.1987089229315835,3.9192543734860879,0.35971645464715701,0.189823665454,0.368687940731,4.144292187068288e-05,0,2.072146093534144e-05,16,1,1,1,0,0
3135,9,2.3558640552619901,-3.70254249001098,0.978384668530905,-0.28075409947398866,-5.0239068700768748,1.5691945579035462,0.173046123979,0.0221989090547,1.8005785550400672e-07,0,9.002892775200336e-08,9,1,1,1,0,0
3136,5,2.8894709989457428,0.89384538063931929,-0.57947064808176774,1.3176434122784098,4.8687834482934047,-1.2212778051262243,0.0982881125578,0.0112237722698,4.8034142777827521e-08,0,2.401707138891376e-08,33,1,1,1,0,0
3137,0,-4.0411369246333324,-0.4250314747081696,-1.1319326284769538,5.4412701066826985,1.6483634383263841,-2.7908401412832124,0.239044453148,0.0865376631555,2.3383511754933704e-06,0,1.1691755877466852e-06,20,1,1,1,0,0
3138,0,-0.22709627993264944,0.6745754390221762,-1.9726422065467537,-0.84342239025050514,3.2952488463704066,-1.2674858128316915,0.292896612709,0.00355252006766,8.9632819064818731e-08,0,4.4816409532409365e-08,24,1,1,1,0,0
3139,2,3.5684659864783299,-3.9457928060576175,-0.68741039373910162,4.7023892298978254,3.4804606831908074,1.7074481160645016,2.38325435728,0.129479453861,1.0786790737926595e-05,0,5.3933953689632976e-06,17,1,1,1,0,0
3140,9,5.9554682118651145,4.3224818629713848,-1.9296563562277613,-0.97516633614774961,-1.5505641297463828,1.110403988968377,0.0354417278465,0.10958712777,3.6595098454738742e-06,0,1.8297549227369371e-06,8,1,1,1,0,0
3141,10,1.6988811563943991,1.6820690968890428,-0.84882987251843345,0.5139429476578522,-1.5830677912396058,-0.65975168911982407,0.699691918685,0.0263936249757,7.0177241573362857e-07,0,3.5088620786681428e-07,16,1,1,1,0,0
3142,6,0.32793422633803759,-2.3474192961311728,-1.3581978168132618,-2.0955857024702391,5.0772675974024262,2.0273047014675751,0.0633471856929,0.00194123535188,5.1607846028345195e-09,0,2.5803923014172598e-09,22,1,1,1,0,0
3143,12,-1.5886747018622513,5.8632531373400445,-3.047470596137841,-5.9093487148409087,4.3549015553539334,-2.2434604028603746,30.1147728605,0.215696527601,0.00092107186746302825,0,0.00046053593373151413,60,0,0,0,0,3
3144,9,1.1330669235347497,3.9599198604482844,-1.2290082425398046,-2.5455922540869209,-6.1282018053952632,-4.6493957049665235,0.783449315339,0.0239261040183,7.8817364674323408e-07,0,3.9408682337161704e-07,15,1,1,1,0,0
3145,8,1.7152218817209932,-4.2900199033804762,-2.0292633309990009,-6.157801033422885,-1.3705370845016267,-1.0209299567044505,0.703535693674,0.0397812553014,9.7703424399106449e-07,0,4.8851712199553224e-07,54,1,1,1,0,0
3146,1,-2.7598443025583754,-3.7267639599057616,1.037243324304689,4.6319658089928959,5.2149751001714204,4.6204933538934414,0.114186596944,0.326906687978,3.2566887709933441e-05,0,1.628344385496672e-05,28,1,1,1,0,0
3147,7,4.4552920633467714,3.5539465325983977,-1.74961302224298,3.1310701940933576,1.5201111732001762,0.29038404443118637,0.0272862883607,0.00392135683392,5.4286556042580921e-09,0,2.7143278021290461e-09,31,1,1,1,0,0
3148,13,-0.14774966138768694,-2.1299734230699778,-1.4675409636313095,2.1444525370021816,1.4924369688876538,4.7916503124820986,0.0437585094431,0.0105633510698,3.5905354846962574e-08,0,1.7952677423481287e-08,25,1,1,1,0,0
3149,9,4.1397599511815883,-3.3820359498564159,1.1393100594510237,2.9429044718728816,5.014401864361278,-2.9380643851821646,0.0248117317732,0.151528890864,6.9949376496846604e-06,0,3.4974688248423302e-06,31,1,1,1,0,0
3150,11,-5.1743477894714722,5.0351172281798657,-2.4398686964265717,5.6528643858903358,3.7858131813475513,6.0082068245618165,0.82085518675,0.0328054941627,1.001632641031797e-06,0,5.0081632051589849e-07,21,1,1,1,0,0
3151,2,3.2544708818363355,-2.598594881755675,-0.96963176738276879,-1.3720926416867536,5.1273368393503489,4.6467552592971755,0.0661194363174,0.0587617000295,1.0561966583949398e-06,0,5.280983291974699e-07,18,1,1,1,0,0
3152,1,-3.3472731111028842,-3.0732658052834756,-2.5698860000783808,1.4027912957870063,4.4086759008606515,4.2919096373105772,1.45201406448,0.0189007988805,2.2171664308926145e-06,0,1.1085832154463072e-06,9,1,1,1,0,0
3153,0,4.9050031096111226,-3.1396424193835619,0.26950058313041209,-3.9060265622904096,-3.0118322784245128,-5.4300378795189825,2.09719632592,0.0190029854232,4.5082338783538511e-06,0,2.2541169391769256e-06,11,1,1,1,0,0
3154,11,6.1349593196772867,-1.9418434611936495,-2.1144874865005665,-1.8805289542138353,-1.3090810026717641,-2.4973833752680918,0.437707267974,0.0804847320597,2.1648359662480568e-06,0,1.0824179831240284e-06,16,1,1,1,0,0
3155,9,1.7625879299856706,1.2969607798150384,0.15983707901449737,3.2096768129508875,1.517258951038031,2.8460597141588622,3.26690450117,0.385257894999,5.5885092995788964e-05,0,2.7942546497894482e-05,28,1,1,1,0,0
3156,5,4.8717785170158168,1.0929874098669443,2.8084300483929905,3.9642507187194616,4.0073873206659982,-3.7687844866609779,0.277272842395,0.00887230214102,1.0085902558899461e-07,0,5.0429512794497303e-08,17,1,1,1,0,0
3157,12,-4.2638791530468927,1.3104585792284451,-1.1976520765328698,1.227389170341324,4.1514720083495762,0.11645703083780377,0.0974834554084,0.182625416739,1.016911625831973e-05,0,5.0845581291598652e-06,17,1,1,1,0,0
3158,0,3.5525600946639613,3.8033897976275068,-0.71675527013809093,1.0155595801229893,-2.5836702462139374,-0.62893580841330476,0.0422587758537,0.0967215723099,2.8515008200917469e-06,0,1.4257504100458735e-06,19,1,1,1,0,0
3159,15,-3.1087199597336328,-0.41578239986286386,-0.55010622489313632,1.4482348879851488,-1.3080673788036936,-0.40581102031700866,0.266192357381,0.0202313760151,1.9554089328256717e-07,0,9.7770446641283587e-08,9,1,1,1,0,0
3160,4,4.5198246808611646,4.3241839590425624,0.63674089705831882,3.1696057154767363,5.1794757438112802,4.1909608509430258,0.252054277454,0.0225499828953,2.1842984329937569e-07,0,1.0921492164968784e-07,11,1,1,1,0,0
3161,14,-4.7890409853514928,-3.7429751698738487,-0.23144930741961248,-0.44083580368348363,-1.4828386526416319,-5.4500983342900922,56.525608316,0.025378715616,0.0031953405932378539,0,0.0015976702966189269,60,0,0,0,0,3
3162,2,6.1087041799839286,1.6146675778720045,-2.2950771029210513,-4.4814168762588071,-1.3003376066852996,0.79911805385172308,0.0808390692821,0.0924297299499,2.6089592432855818e-06,0,1.3044796216427909e-06,16,1,1,1,0,0
3163,14,2.5861703930157951,1.0484782219829212,0.88903274661790532,-5.5129550362943283,-4.4178516548986897,-4.1676578876029478,0.357402343307,0.047946680578,8.280166018304882e-07,0,4.140083009152441e-07,15,1,1,1,0,0
3164,14,-5.0768144413979153,3.9818105631034943,-1.3503070812376843,-4.6008770628180535,1.5799213739910667,3.5201926219887802,1.20006052997,0.016597096537,1.524056290774064e-06,0,7.6202814538703201e-07,19,1,1,1,0,0
3165,10,-4.4874754802239476,3.0636604194935573,2.5911528235555483,-6.2710725730475181,1.6645739401142436,-4.0917471346754315,3.22757652266,0.348163170082,4.7342240622453239e-05,0.0056081025891743103,0.00019191419798645593,51,1,1,1,1,0
3166,1,-4.9222816675555761,5.6952816135860216,1.5018971999901318,-0.80737404009643532,1.5750001352662772,-3.585801138639666,0.0490186662292,0.00426254257762,7.937505549933139e-09,0,3.9687527749665695e-09,14,1,1,1,0,0
3167,8,3.2005953441434443,4.0391964785110757,-2.0850832969753461,-3.6457917101246076,-4.7846589609982351,1.395222941745373,0.0464054481974,0.0100457490564,3.2894564348337387e-08,0,1.6447282174168694e-08,30,1,1,1,0,0
3168,4,0.23011324347310153,2.7497197602451244,2.911367897092533,1.7097212280940703,4.2999118119431294,0.72141007280997449,0.136609338277,0.00808431093957,3.8570712787284066e-08,0,1.9285356393642033e-08,11,1,1,1,0,0
3169,6,-0.21309867913259523,2.9064394933546791,-1.6262299741393293,3.0525152743439152,-4.484944334745161,4.9496800880882192,0.310385096076,0.101205769266,3.2164156472697431e-06,0,1.6082078236348715e-06,57,1,1,1,0,0
3170,9,1.2965273186377044,0.6255538883577606,-2.4958641858370259,3.5303478915464983,5.897019243298069,0.24954372457543111,0.0335933308716,0.00361175263085,5.1021721183774884e-09,0,2.5510860591887442e-09,28,1,1,1,0,0
3171,3,-1.5886111463202754,-2.6508605533598359,-2.6833330496908729,-1.242917887034876,-0.3275963703481608,5.3656916923937121,0.195048783969,0.0237641430555,2.1007199290915826e-07,0,1.0503599645457913e-07,30,1,1,1,0,0
3172,2,-1.384613160985706,5.1171371729835213,-0.45342769490315454,0.98438062426586992,4.1199933476910537,-3.9219532830027619,0.959394221692,0.16372264293,9.0857388317552858e-06,0,4.5428694158776429e-06,8,1,1,1,0,0
3173,12,-4.2286309550613463,4.8740430336693992,-2.6905678239883906,1.8417058148911758,-1.8056516948588062,3.1443859122118982,0.228659436652,0.00554524029197,6.1652029165172683e-08,0,3.0826014582586342e-08,13,1,1,1,0,0
3174,15,-5.7421989537134701,-0.98056491536411006,2.4889207934226545,-0.4212124273563938,4.467841150168792,1.0909071542695024,0.0749286415956,0.00396662295639,1.0407181568748258e-08,0,5.203590784374129e-09,28,1,1,1,0,0
3175,9,-1.4308427208444796,1.4116174178280281,2.2918987182783837,-1.6179273262722706,4.9814119946621496,4.2530001156641815,0.0867231555771,0.279107588138,2.3737536462672529e-05,0,1.1868768231336265e-05,7,1,1,1,0,0
3176,14,4.91173568413436,5.6122755741220898,1.1684757352976758,-4.9374046016130819,-3.2690636320639164,-3.4873956909160975,1.8135468009,0.016778522517,3.3747075349861984e-06,0,1.6873537674930992e-06,9,1,1,1,0,0
3177,10,-1.3840650166915318,3.5135151726134803,-2.7373811788237807,0.69173554388177183,-1.7174641005056577,-3.714453234400164,1.12505699031,0.0970307410541,4.13371548864698e-06,0,2.06685774432349e-06,19,1,1,1,0,0
3178,7,-1.8424643025047873,1.1598512564908443,-2.0407849328896894,-3.9964401617223517,-1.1098109676273014,2.7999927439416568,1.17437790014,0.013443149494,1.4342133849341232e-06,0,7.171066924670616e-07,33,1,1,1,0,0
3179,9,0.21265335411167205,3.6436392842671097,0.23479798258146523,-1.653252939048905,-2.1116644425680091,-5.3227578536784081,37.1450884888,0.000473755977238,0.0013797576672073173,0,0.00068987883360365865,60,0,0,0,0,3
3180,13,4.8788533174585922,-0.70683804015814078,-1.5154916985140547,2.1908219605223036,5.2713597986210523,-1.7883382223120705,1.03192855114,0.0756306417242,2.8072863382573735e-06,0,1.4036431691286867e-06,22,1,1,1,0,0
3181,9,-2.4260811828385025,5.8191451778102312,-2.6153201856047912,-2.4426496591751476,3.3472455019719454,-1.533707324686038,0.0081584357502,0.231852092949,1.6374895676818008e-05,0,8.1874478384090041e-06,16,1,1,1,0,0
3182,11,-5.9749777232160159,1.1236497305416926,-1.320873793500271,4.9172377792933757,1.6835799986549391,4.431365344577495,0.0487237076515,0.0132229411267,5.5635189473858413e-08,0,2.7817594736929207e-08,44,1,1,1,0,0
3183,6,0.067823981242913431,-0.88270377632806951,-1.7592656483552469,-1.8920883936351363,-1.6657528043759222,1.70466020017273,0.0518854110623,0.0252815653421,1.9739061842536479e-07,0,9.8695309212682397e-08,18,1,1,1,0,0
3184,2,-6.055971530875027,2.1427189960178477,-3.0142215913905295,-1.1592347932298503,-4.7441780212380129,4.2680898626131745,0.426823503407,0.0108832774682,2.1825893524584866e-07,0,1.0912946762292433e-07,17,1,1,1,0,0
3185,11,-3.5568558764924032,5.0343861302221971,2.1819144881264494,3.1774660542796327,2.147598828193277,2.1899404230605626,0.0763572293101,0.000389646533796,5.8766748313896241e-09,0,2.938337415694812e-09,53,1,1,1,0,0
3186,12,2.130102060322085,4.8103778149061727,2.5205431144816894,-3.8731315988128885,-5.01173087318901,-2.699076048419744,0.234334636057,0.0838267329388,2.1954353129975274e-06,0,1.0977176564987637e-06,13,1,1,1,0,0
3187,15,5.8297180212921251,2.4256712073805073,0.39346525396385662,-1.4491138747527699,-0.77347125797088367,-4.0114618562480189,0.40971770319,0.00270813968485,1.7010266672461186e-07,0,8.5051333362305931e-08,23,1,1,1,0,0
3188,9,4.9760928661479085,-3.3632937798834925,2.9103737156314962,3.7700828471338514,-3.572011988388712,-4.1880157959691475,0.313127378117,0.0249950399321,2.8835910363372003e-07,0,1.4417955181686002e-07,21,1,1,1,0,0
3189,2,5.0184354973175234,4.7604739601981079,1.4376864815504542,3.9183007385319302,-4.8428781687587099,0.36712406992129543,0.0297146222296,0.008309431593,2.1915772177484209e-08,0,1.0957886088742105e-08,28,1,1,1,0,0
3190,12,0.44265721413838116,-4.8666121738306174,-2.3983808683638932,-4.2673987363306054,4.8747533137621986,0.81225599071419996,0.0319532989328,0.0723422307822,1.5952053167919148e-06,0,7.9760265839595741e-07,18,1,1,1,0,0
3191,0,-1.9468016048910926,4.329862387884913,-2.5576094336429942,3.7120017356681321,-5.0654341317779688,-0.30234663699181169,0.0750711265231,0.00578394059243,1.5826335687863945e-08,0,7.9131678439319726e-09,32,1,1,1,0,0
3192,13,-1.8537308398872365,-4.1185911386679184,1.2978406959017819,-1.7942776509860587,-0.3377119949275153,-2.6413226576299591,0.0562925226032,0.00256325631439,5.1702707354287366e-09,0,2.5851353677143683e-09,30,1,1,1,0,0
3193,6,-3.198326081602858,-3.7102074134977876,1.9868000705558808,4.5279691772744446,-1.7716716380839888,-2.0584225506626175,0.0415174281634,0.0333163898604,3.3984349892119872e-07,0,1.6992174946059936e-07,16,1,1,1,0,0
3194,11,0.30538275205127313,-5.2537809584521282,1.661731297336861,5.0231623173210229,-2.1966374034831873,1.0969551058924876,0.0849867489248,0.0119340292834,5.0606681770837746e-08,0,2.5303340885418873e-08,22,1,1,1,0,0
3195,9,-1.84730382878619,6.031858409918633,2.2703218404675791,2.5111237411967369,-4.6996169737384692,0.31831230517923914,1.00331595024,0.0341807197995,1.362534009106974e-06,0,6.8126700455348701e-07,11,1,1,1,0,0
3196,1,-2.6087103861267074,-2.9464374396152753,-2.8810426951220611,5.4168867055529608,1.7368157015311558,-5.0648789883073571,124.653377465,1.51199115752,0.016234855654592643,0,0.0081174278272963217,60,0,0,0,0,3
3197,2,-2.697057032660644,2.1715913524051396,-1.9768419210201793,4.5291668952977933,-5.734726115535258,-4.4352478195528899,0.313864594448,0.0577766159327,1.1153657696816845e-06,0,5.5768288484084223e-07,18,1,1,1,0,0
3198,2,-1.1523464224474889,0.3487116238541319,2.810079181245106,5.789642005760804,-1.5240109778731172,-3.8342306349000963,96.3984895008,1.3994769726,0.0098892728990374774,0,0.0049446364495187387,60,0,0,0,0,3
3199,6,-1.9221488229777848,-4.7558474284280621,-1.7581765823597484,-3.9614098645752343,4.2746414484368147,3.349265452710978,0.0253662780761,0.000987918852821,9.4074968762599117e-10,0,4.7037484381299559e-10,38,1,1,1,0,0
3200,8,5.4036277724886457,5.5285954125624936,-2.2415282329927115,4.5423840834886411,-1.6219990593839386,-3.4084335111132953,2.86955698316,0.215776296651,2.2417164680356627e-05,0,1.1208582340178314e-05,30,1,1,1,0,0
3201,4,1.2979894428598862,-0.6949834269159394,1.3616703224776034,0.80444014155448296,4.5336272310626198,-0.5671324075416514,0.0074891851783,0.00380397930037,4.4639807079153624e-09,0,2.2319903539576812e-09,13,1,1,1,0,0
3202,3,3.5241412511786363,-1.1747149958944079,0.69992863994339927,-4.2657124862877653,-2.0832502631437286,4.4785148225739233,0.162710962903,0.0129621967099,7.7656232659772172e-08,0,3.8828116329886086e-08,9,1,1,1,0,0
3203,13,-1.3752041376567115,0.92963989986195528,-0.14051624631876758,-2.045778892759595,2.5387148320102524,-6.1629171200144972,37.5816915267,0.000534351461606,0.0014123836249889991,0,0.00070619181249449953,60,0,0,0,0,3
3204,8,-3.8562664299173846,-0.35486167729931911,-1.6049291145888849,3.5617779676871963,-1.7677594707826572,5.2867269403099622,1.20090551368,0.0446801175541,2.0502857388823947e-06,0,1.0251428694411973e-06,12,1,1,1,0,0
3205,3,-2.5820456536899132,1.7432773779430577,1.5896631938731656,-0.61635571361013353,5.4053312516604493,-2.9551026126875626,0.0259626700306,0.0297631477743,2.7051786793703174e-07,0,1.3525893396851587e-07,14,1,1,1,0,0
3206,10,-2.2936058620358288,5.6348398873210854,-2.0610511493810471,-2.2186236972279052,4.0339051097863816,-2.7605619727813591,0.429714426589,0.0587280779938,1.235276053359789e-06,0,6.176380266798945e-07,45,1,1,1,0,0
3207,3,2.8143382455410042,-0.81360083976069442,1.1482792267663946,-3.9034316066574903,5.3663509292788003,4.8705080423147509,0.232277709191,0.182980132304,1.0253070776675817e-05,0,5.1265353883379086e-06,25,1,1,1,0,0
3208,0,-4.216433512644671,6.1811277702382696,2.0554734639904693,-0.61157110960146055,-1.5072193363804294,5.6885939578888367,0.0856022979805,0.00731416007726,2.3623852528638073e-08,0,1.1811926264319036e-08,6,1,1,1,0,0
3209,3,1.9030291261459622,-5.0897332848085242,-0.27299959506731436,-2.7302426906124526,-4.8666484681730235,2.4988017899310524,72.1429443579,0.0356581935759,0.0052049917437366052,0,0.0026024958718683026,60,0,0,0,0,3
3210,3,-0.014340922329637025,-2.3276251159701675,1.4323021992581051,0.60984843106600428,3.9857338358849437,1.18493903799362,0.415907866184,0.858113904899,0.00022448090229165818,0,0.00011224045114582909,15,1,1,1,0,0
3211,12,0.013205948731986182,-0.8288204765500361,2.2234986566318073,-4.2136151660365728,1.284477968813293,-0.62726970760543799,0.353489747239,0.134388817934,5.626453554833107e-06,0,2.8132267774165535e-06,12,1,1,1,0,0
3212,8,1.7320253510966468,-2.6473538282158859,-2.4702885850331224,-2.0707167288202295,-5.2249850070237533,3.4861103003368106,0.145359580517,0.00914481553439,4.6603846966543521e-08,0,2.3301923483271761e-08,14,1,1,1,0,0
3213,14,-3.396437482814072,-2.9454660856327251,2.745437396269176,-6.0883840085369316,-4.66853260957246,1.0416355783651026,3.16054277765,0.00645702193433,1.0001731103723097e-05,0,5.0008655518615485e-06,60,1,1,1,0,0
3214,14,2.9711014738020336,1.2981810375539955,2.598653951676646,1.3669790142123839,1.5504251662643362,1.505901302439083,0.0919627430954,0.0596324364842,1.0916850620836579e-06,0,5.4584253104182897e-07,12,1,1,1,0,0
3215,8,-6.0803049968091498,-1.639632282179353,-2.1007517825854651,-1.2541309248589141,-1.4999529584946028,0.51761184969396479,0.00155693278645,0.0347114590689,3.6703150289007775e-07,0,1.8351575144503888e-07,46,1,1,1,0,0
3216,5,1.5564875398935771,-1.7488890394726093,0.45128823241082094,1.6932496246652249,-3.4883277874862415,-1.9254302124666756,0.617559619757,0.845293598396,0.00021803700476942035,0,0.00010901850238471017,28,1,1,1,0,0
3217,1,-0.050270363209376515,2.7300422929172043,-2.6130955206137148,1.8878873294751566,5.0155991997233373,-3.470369875725738,0.0114675105442,0.100969398899,3.1056511193394112e-06,0,1.5528255596697056e-06,16,1,1,1,0,0
3218,7,-5.5038808723662234,2.6375266136605084,0.024090765589208779,5.5746682633462257,-1.7342973923784588,-5.423626411065217,3.6349505026,0.00082510027167,1.3213072536985342e-05,0,6.6065362684926708e-06,60,1,1,1,0,0
3219,4,3.6845631684969393,0.2918911392460895,2.1033912917772599,4.86098792496154,3.2842482782447635,-3.5644528849250432,0.565453948103,0.310275334693,2.9645495782840293e-05,0,1.4822747891420147e-05,14,1,1,1,0,0
3220,4,2.7639982469335189,-4.9596199267176546,-1.9271685812588502,1.4617911990005608,-2.1447562055247502,-0.95608437670669288,0.287377817673,0.00136911984739,8.3157012140556725e-08,0,4.1578506070278363e-08,13,1,1,1,0,0
3221,14,2.8556680072703178,1.9977376632122303,1.1008539837260851,5.0458803811872386,4.0446958049307273,4.2967762698846732,0.0224632948914,0.0134725565645,5.5795640583959929e-08,0,2.7897820291979965e-08,26,1,1,1,0,0
3222,10,-4.9481541409690948,4.8508388802212332,-2.3106985633959236,-1.4185848716143765,-1.1515935545947749,-0.0077234443125936093,0.0245767482175,0.121789685884,4.5189112227214826e-06,0,2.2594556113607413e-06,20,1,1,1,0,0
3223,11,0.71950480280470896,2.136792654109815,0.56208539996415452,0.36011997268517337,2.4072379161834565,1.4182999095457278,0.556088665288,0.0950334826956,3.0603450470858813e-06,0,1.5301725235429406e-06,11,1,1,1,0,0
3224,3,3.7632111193702813,3.4569766264132156,-1.1121057110901971,2.411338393268756,1.514485832111425,1.6975304091207775,0.828889497317,0.206760822012,1.3709463923596073e-05,0,6.8547319617980363e-06,15,1,1,1,0,0
3225,12,3.1340972512167786,-2.3871500188341308,2.2379363396608651,3.2668256986300839,3.660749068307239,-0.22681228225073788,0.0927857903178,0.0145343531072,7.2958846976311955e-08,0,3.6479423488155978e-08,13,1,1,1,0,0
3226,12,3.553969611855134,4.306770512464877,1.6246130008387207,-4.6630313360834501,4.7326362928711898,4.3117248968166466,0.860709419406,0.00646213853447,7.53541294900602e-07,0,3.76770647450301e-07,16,1,1,1,0,0
3227,14,6.1891819618335271,1.4439578160857378,2.9243180876135479,-6.1950582535431256,2.3294328182398027,4.7337792133608456,26.9608905769,0.00629568202453,0.0007269016943982498,0,0.0003634508471991249,60,1,0,0,0,2
3228,10,-5.2188107471710179,1.0673050185473918,1.4452673998400238,-4.4482003276367452,1.6997538317650667,3.7308288818335558,1.02112854224,0.0020080258202,1.0439317682950164e-06,0,5.219658841475082e-07,13,1,1,1,0,0
3229,8,-5.6104716302505739,0.64068637216877466,1.5209911769163313,-2.2932269677700892,-3.9062256077242306,3.1808067706800025,0.0887300328633,0.197186525479,1.1852167712028204e-05,0,5.926083856014102e-06,59,1,1,1,0,0
3230,9,0.73765938597595271,-2.9415672319885058,-0.81105952039556828,1.6893954587925544,-5.0394649065402346,3.36010553228276,0.00437952625222,0.115924432267,4.0936124548947418e-06,0,2.0468062274473709e-06,22,1,1,1,0,0
3231,9,-2.0526157086858174,1.4350764371626004,1.2853481402646652,4.3444700620448655,5.0063443906239202,-2.3648582553755255,0.0292552734048,1.8413993972e-05,8.5597431019228523e-10,0,4.2798715509614261e-10,19,1,1,1,0,0
3232,15,-2.8057395269805778,-3.2873704355486439,-0.6029700485616506,4.8911875749613554,5.9077803008275787,0.15064127772318858,3.1128444092,7.64649916293,0.01782035031902476,0,0.0089101751595123801,60,1,0,0,0,2
3233,14,-6.0337051178722341,3.8973534449434251,1.1001548447474292,3.8077500620410145,-1.5120793469474318,1.0681436421273807,0.650646330217,0.0547582716736,1.3367263289635566e-06,0,6.6836316448177829e-07,21,1,1,1,0,0
3234,15,1.9801345888995014,-3.1786234395563264,1.8685578130928955,2.8434580758777641,3.5101225346340157,5.2692931132089331,0.0238045364923,0.00229205987239,2.1669752876330597e-09,0,1.0834876438165298e-09,21,1,1,1,0,0
3235,1,1.4000334925291908,-2.4865893228980833,-2.6082040678966765,0.014936624223659973,4.8238597599256199,-0.2003537762896688,0.0563602446821,0.000882883475096,3.413921351093183e-09,0,1.7069606755465915e-09,6,1,1,1,0,0
3236,14,-3.6782778936210958,-5.4713614650999256,-0.77151435828322124,-2.1757985827204998,-4.3961743579474577,-4.3740306552850381,0.262996734471,0.00393383530455,7.3881255252455043e-08,0,3.6940627626227522e-08,12,1,1,1,0,0
3237,1,5.5649736774447387,2.0037471528541375,-0.48085810993325601,-0.89824020766755597,0.11792172378794842,2.9268016310428777,1.42757093321,0.0152077578831,2.1084094372012383e-06,0,1.0542047186006192e-06,7,1,1,1,0,0
3238,8,5.4698105740204337,1.6511642002062574,-0.82833764763584883,-0.27853592133827565,3.7893073501158581,0.76086211186242114,0.332580945988,0.0648850110421,1.3930691188696909e-06,0,6.9653455943484546e-07,15,1,1,1,0,0
3239,1,-4.5952391467287867,1.249118782503408,-0.59755368304665391,6.0795739078237716,-0.9643713859148163,1.1767180228189003,0.286320341264,0.00549913219907,9.1191107179228668e-08,0,4.5595553589614334e-08,19,1,1,1,0,0
3240,2,-5.2628786015471736,-1.2802085205148801,-0.58848409652194822,1.804032688445079,1.9087646166738659,3.6521057927069855,84.6337224005,1.68982395489,0.0080327035322009018,0,0.0040163517661004509,60,0,0,0,0,3
3241,2,0.63130653924846925,4.704237833179989,2.4041838480404669,-2.8551088682413823,-4.4045640470486331,-2.089937541002052,0.0366869439822,0.10159965793,3.1457563511356047e-06,0,1.5728781755678023e-06,13,1,1,1,0,0
3242,15,4.0649604036607228,0.9361452985666977,-1.2470692876699099,2.4528101989887028,-0.3194375469888393,-2.8458207630022638,0.0278018327352,0.0202637852292,1.2585524894073452e-07,0,6.2927624470367261e-08,12,1,1,1,0,0
3243,5,5.1734569345492405,-3.4004118428379257,-1.9959200396583658,-4.7854368730031718,3.1181621856378707,4.7742055753297219,1.02939169171,0.0255981945556,1.2592531697378144e-06,0,6.2962658486890721e-07,15,1,1,1,0,0
3244,3,-4.1667558726299534,1.067125217722475,0.49816255406958504,-0.3226150828660786,-1.0339764279431232,-0.63566344774062822,0.872215859692,0.318868572208,3.1733396568263765e-05,0,1.5866698284131882e-05,36,1,1,1,0,0
3245,5,-3.219292318924265,-4.4384082639666085,1.8878717551645259,-5.4318796730323227,-4.5382790112365399,1.7470529886860731,0.0189886418957,0.018992806498,1.1024420471815721e-07,0,5.5122102359078603e-08,14,1,1,1,0,0
3246,10,5.6485729773783344,3.3222690155399919,-1.6086418966982012,3.1744915797585636,-4.9647525008017697,-1.6163043543380664,0.235839515083,0.0210873273865,1.9107614264720125e-07,0,9.5538071323600624e-08,43,1,1,1,0,0
3247,11,-5.0965067294249478,-1.6830644172044853,-1.6340250488562358,5.8306380742646811,-1.0009954593866428,-4.8980672267249794,0.665379578383,0.142055249602,6.5898162832358249e-06,0,3.2949081416179124e-06,20,1,1,1,0,0
3248,2,2.1178413605464472,5.4915682425131367,-0.81573537064739376,3.0173897534886818,4.6130277418283363,-0.40889539985320938,0.42163590357,0.0036643504334,1.8186707464710723e-07,0,9.0933537323553616e-08,30,1,1,1,0,0
3249,0,0.05049527183560322,-2.358880552105695,0.99560399999931692,2.9290140844953432,4.8700561377174418,-5.1851457313748126,0.7807100747,0.00753498789578,6.2680319233691923e-07,0,3.1340159616845961e-07,47,1,1,1,0,0
3250,9,0.47131731084009421,0.58881193007666555,0.30254397515369186,-2.3455304293625021,1.0190107980380534,-2.1300307763584803,1.36105745933,0.00311419478758,1.8554316510463568e-06,0,9.2771582552317842e-07,29,1,1,1,0,0
3251,2,1.83024239347758,-3.1661940818730687,2.6088957276682425,-3.9465299273640309,2.3666224117641552,-2.2070667602960619,0.11739820539,0.00547659416105,2.29187543680333e-08,0,1.145937718401665e-08,14,1,1,1,0,0
3252,15,-2.5843629487238875,-0.29298861913251506,1.1493024072415414,3.7245983258556246,1.3846805385166001,-0.71954448162268858,0.034592112039,0.0754898738533,1.7371263178885347e-06,0,8.6856315894426736e-07,17,1,1,1,0,0
3253,4,3.2591388147321956,-0.39136107265102615,-2.4845843182996128,-0.24301460261298172,-3.9646406027804968,1.5256094770277073,84.0109870628,1.76902958632,0.0080111357071898405,0,0.0040055678535949202,60,0,0,0,0,3
3254,9,-3.472408437511973,4.2144350896913387,2.7830929907995259,-1.6849438022409737,-2.1320519070430959,3.9451858837355038,0.397343501643,0.00504204327993,1.6562590340004177e-07,0,8.2812951700020886e-08,15,1,1,1,0,0
3255,11,-4.1837097324985928,-4.5406558857016304,0.37486759427581223,-5.0092574218463781,6.0173331528255174,5.0067042557896926,2.36406278667,0.0858751363598,7.8352059152695449e-06,0,3.9176029576347724e-06,14,1,1,1,0,0
3256,13,1.1420200148973318,2.7435092178884912,2.2879779423994431,5.9678357559904454,1.7437199005053796,3.6360859585285454,0.427153234806,0.000821863162276,1.8266564260067889e-07,0,9.1332821300339447e-08,13,1,1,1,0,0
3257,7,-1.0156334857339022,4.8457461512513547,-2.5834731875400041,-5.4949254619909027,-0.36057938410218443,-4.4946009070152222,0.271633824634,0.0390111325198,5.3737257837202098e-07,0,2.6868628918601049e-07,14,1,1,1,0,0
3258,13,-5.2111025365031498,2.8225395965090776,-0.82832462314962096,-3.4604834523077761,1.641838559886982,-2.76234928480054,0.0319860196303,0.00476600578811,7.9424326220334692e-09,0,3.9712163110167346e-09,20,1,1,1,0,0
3259,0,4.239927677961318,1.8997708683844496,0.56617459712723761,5.177858962904347,4.4775357678670655,2.8529764823306203,0.441572619902,0.136227682534,5.8480708161428241e-06,0,2.9240354080714121e-06,35,1,1,1,0,0
3260,10,-4.5993189726080166,3.0633551553411893,0.27448977546924674,-1.2616038770881941,4.7597156590074938,-5.7460130082985579,3.4624745664,0.0778607892647,1.3835413070008552e-05,0,6.9177065350042762e-06,19,1,1,1,0,0
3261,1,4.5739549868873848,5.5097566559445186,1.2353222199814973,-2.7268944875639121,1.4168141343823137,-0.35330030640511212,0.0415386664012,0.00185190925705,2.7701669299543077e-09,0,1.3850834649771539e-09,25,1,1,1,0,0
3262,5,-1.4365297890405309,5.4277723067371006,1.7313546289947634,-3.5293316470893847,0.34792145380912998,-5.6302638740434983,0.524155068621,0.000545606401036,2.7482921640686052e-07,0,1.3741460820343026e-07,17,1,1,1,0,0
3263,9,-5.5866993566763767,-3.5633815174495567,1.1056829435274314,6.0507139190797412,-5.1097200790662116,-3.3717949085006063,0.177370687944,0.00751890154847,4.8681565748861838e-08,0,2.4340782874430919e-08,55,1,1,1,0,0
3264,10,1.4804759965434244,-2.2262594098551114,0.86036532595188031,0.42832887240365713,-4.2821824741870866,2.3700202740024543,0.200351139432,0.00179295316324,4.1119826917300767e-08,0,2.0559913458650383e-08,20,1,1,1,0,0
3265,8,1.4858657786547522,-5.4750639002444368,1.2936619652989347,6.0844952279470963,-2.2824322842552216,0.28647029301745741,1.23693783444,0.095981641311,4.3362957134067328e-06,0,2.1681478567033664e-06,20,1,1,1,0,0
3266,0,-2.2567806060774349,5.5170168043593133,1.2831867908884034,-5.4892323663079248,-1.4030867623591319,3.9946330867255644,0.0181266775839,0.0286525807751,2.5041045686324065e-07,0,1.2520522843162032e-07,19,1,1,1,0,0
3267,4,-5.3179829276931692,0.40411311081563672,-1.1107835367653813,4.8781757751981552,-4.2893569055112462,3.2399489490880762,1.48135831059,0.0239717870346,2.369469800904605e-06,0,1.1847349004523025e-06,48,1,1,1,0,0
3268,8,5.1431008150112349,-4.2210698830850442,2.79966587966064,-0.95507445673946445,-5.3618553247114411,0.52296789317096803,1.20962725228,0.0154870322707,1.5362600196944344e-06,0,7.6813000984721719e-07,17,1,1,1,0,0
3269,12,4.7524611857604322,-0.50667249975543061,2.2693111120929341,-1.3516060281770572,4.8444567068985434,-4.1615218009553709,0.0232305321386,0.305105103712,2.8357108515397975e-05,0,1.4178554257698987e-05,8,1,1,1,0,0
3270,15,-3.4837340156439907,0.35677437604712314,-0.061331881562048607,-2.6806729809290188,1.033107537428803,-3.2586838489612062,4.2924282039,0.0284970498469,1.8672314163437463e-05,0,9.3361570817187313e-06,13,1,1,1,0,0
3271,3,-0.63259466492166994,0.91120972738705264,2.3769547522347887,-4.3208939755211553,1.4488654084041732,-0.80390501090062516,0.471558795389,0.0345210481521,5.8538111909332561e-07,0,2.9269055954666281e-07,28,1,1,1,0,0
3272,11,-3.0384748517633273,1.2623869648134596,2.4951089250018685,-5.7168909514098889,-4.7708050112043328,1.4630239448166378,0.0752062815497,0.0342709421045,3.6342837447373128e-07,0,1.8171418723686564e-07,13,1,1,1,0,0
3273,15,-1.1212475933876322,-4.2430763242894791,-2.2626091372524351,-0.831168929864877,-4.4195309190272969,0.35834109010292298,0.615990920061,0.0164589808723,4.6196507902660328e-07,0,2.3098253951330164e-07,23,1,1,1,0,0
3274,8,-4.7596904986313282,-3.6921489198715292,-0.38280084887219196,0.93378754974049816,0.92607338181876397,-3.2912950312070355,1.16468316842,0.00535139328464,1.365210336763621e-06,0,6.8260516838181052e-07,11,1,1,1,0,0
3275,9,-5.5668002175317692,-6.1097715714012351,-0.47523401963200984,3.6076222951514088,5.8092597838093214,4.3924033460159571,0.0334042746694,0.743129459959,0.00016822346446420121,0,8.4111732232100604e-05,58,1,1,1,0,0
3276,0,-3.7782542310682921,-4.0460153540172916,-1.3960517635908569,-2.5128331900972642,1.3560243038011195,1.7003495824131312,0.0415522453468,0.123102790599,4.6179894561640588e-06,0,2.3089947280820294e-06,11,1,1,1,0,0
3277,12,2.762415195048749,3.4989500444760009,1.4564819955216137,4.3168098362330296,-5.9547200542359855,-1.6740961352526629,0.0330161744977,0.00969530388805,2.972377548445648e-08,0,1.486188774222824e-08,23,1,1,1,0,0
3278,4,-3.945614390265594,-0.87620279332061035,-2.467986428935796,3.3785402007962402,-1.7791702942336933,0.60973406721352019,0.391305693563,0.143571180861,6.4321027528366649e-06,0,3.2160513764183324e-06,16,1,1,1,0,0
3279,4,5.3591181807374682,1.8045861215746615,0.25443038631750359,-2.7970897107159134,1.2457061428686997,-0.99074324168443884,120.130557388,2.34412382849,0.016105198111529426,0,0.0080525990557647129,60,0,0,0,0,3
3280,8,2.5268429662718273,-1.9630780792389428,-2.0111664163838872,3.0284231007998148,-4.8927140941034626,-3.7601154527106746,0.057821031009,0.00610657860258,1.4702547275168937e-08,0,7.3512736375844685e-09,40,1,1,1,0,0
3281,0,3.1089730731507865,-4.763348445034242,2.7017405323650712,1.7942383387265504,-3.4644290701546261,-2.285707645419448,0.0268107376562,0.343616661193,3.5967631651914133e-05,0,1.7983815825957067e-05,17,1,1,1,0,0
3282,15,3.517676344884042,0.16105689280201613,0.9807728291373693,3.7672622393675042,-4.6820981732697673,0.81608092136140309,0.536114466081,0.311292313978,2.9805731532944399e-05,0,1.4902865766472199e-05,18,1,1,1,0,0
3283,2,-5.199613204950718,5.1577553177221152,-1.8939000926624991,-1.0335029735513015,-1.239853655640605,0.31793792693675976,0.267011204234,0.00287009286112,7.380424878244829e-08,0,3.6902124391224145e-08,11,1,1,1,0,0
3284,8,-4.0768163762289102,0.81630736030137185,2.2544290591942096,0.71103273520883548,-3.7414993696542678,2.1126655043793203,0.0045508466274,0.495986880153,7.4936815347150068e-05,0,3.7468407673575034e-05,21,1,1,1,0,0
3285,14,3.255311078480505,3.9060009587858415,-1.4820989375213154,-0.95654705940642692,4.6953675238930916,4.601532869884803,0.113612897392,0.00461118099955,1.9384967668749602e-08,0,9.692483834374801e-09,26,1,1,1,0,0
3286,4,-0.39210759850069909,-4.195228860279312,0.040818785392838286,-1.1682223942869248,5.246068695115726,3.1899685393750987,40.347939491,0.00942752343796,0.0016279832950150787,0,0.00081399164750753936,60,0,0,0,0,3
3287,0,0.27511049582348301,-1.6281083842074353,-2.5555997907865944,-0.24232043114841109,-1.450404866179055,-4.8440777250650058,0.081886044616,4.49812714183e-05,6.7059406397813183e-09,0,3.3529703198906592e-09,25,1,1,1,0,0
3288,2,4.3687154045264114,-3.6759433626041904,0.72249860863461302,3.245406293379971,5.2572376675014674,-4.5575404560416857,0.495538659537,0.0114104205154,2.8521904941567173e-07,0,1.4260952470783587e-07,15,1,1,1,0,0
3289,0,-1.8591311924320069,4.8782665652379906,0.27287682552894332,1.6433022240148496,-2.1860564081096503,3.0843372310104993,0.11286564603,0.000289655799883,1.2764211602320325e-08,0,6.3821058011601625e-09,16,1,1,1,0,0
3290,14,3.5767506829955851,3.7179930916303494,-2.2876737055199867,-5.9008554848665904,5.8423203601809721,-1.9565731885349182,0.733910735813,0.0125414046453,5.8653727660821987e-07,0,2.9326863830410994e-07,14,1,1,1,0,0
3291,6,-3.4915710519990277,3.8960283377606095,-2.4973792151902279,3.4266740153324737,-4.5961273631921671,-4.4985401933503963,0.0667795223195,0.009528215359,3.2114772152147221e-08,0,1.6057386076073611e-08,13,1,1,1,0,0
3292,8,1.8156240985685572,2.7436474070317995,-0.86763623203591256,0.88698165042972443,-2.254624518947355,0.74087374783817239,0.0772377322979,0.0285442474001,2.541600390461881e-07,0,1.2708001952309405e-07,13,1,1,1,0,0
3293,0,-2.198352317263137,2.0633449750081057,0.96245257077581647,1.4728204655770081,1.6233347370640225,0.75014374481621204,0.0549751682448,0.110207737691,3.7028279085600302e-06,0,1.8514139542800151e-06,43,1,1,1,0,0
3294,11,2.0088558112519403,-2.8656150791028581,0.55408718621553288,3.9061175058741395,-1.3349780603152706,-0.78037586063220421,0.292764882476,0.207464712061,1.3196934468188007e-05,0,6.5984672340940037e-06,18,1,1,1,0,0
3295,1,1.3315129621582489,4.1548078076156401,-0.79933530573205414,-0.22213452218965124,3.8422889605464374,0.44939886334338347,0.0219464020601,0.81650616972,0.0002030835313614038,0,0.0001015417656807019,59,1,1,1,0,0
3296,2,1.031322354122717,0.10169702368503256,-2.2954098659848166,1.3546731573085078,2.6582962022147503,-1.8522806695508707,0.156652335467,0.00562549231261,3.4179926957832032e-08,0,1.7089963478916016e-08,25,1,1,1,0,0
3297,2,-1.552549862907467,1.0797179127857455,2.443442245448701,-0.67134247081966936,-2.5745839455357067,4.5714359150706914,0.0696752438064,0.0192706917756,1.1797723103928411e-07,0,5.8988615519642053e-08,36,1,1,1,0,0
3298,11,-3.7597885313076702,3.4805229900980579,-2.6373126053630145,1.225892456110381,-1.4865952173223755,-0.32669269800443401,0.0631113680112,0.000267681530531,4.0048716466110259e-09,0,2.0024358233055129e-09,16,1,1,1,0,0
3299,7,-0.88502751863487195,-2.3857403070493062,-2.0695824201898207,-3.2504003906787258,1.664916785516279,-0.65671937350132059,0.0291424224571,0.00979344788618,3.0065631455370098e-08,0,1.5032815727685049e-08,34,1,1,1,0,0
3300,9,-4.8602924537602092,2.3902286112079931,1.1222797753999647,1.3225832543869813,1.7426989284593157,3.3847076083982373,0.0886988919453,0.0565144969604,9.8078152678058925e-07,0,4.9039076339029462e-07,16,1,1,1,0,0
3301,12,-2.6191403203088996,3.7455659979453113,1.0387949618227816,-3.1405733953090196,4.053020087090732,3.6415399735267249,0.0700440784541,0.00964898014435,3.3266913067532214e-08,0,1.6633456533766107e-08,29,1,1,1,0,0
3302,9,3.2553320705336422,-4.9420349874670535,-0.74869095588993329,-1.8544308717682039,1.0132077010277614,-0.12231732753080871,0.0560977462899,0.242288388971,1.788530544319351e-05,0,8.9426527215967549e-06,11,1,1,1,0,0
3303,9,-1.056896138544432,-4.1072696686994812,-0.70232110768056533,6.0334589956281066,5.2399053957488233,1.3895059003259584,0.700888795616,0.0145147369175,5.554211670172038e-07,0,2.777105835086019e-07,14,1,1,1,0,0
3304,2,-2.2426077664973829,1.5745114683440724,-1.4393921849819316,2.8691618520785998,-5.5444129829017461,-4.9279310642188729,0.351299954167,0.0304917757092,4.0662921216083084e-07,0,2.0331460608041542e-07,18,1,1,1,0,0
3305,2,-5.0216927332643193,2.8050034568771824,-1.7298980947075155,-2.7245674311023071,-0.7085312903309785,3.8795170172461195,2.2752898772,0.0541708379453,6.0708376549396788e-06,0,3.0354188274698394e-06,38,1,1,1,0,0
3306,10,-5.2287869585949593,4.6767887489993916,-2.4685988320340928,-3.3609357002982496,2.1911187606437506,-2.8548876138396051,0.278653329757,0.00366299505985,8.1734892408694511e-08,0,4.0867446204347256e-08,15,1,1,1,0,0
3307,6,2.6814108768244962,0.70584711403641165,-0.64848837884354971,-6.0497895939464925,3.1404687029438905,3.0685033175763792,0.739801536928,0.139211445345,6.4507390629346699e-06,0,3.2253695314673349e-06,40,1,1,1,0,0
3308,5,3.4185393583509267,-5.8809374982531217,-0.48854329261099305,1.6086032081414712,-0.85743132478320772,-1.553482243457192,1.52067813517,0.065478956817,3.6185072851719572e-06,0,1.8092536425859786e-06,22,1,1,1,0,0
3309,14,-3.9811019838466732,1.9889342414816251,-1.5373968961290292,-2.2437569903339969,1.4924556841647172,2.4013427913692666,1.0642170008,0.0744027744143,2.8188506639949627e-06,0,1.4094253319974813e-06,20,1,1,1,0,0
3310,5,-4.1968509664706533,-0.38699823049963189,-1.2319740501561809,-3.8943070067249206,4.4297141107252065,-0.73262443549906386,0.0800495306898,0.153588761431,7.192182878091501e-06,0,3.5960914390457505e-06,13,1,1,1,0,0
3311,14,-5.7849196695552507,-0.67220314451153096,-1.1183747536415594,-2.9285861230003376,4.2970127375594647,-4.8276709366981034,0.926810338236,0.00860694980519,8.8154333508767788e-07,0,4.4077166754383894e-07,8,1,1,1,0,0
3312,3,-4.9159568740152473,2.2737041767434798,-0.57507151094452635,4.3724134561153321,1.186957266883049,3.3207602767496298,1.68632100302,0.109587875464,6.5019821740515213e-06,0,3.2509910870257606e-06,19,1,1,1,0,0
3313,6,-4.5363055382124795,5.2275966552614772,1.0235286651612674,-1.4232086964417299,-4.7606069328422356,3.0167563758398797,0.213687212071,0.0083114502723,6.6705258599617386e-08,0,3.3352629299808693e-08,15,1,1,1,0,0
3314,11,1.9652143714246131,4.5830699426844852,-1.8675344326171619,-4.7771584317659519,-4.4600589804307571,-3.658247930220957,0.556096298207,0.0455232954951,9.4052322694229854e-07,0,4.7026161347114927e-07,8,1,1,1,0,0
3315,7,4.5997004580686536,5.1798177320100987,0.57148171298092187,-4.4511025995083759,4.9696988996643388,-2.9113037529071817,0.36482536926,0.0190151337372,2.4323968836455708e-07,0,1.2161984418227854e-07,11,1,1,1,0,0
3316,3,-1.3570783476941153,-4.389011143866659,-0.053875435436898933,3.5252187157603245,-5.0096905033219743,-0.49283248185000816,153.55702271,0.0158296189788,0.023579835553623352,0,0.011789917776811676,60,0,0,0,0,3
3317,6,-5.6989685190179378,3.9493022507459958,-0.49024515266428509,4.0891279153320257,4.8723040654284731,1.5250140041284836,0.209678853049,0.0691952661927,1.502468816506221e-06,0,7.5123440825311048e-07,19,1,1,1,0,0
3318,6,4.1282229581624996,0.45351436054397548,0.45825639765136972,-4.2041944961797233,-2.1040680478224525,-4.6444575495812996,0.0231144037086,0.506111089399,7.8027809570564995e-05,0,3.9013904785282497e-05,24,1,1,1,0,0
3319,12,0.19497353985400506,1.1008879375648757,-1.3156469977064993,3.9424809492533215,-4.1165919262439097,4.5055808109262392,0.758363512924,0.00659090399271,5.8834780315373131e-07,0,2.9417390157686566e-07,20,1,1,1,0,0
3320,3,0.98345854471421668,2.4664418154994125,-2.7904355336302369,-1.5289374682552281,-4.2796217587703662,3.6173513971788278,0.163084500063,0.0132809172396,8.0325816236473383e-08,0,4.0162908118236691e-08,48,1,1,1,0,0
3321,2,0.2751224767114453,-4.6546385588816603,-1.5736016603680085,-5.3040767658061396,4.4797749781405889,1.151520653905614,0.084201233629,0.0126811930787,5.6076184663169389e-08,0,2.8038092331584695e-08,8,1,1,1,0,0
3322,6,4.3797201278353368,2.3424770525725922,1.3078854160528179,-2.8156659822601515,-0.32240498517979538,-1.5303405258504943,0.147753449086,0.0282877479727,2.6558493133438073e-07,0,1.3279246566719036e-07,18,1,1,1,0,0
3323,7,0.38992854677723598,3.0741950411528332,0.30501060267587549,5.8869638355515317,-1.7198550436081845,2.5554572449124362,1.56925064915,0.015087645841,2.5318898128250471e-06,0,1.2659449064125235e-06,12,1,1,1,0,0
3324,3,-2.4803539946463418,6.0368559564422739,1.2321611017100482,-5.4226541531539825,4.0432401534498101,-1.7821962031273457,0.276058853681,0.0580094751967,1.1012763301622486e-06,0,5.5063816508112429e-07,40,1,1,1,0,0
3325,5,-0.51802579385525815,0.050154682321111817,-1.332993820104303,5.3778847563206797,2.0119973773692723,4.1596196859135208,0.372430715667,0.0453467662026,7.6509833464249395e-07,0,3.8254916732124698e-07,20,1,1,1,0,0
3326,14,-1.3917597311151908,3.3507968817361715,-2.0142319806763496,-0.83843775129506493,2.1501708960882375,2.1685872076959787,0.0208905721776,0.125579014023,4.8042801647646941e-06,0,2.402140082382347e-06,42,1,1,1,0,0
3327,7,-1.8372946906580485,4.8376819372896094,-2.3270423397909039,5.3116302134415978,5.0170266248526758,-2.6285584387363987,0.0508645225911,0.0341460905034,3.5775755463836507e-07,0,1.7887877731918254e-07,15,1,1,1,0,0
3328,9,-0.8832099822715086,4.748460125615634,-1.8538935490023094,4.6962035510441646,-1.7685900414246651,1.6326667786278704,0.014781460225,0.0504923884653,7.7683490481441435e-07,0,3.8841745240720717e-07,17,1,1,1,0,0
3329,6,4.9121091932115082,0.89179228180101977,0.5667961414315843,0.13254303773764375,4.3878351686863475,-3.0574743292207982,0.279474160129,0.02480390329,2.655166835881784e-07,0,1.327583417940892e-07,23,1,1,1,0,0
3330,13,2.4290553628035738,-1.0649841392871342,1.9309941150108858,5.564850266789831,-1.486631708587004,-1.2292142787331086,0.547868483787,0.000578027937729,3.0026165317121789e-07,0,1.5013082658560895e-07,10,1,1,1,0,0
3331,12,1.2019451115624837,-1.9436876355965074,-1.4520148529707708,-1.5123290861424685,-2.4284067313393871,0.18541880962665677,0.0601945071012,0.00649945207398,1.6491294961054997e-08,0,8.2456474805274983e-09,44,1,1,1,0,0
3332,2,-5.5186845852535775,-1.129274092555326,-0.91155948673138454,2.0005737970672266,2.7675480414764535,-1.7175238562463386,4.77813202874,0.129567875378,2.7944412461396342e-05,0,1.3972206230698171e-05,42,1,1,1,0,0
3333,5,2.9344155173625968,-5.9973065946842761,-0.40234219841400837,5.0454850227117838,-0.77130047248898725,-2.5239754222857629,0.0295178476477,0.580390877182,0.00010261233673879815,0,5.1306168369399077e-05,38,1,1,1,0,0
3334,12,2.6129016102888243,2.741267104839487,-3.0243145571733376,1.2372103055199424,-1.3089582527624926,5.3717124947922184,1.14553397085,0.0457158211833,1.9488790835533354e-06,0,9.7443954177666771e-07,8,1,1,1,0,0
3335,13,5.5663802767669681,-0.23033066737855906,-3.0507577542335365,3.2894835042407911,2.08630598091474,0.49345653335036044,2.14025682449,0.151223509325,1.1546857900728763e-05,0,5.7734289503643816e-06,18,1,1,1,0,0
3336,14,-1.8554051339488362,-4.9149458883726167,-0.95719662783762627,-3.2019169381930417,-3.0551710123746982,0.92865027194408423,0.0713062395804,0.370781157149,4.1883481243657756e-05,0,2.0941740621828878e-05,10,1,1,1,0,0
3337,5,-3.3764627738070234,-2.544412691272945,2.8532384469793075,3.8585149847258973,-0.83756185744016043,-0.86043347894092193,0.127738396187,0.0549607263817,9.3646928545116069e-07,0,4.6823464272558034e-07,16,1,1,1,0,0
3338,2,-2.4326299437474481,1.4189277209942688,-2.5537070729165703,1.8644726148232225,4.8087356862985118,3.4124598956039054,0.025320423575,0.000848836130724,8.6060763919167427e-10,0,4.3030381959583713e-10,33,1,1,1,0,0
3339,6,0.57807387532189491,2.0084696624269847,-2.3260837766050182,-2.0673729977255402,-5.2910041487607531,3.6556793015743287,0.315880706669,0.0503580872271,8.7227119104348878e-07,0,4.3613559552174439e-07,17,1,1,1,0,0
3340,3,3.5291815614440436,1.5789119702415408,-1.8427069291426146,-1.2422719184372208,-4.6513625846424178,-4.4041067020403615,0.00109705252601,0.00856030532798,2.2323210823873662e-08,0,1.1161605411936831e-08,23,1,1,1,0,0
3341,11,-1.9365581594473857,1.2406887189759919,-2.246095503003112,-3.70807511847678,-1.6603959352260453,3.571146316114755,0.0616260467202,0.00814994605659,2.4030952357779931e-08,0,1.2015476178889965e-08,19,1,1,1,0,0
3342,10,4.0739831783376337,-2.8503660259491297,-0.29934372246993995,-1.1637148746662258,-0.84144312056321147,-1.801697586436368,0.0682262063561,0.0229199314881,1.6467743107222508e-07,0,8.2338715536112542e-08,48,1,1,1,0,0
3343,14,-0.28243772875263295,-1.642119437226953,0.61334513198876084,2.6417542441848818,-3.2258806131773321,-0.12587533424267641,2.83544824791,0.387224731144,5.3715014229541756e-05,0,2.6857507114770878e-05,35,1,1,1,0,0
3344,11,-4.2856912551938917,-1.6671000682254007,0.77242923829543408,-1.0391729166933525,-3.0894682550365089,2.5047818905766737,0.24906222431,0.0208481581829,1.9443264311750788e-07,0,9.7216321558753941e-08,22,1,1,1,0,0
3345,2,-0.30408818771428725,1.2001733443122307,2.8328008986910067,-5.5802585151848403,0.84693562593380056,5.0282449321202174,123.884324846,1.44063033925,0.01597953374074788,0,0.0079897668703739402,60,0,0,0,0,3
3346,9,-3.5600996620038696,-1.5496782574991566,0.44513434542509056,4.7519714324690243,-4.0657141078969037,3.6666383858471225,0.0100250790807,0.599710286521,0.00010955649506617426,0,5.477824753308713e-05,12,1,1,1,0,0
3347,5,0.31490151256547766,5.065132914320853,0.057254840546550501,-0.73157665254444715,-5.1535033426330497,4.0249683234652789,2.93136191434,0.012222281561,8.6383876921915463e-06,0,4.3191938460957732e-06,19,1,1,1,0,0
3348,5,5.9935038248169992,0.0017777776516908501,-0.72821496364790028,-4.6617742708065784,5.0052467728324528,-3.6827113472145818,0.0460274908466,0.0132554722239,5.564210856673122e-08,0,2.782105428336561e-08,10,1,1,1,0,0
3349,4,-5.1972048105181976,1.0191613003516959,0.52246688644954697,-1.4982763935763754,5.2917383626444963,-6.048542876295846,0.146123978465,0.0475338087146,7.0962399738525829e-07,0,3.5481199869262914e-07,21,1,1,1,0,0
3350,13,-2.5142896866344522,4.0434538887211859,-2.3857788800884832,-2.5394960984232591,-5.2114901390772346,1.3304783638552398,0.0497609654975,0.143971661639,6.3165370957702231e-06,0,3.1582685478851116e-06,19,1,1,1,0,0
3351,8,4.5160750030333796,-4.1735558914579443,-1.2243051562243061,3.8399174552082025,-5.3748442880527394,-5.4056274803300441,0.025146680412,0.245768453703,1.8400174209573552e-05,0,9.2000871047867759e-06,22,1,1,1,0,0
3352,8,-0.55476978444000791,5.7996794240692084,-2.7120001201148503,1.7486492044081303,2.6525887600835891,4.2089578827278116,0.100081646892,0.0253859085627,2.0632531222015978e-07,0,1.0316265611007989e-07,20,1,1,1,0,0
3353,3,-4.7249880131235509,0.60403112281558868,-0.80468191712943382,-2.2221340674231964,1.5151332915312707,-2.5339559744817417,0.21329223418,0.0227271168857,2.0283512791597033e-07,0,1.0141756395798516e-07,21,1,1,1,0,0
3354,5,2.0406674846900636,5.0046795015651391,-2.764928568823767,-4.817544209414665,1.3890469839903599,3.6885023321208985,0.197995707017,0.0317133676373,3.45567519162738e-07,0,1.72783759581369e-07,27,1,1,1,0,0
3355,15,-3.8987829600404185,5.0193059395290804,-2.4194969421818882,-0.38989582099671521,-2.5284486396106352,-0.20318500593514841,0.0427730596423,0.00431249560246,7.4946931383545469e-09,0,3.7473465691772735e-09,16,1,1,1,0,0
3356,2,4.0961247671465735,5.2801249779637764,0.8431974889267545,2.2288854862276879,4.5421388977008155,-2.3566872220234156,0.162342162115,0.0207630317226,1.5767660926248334e-07,0,7.8838304631241668e-08,27,1,1,1,0,0
3357,3,-0.53027135169096817,-4.7479037775399133,1.8447093005662667,-1.2778119514857489,-1.4638947447548947,-4.6810598454727268,0.540535007087,0.0193345500726,4.0605164799037941e-07,0,2.030258239951897e-07,25,1,1,1,0,0
3358,3,2.8885523686296088,-0.52497638585734407,2.1051384542520122,1.9368840541163392,-4.1686001743315027,-5.23162839769551,0.0536820432677,0.00796584541881,2.2211166696392127e-08,0,1.1105583348196064e-08,18,1,1,1,0,0
3359,14,-1.1048527758214102,1.4502841337235914,1.7527051874262174,4.6079724480421742,-1.8259131286147394,-3.4840591400503884,0.0200138741315,0.0124250481324,4.7427947160854276e-08,0,2.3713973580427138e-08,15,1,1,1,0,0
3360,3,0.45884009715799157,-4.1092693066355857,-1.9725425154045284,-5.4801312956631456,-1.6221735334834999,1.0981967280173104,0.227776868478,0.0248608833471,2.4015521678355668e-07,0,1.2007760839177834e-07,29,1,1,1,0,0
3361,7,1.0710435383398433,-2.7092043376979902,1.8010461695187403,2.6180708676129529,4.3901304546526365,0.26785871711742271,0.0484215128555,0.0240533494289,1.7858519963336027e-07,0,8.9292599816680136e-08,10,1,1,1,0,0
3362,15,4.6361591212253588,-0.15049539720844141,0.96727781862542317,3.8760715082890345,1.9113274206513771,5.6653576598572215,0.0747830093256,0.0406595832202,5.0918653705096556e-07,0,2.5459326852548278e-07,21,1,1,1,0,0
3363,10,-0.053846799409714693,0.0035352699746613518,-0.66040195969296778,5.3102489836371438,2.1429873351404329,-1.0728563388616574,0.0188832713536,0.0599683091614,1.0958211653221175e-06,0,5.4791058266105875e-07,20,1,1,1,0,0
3364,5,4.9969012367720653,-2.2859274726227126,-1.634633585180379,-1.3559723272079056,-2.7984851413246159,-3.8651798802339123,0.0660539735255,0.00068439773371,4.5058102964963209e-09,0,2.2529051482481604e-09,25,1,1,1,0,0
3365,11,0.86816596568354198,3.2637234511385147,-2.5358154164330116,1.2194314869700849,-1.1751182324793756,0.32584347465843355,0.153471978065,0.0155294301728,9.7016160237549369e-08,0,4.8508080118774685e-08,12,1,1,1,0,0
3366,9,-5.0357853793408198,2.9520521321561528,-1.0752749367029444,-3.5019813153456876,-5.2933736644811749,-2.3096344611692969,0.532126777309,0.0147561225295,3.4948726430045531e-07,0,1.7474363215022765e-07,14,1,1,1,0,0
3367,10,-0.85700808258596528,-2.1868832783442906,2.9303476540745126,-4.6174109982382658,-1.8797089444707278,2.2732656213930196,19.4167261108,0.127359339,0.00038195026963273952,0,0.00019097513481636976,60,1,0,0,0,2
3368,11,-0.5689044462604016,3.2951600323388219,1.3477465162712241,-2.7165326707133279,-1.7918390067807839,2.4845860072813921,0.420870273552,0.0205283591289,3.0550168888237181e-07,0,1.527508444411859e-07,11,1,1,1,0,0
3369,3,4.7461328989412879,-1.9741625973808967,-1.1553816263052337,-1.6400743147912942,-0.6196784237734122,3.5552940425202966,0.111887771068,0.0197867398264,1.3178118464682831e-07,0,6.5890592323414153e-08,51,1,1,1,0,0
3370,12,-2.5416828117833825,6.1337244959917054,1.943074075838009,-5.6759829858767192,-2.0694096473732873,4.5803522314005898,0.027736922537,0.0195036805573,1.1664384018566002e-07,0,5.8321920092830012e-08,27,1,1,1,0,0
3371,8,-1.6688492423414707,2.1246432474924783,2.9593343544805584,2.5952255900963599,4.7283902728536695,2.5776967280858614,0.0412391433993,0.0107432022185,3.6858511061481052e-08,0,1.8429255530740526e-08,16,1,1,1,0,0
3372,14,2.4319410862003656,-5.8840331990646417,2.7368959035634504,4.7749637272637484,4.3124021470549074,-5.6256138839087981,0.0102492712788,0.495643192284,7.4833082647997163e-05,0,3.7416541323998582e-05,24,1,1,1,0,0
3373,15,0.80928554969006028,-1.9510582516148327,-1.003433086319276,1.1065692336977597,0.40127828498106788,4.0240433983099706,0.187506075964,0.0235489520062,2.0408507534532194e-07,0,1.0204253767266097e-07,24,1,1,1,0,0
3374,14,-0.22006201369360182,-5.2055315369942639,-0.94977429331216934,-5.8927887320472463,4.0982811588562509,2.6600633725209932,0.118541792957,0.00457578126368,2.0430167422126667e-08,0,1.0215083711063333e-08,24,1,1,1,0,0
3375,9,-5.4619541951090449,4.0267642576019815,-1.3509067218051409,-2.7731143186490113,1.5761503911985169,2.9848680115289699,0.0207352111581,0.000127023080124,4.3486394207193881e-10,0,2.1743197103596941e-10,35,1,1,1,0,0
3376,0,-5.9576297936570191,1.4781105029294794,-0.89043095114026782,3.2456583242113144,-4.4170436069165904,3.9933979881200026,0.14432906921,0.0578574069244,1.0405314592701373e-06,0,5.2026572963506867e-07,17,1,1,1,0,0
3377,2,-0.73860911142100127,5.3112065557444978,-2.1995400014152229,-5.1483166363191337,-4.1861790196455768,-1.2599497137637843,0.167612670012,0.0704514016717,1.5400321077590135e-06,0,7.7001605387950675e-07,27,1,1,1,0,0
3378,0,-1.8335787371297407,-5.7914439588380837,1.8254712909336903,-4.4436165779481742,1.2818749076471698,6.1148496667391878,0.433691826932,0.0245328120609,3.7142529607527854e-07,0,1.8571264803763927e-07,17,1,1,1,0,0
3379,13,-1.9405641539384797,-3.6055476525353689,-1.9086588899682513,-1.7927926773624752,2.0401892123357777,-0.17555997616854196,0.0284300269619,0.686339780318,0.00014349458883771563,0,7.1747294418857813e-05,47,1,1,1,0,0
3380,14,4.0439958206348674,-5.0947695754338556,-1.8767787739327433,5.3343616680424475,-4.5755901719324221,-4.0541441363869168,0.0222644526087,0.0706299483884,1.5201070010229478e-06,0,7.6005350051147388e-07,8,1,1,1,0,0
3381,8,-3.4308212117548558,-3.6454644430668557,2.1520039776225262,3.2395895866149469,-1.1430164839648422,-1.4830113717662585,0.0814852920421,0.023679186916,1.7744002596949101e-07,0,8.8720012984745503e-08,10,1,1,1,0,0
3382,12,1.052744694992251,-3.2018828023090578,-2.8542517262893758,-4.7390233882639601,-1.6185601378968109,0.2461496739287439,0.0956104494325,0.0630363458961,1.2195633203115818e-06,0,6.0978166015579089e-07,8,1,1,1,0,0
3383,9,3.2713963610110359,2.8148405120903615,-0.68314829730467819,-0.86513526359391335,4.6758530489508221,-1.4797525021422429,0.0435202333053,0.0478167521088,6.9838400690477408e-07,0,3.4919200345238704e-07,18,1,1,1,0,0
3384,12,0.08465586362155425,1.2542080713113897,1.5205238029502006,3.1513270312240338,2.5743747611999357,4.803460956322013,0.16105458756,0.000739220900304,2.6105037613560346e-08,0,1.3052518806780173e-08,26,1,1,1,0,0
3385,4,-0.057350308975572514,1.3076360878984197,0.4200577707577432,-3.1387223774902537,-4.3997879820241304,-0.5097903933836041,0.333437243062,0.0204776581008,2.3891698278052671e-07,0,1.1945849139026335e-07,25,1,1,1,0,0
3386,7,-0.82901009312143936,1.3957655585645814,-0.093720386135874884,-2.950802783919356,-4.6313232394938684,-1.0383012500742477,2.94409996119,0.00072134121194,8.6678830840082388e-06,0,4.3339415420041194e-06,28,1,1,1,0,0
3387,9,0.51739230182233076,-3.9971600435034413,0.75899810871669715,-1.0847262940032545,5.2329533292353556,-5.0387583363354773,0.232866273507,0.2469951948,1.8637907780806306e-05,0,9.3189538904031532e-06,11,1,1,1,0,0
3388,6,-6.133227107503866,-3.0775710637755531,-0.68738097859977543,4.2894382287479909,3.4302456135625445,0.81518893317959407,0.390888210353,0.18948065174,1.1089447649236152e-05,0,5.5447238246180762e-06,8,1,1,1,0,0
3389,11,1.0959123451553043,2.8123162420618657,1.5598864808793869,5.5344494558380974,0.2635771002252732,4.9335174089780978,0.112471053803,0.00614164025722,2.4139829355465607e-08,0,1.2069914677732803e-08,21,1,1,1,0,0
3390,15,1.0771462421530611,2.627633881156346,-2.712008104415256,-4.3521014413916621,-1.4298729820541471,0.53922645146295289,0.425104348459,0.0330629339423,5.1370855487755986e-07,0,2.5685427743877993e-07,10,1,1,1,0,0
3391,7,-1.7580108346452723,-5.8711565647278388,-0.051657009905392376,-1.0808942129029702,-3.5077190580985991,-4.4675659024336278,2.3074787274,0.398131813335,5.3609042633791572e-05,0,2.6804521316895786e-05,13,1,1,1,0,0
3392,0,1.6909989105074477,-5.2081782632103257,1.8089995609520726,2.1611217084613461,1.3980818843802207,-3.2215445388724411,0.201561214759,0.0100395287798,7.1329964344057245e-08,0,3.5664982172028623e-08,12,1,1,1,0,0
3393,13,-4.5452289231180414,1.664923374510892,1.8233493226700168,-2.3108479029273865,3.5719219186158861,-1.3048586871319778,0.0235119717522,0.000802745414184,7.4910834190951238e-10,0,3.7455417095475619e-10,9,1,1,1,0,0
3394,13,-1.0709761294394999,-4.1253082370962186,-1.7595724927957936,-4.4031560355589709,-1.9523176692554192,-3.1150836143476734,0.372727546217,0.000924605601233,1.3918623977549906e-07,0,6.9593119887749531e-08,10,1,1,1,0,0
3395,9,4.7481685644122109,4.7175917075220868,1.7546176148419801,3.2240506425533924,2.305633121242193,4.6834628326651355,0.189591518507,0.029832949084,3.0705592521446809e-07,0,1.5352796260723405e-07,11,1,1,1,0,0
3396,0,-2.2667047063778107,2.3075099068799321,-2.7480732033238886,-2.4011306933519383,2.0919343295253729,-5.2298351847913747,0.0102590637451,0.126567843986,4.8798993706704729e-06,0,2.4399496853352364e-06,19,1,1,1,0,0
3397,0,0.32652391142936221,4.0100364123961443,1.4916086650746996,-2.6757784359311811,-1.3704895084372315,0.95577060459641672,71.736658927,3.93095159243,0.0098532124877308731,0,0.0049266062438654366,60,0,0,0,0,3
3398,9,3.8094724312618493,1.3992236220699499,-0.3760971881461298,-0.66553644549165158,-2.0173738918969506,3.9957811602494027,1.85737650701,0.301669726723,3.1171441246749828e-05,0,1.5585720623374914e-05,23,1,1,1,0,0
3399,2,3.070061071193714,1.4922598153890709,0.68894119409341681,-2.5954092370692918,0.98976526472842397,-5.2246233441233425,0.0430809094203,0.76198108979,0.00017686735435030126,0,8.8433677175150629e-05,35,1,1,1,0,0
3400,4,3.547867222716913,-2.271320618283883,-1.4140987090938966,-1.4079764475431094,0.82027209762010267,-2.6024891089025379,1.08059563875,0.0340411812412,1.5206782159589639e-06,0,7.6033910797948194e-07,10,1,1,1,0,0
3401,11,5.3922505015199036,1.9063293612489745,2.4795246836391942,-5.5043772509194762,2.3682850828615409,5.2339130947805224,0.0289219153072,0.0991750495623,2.9969591256138508e-06,0,1.4984795628069254e-06,21,1,1,1,0,0
3402,8,1.3854563104586379,3.3974778848201477,2.9180282777392827,2.3415111186400881,-1.2430537391147258,0.70224241181229097,0.05113634158,0.124333847087,4.7116668411460459e-06,0,2.3558334205730229e-06,35,1,1,1,0,0
3403,3,-4.3734589851083463,0.48237116468924301,-1.7456929294079961,4.5700052574672831,1.353736149456904,-3.4570606852558425,0.147567461445,0.00531969358952,3.0396566651585155e-08,0,1.5198283325792578e-08,10,1,1,1,0,0
3404,4,1.6216704414547163,1.5785533127041576,1.5065871566862088,2.0521923824167527,-4.3935637577891855,2.6201733267150713,0.0659349578273,0.00948942749675,3.1777984044347512e-08,0,1.5888992022173756e-08,45,1,1,1,0,0
3405,15,-0.72971320929358041,5.7123689997748883,-1.3964884915464091,-5.3164182312783588,0.97624931846273022,5.2976443959837827,0.130752155858,0.00700354903481,3.2037519037595294e-08,0,1.6018759518797647e-08,42,1,1,1,0,0
3406,13,-1.8846775011742598,0.065991812692231949,-1.1810159636395887,2.7010223039809729,5.113596374716133,-2.2123888430155949,0.70113734457,0.00147011207595,4.9225192410946802e-07,0,2.4612596205473401e-07,13,1,1,1,0,0
3407,11,-3.9980288916861566,0.65361510220846497,0.84346829189301697,2.5223414321626794,2.490013791347149,1.143805954621677,0.0644742319396,0.0140410413959,6.4212507834407689e-08,0,3.2106253917203844e-08,22,1,1,1,0,0
3408,7,-4.0520296776588003,-4.5633333277919128,-1.243151088899574,0.20415908187460821,-1.3824810725975187,4.2597095758410832,0.0193665245417,0.183759534421,1.0286564039099131e-05,0,5.1432820195495656e-06,21,1,1,1,0,0
3409,13,2.4823203995453542,-2.2835099226322817,1.5947300029703986,-5.5892394310522864,1.6152112075149829,3.8747258549049772,1.77048438527,0.0606898742254,4.2566003699826709e-06,0,2.1283001849913354e-06,21,1,1,1,0,0
3410,15,-2.8948169340808723,-3.9893620654864077,0.18466955808076468,3.6022292759226882,0.36055444917846718,-5.2188599264453774,1.45825087475,0.895721628835,0.00024652630200489766,0,0.00012326315100244883,9,1,1,1,0,0
3411,12,1.0627776805682059,-0.27452046969159022,0.94548682070731949,-0.83820687910681824,-1.797885351472166,6.1593001996006187,0.0804028863721,0.0394514630577,4.8057664033469699e-07,0,2.4028832016734849e-07,12,1,1,1,0,0
3412,8,-1.6057812848017465,-2.2435892070059782,1.6576804831272718,5.0308769779714568,1.0945005950732067,5.486534042080776,0.0093638873201,0.0514285825965,8.057700242253515e-07,0,4.0288501211267575e-07,36,1,1,1,0,0
3413,0,2.1944369176713803,1.0513871205369125,-0.41897611652675953,-4.5989968953424887,3.9929111733112919,-5.0879607475203752,0.554528199053,0.0939092083573,2.9939040931824155e-06,0,1.4969520465912077e-06,20,1,1,1,0,0
3414,10,-1.7341670729508252,2.4485317965819786,2.1824546306977908,-5.1261862748030609,-4.6457635916181079,4.346671073663753,0.0570207117148,0.166417870832,8.4396026961951565e-06,0,4.2198013480975782e-06,8,1,1,1,0,0
3415,3,4.425390110803284,1.4876123722749903,-1.9017491203622605,-4.2814150446939125,-0.99855037855767415,2.9065878883574725,0.162835345358,0.0110444688179,6.3672671350193478e-08,0,3.1836335675096739e-08,14,1,1,1,0,0
3416,5,-0.057636092101785878,3.1271339439597892,0.77356351625531394,1.0223484820470363,1.2849345592942751,-0.8290971581870501,0.475115863239,0.0206010941198,3.5501626358947951e-07,0,1.7750813179473976e-07,34,1,1,1,0,0
3417,15,2.4801685213958984,-2.5056521328262473,0.39676576915836725,1.1446139362738721,-3.8507999152181207,-3.5733860204814936,0.856991081952,0.0655605482518,2.043735887383181e-06,0,1.0218679436915905e-06,29,1,1,1,0,0
3418,13,2.3792491374634257,5.8016051498516443,-1.2422960999730803,-0.92657586228662958,2.7342590446212047,-3.7720773266956487,4.35866721004,0.241255630731,3.6728017246814238e-05,0,1.8364008623407119e-05,33,1,1,1,0,0
3419,13,2.8351228372588202,-2.2679425083629265,-2.1136759235260261,-2.6792839405141176,-4.3227870918712679,-3.9899474008550873,0.163625128613,0.0106569334825,6.1368653521664058e-08,0,3.0684326760832029e-08,27,1,1,1,0,0
3420,3,5.279817171342513,5.0487914593099852,1.0009977666873384,-1.9483699413675066,-5.5263818759920049,-0.66617914965584701,0.179926769791,0.013843600188,9.0752128981012985e-08,0,4.5376064490506492e-08,17,1,1,1,0,0
3421,5,-0.43121231794040993,4.1019410063657524,-2.7327193813364454,-5.1405134201825753,5.0012375195534791,-5.4064092433570181,0.260649001974,0.0647646975971,1.345645329239077e-06,0,6.7282266461953852e-07,32,1,1,1,0,0
3422,13,-1.8029318199167179,-0.90552186639407795,-1.3428856071738724,-5.7310101795910864,1.369642535119594,-0.0094364070544652734,0.163745191805,0.00486249192325,3.4014809628389338e-08,0,1.7007404814194669e-08,13,1,1,1,0,0
3423,10,5.8053002754862746,0.85071262969519668,-0.54109508088413016,-1.7290770467191656,-4.7361857801974336,-1.4803953121349858,0.37618849707,0.00109428143188,1.4188255002123655e-07,0,7.0941275010618277e-08,7,1,1,1,0,0
3424,9,-1.1483853855541497,-0.71081752658080011,-3.0048946175368716,-0.70651864527406549,5.2111088834367685,2.5628245093679669,0.259955179151,0.0356270525269,4.54223587010397e-07,0,2.271117935051985e-07,7,1,1,1,0,0
3425,12,2.4581593814030631,-5.4399963610122244,1.2162762317907223,-0.57166251134181179,4.6694041604763035,-0.71192723401734914,0.241242703207,0.0390587565156,5.2291825312349776e-07,0,2.6145912656174888e-07,20,1,1,1,0,0
3426,15,-2.2526052083032959,3.4620250492793958,-1.8646204536628628,3.0196771040764472,-4.4214273790627159,0.64267601767694194,0.0802192514527,0.00730918081239,2.2709047156005731e-08,0,1.1354523578002865e-08,14,1,1,1,0,0
3427,9,5.0548194116002252,1.8219578838844737,0.42597586221017708,5.9134558328493068,4.822251541226084,3.5923350837506991,0.112602391142,0.488921288927,7.2829653947459704e-05,0,3.6414826973729852e-05,15,1,1,1,0,0
3428,8,4.3340931808016672,-3.764130536194692,1.8995628258941506,-1.2436710121940104,-6.0036369676236818,3.0472828647584391,0.0380546766457,0.0501722063625,7.6824644710080363e-07,0,3.8412322355040182e-07,41,1,1,1,0,0
3429,14,-4.8077707368745966,-1.7455454886210915,-1.4298010219103294,-4.1662498830290762,1.9378271681729944,2.7642731087337769,0.424584061512,0.469772257504,6.7405063584156233e-05,0,3.3702531792078117e-05,30,1,1,1,0,0
3430,13,-6.1084546231007657,-1.6016750727768843,0.3051228712305174,5.8091440272791939,-4.2603332948187873,6.1474859531373358,0.0308891706992,0.645226663306,0.00012681850067087751,0,6.3409250335438755e-05,19,1,1,1,0,0
3431,11,-0.18150899971206513,1.71441989725083,-1.6410998152175216,-2.4669989790520819,-4.8478935175806877,-0.49214403117677596,0.0505960007122,0.0371681766847,4.233808051259389e-07,0,2.1169040256296945e-07,11,1,1,1,0,0
3432,14,1.5445609088990915,-4.1357076198467118,2.8135086534227867,3.2911427728128007,6.1918986822379525,-1.7771597229919696,0.495238559627,0.0104038585419,2.7823310348624048e-07,0,1.3911655174312024e-07,15,1,1,1,0,0
3433,10,5.4982007092324086,-2.0846577187158868,2.2891687882616938,4.6639954892097322,-4.3934043944070185,4.989587408411146,1.80393387632,0.0638607092044,4.4964652001856578e-06,0,2.2482326000928289e-06,31,1,1,1,0,0
3434,2,-5.4073074273541106,-3.0792236133789448,-2.8124175606544339,2.1619706071982474,-3.0912220960785408,-2.9916838459977293,0.285248018048,0.011178772699,1.1943293519200435e-07,0,5.9716467596002177e-08,12,1,1,1,0,0
3435,12,-0.026456905825036355,-3.1437741181769785,-2.4301576753112011,5.7783922757480779,1.2034817960845499,5.8985998081904265,0.0316503353833,0.0209375168227,1.3453980962831584e-07,0,6.726990481415792e-08,7,1,1,1,0,0
3436,14,-4.5276738050097256,0.031534046080471327,-0.42081805050341231,2.2893654129326526,-1.5675174951873119,0.087540725499249461,0.0542560380221,0.0953379638294,2.7717111617418927e-06,0,1.3858555808709463e-06,16,1,1,1,0,0
3437,2,6.1936049860846216,-4.4838311862267552,-0.04052821910293395,3.5578015135525001,1.8720151846394675,4.5510055762104784,16.1716782612,0.0504187768726,0.00026229753142893454,0,0.00013114876571446727,60,1,0,0,0,2
3438,14,-1.3012142852073916,-2.7516468398267855,-1.2303096556125985,-3.7102963579495927,1.4440743224776893,5.6919984781935584,0.0225702991145,0.0763463726747,1.7760538761365042e-06,0,8.8802693806825212e-07,28,1,1,1,0,0
3439,10,4.8638332468812031,-3.6408009501717284,-1.0921465138979833,6.0776822407426199,-1.3661869011537775,-2.9202392131923105,0.500021084051,0.124210762923,4.9497541729147141e-06,0,2.474877086457357e-06,19,1,1,1,0,0
3440,12,3.5340510566764487,-2.1128717403803168,2.0427503368347875,2.3669662790565904,5.0298386987340624,3.7943607097259835,0.0683822684883,0.0638539517582,1.2467010122693636e-06,0,6.233505061346818e-07,16,1,1,1,0,0
3441,15,3.672955415358222,0.51763311383031085,-1.907825744712691,-5.5481647157666876,0.93990224559396207,0.39416320753346246,0.0486096365845,0.0708075388347,1.5296255559902217e-06,0,7.6481277799511087e-07,35,1,1,1,0,0
3442,6,4.383562721139568,-2.5761834316509997,-0.35674538469239869,-1.5291897209270278,4.069764503357443,2.8148538724780301,0.586789648887,0.0363719932913,7.4730714657444452e-07,0,3.7365357328722226e-07,12,1,1,1,0,0
3443,5,0.88153725905121094,-1.2118978609935562,-1.2248708847421836,5.0675781113354175,-1.5705621301066908,-4.4062225510968842,0.0407093480864,0.264255187124,2.1273336563346611e-05,0,1.0636668281673305e-05,10,1,1,1,0,0
3444,10,5.4085001835453701,-2.2378814172044375,-1.51249156098364,-0.27945906609481713,5.9707004252957878,-5.206031426948214,0.250277538281,0.00194372634382,6.3789712742984418e-08,0,3.1894856371492209e-08,9,1,1,1,0,0
3445,12,2.1429743860832842,3.0927283053424337,-0.69536480522315114,2.2745654928006953,-5.2062746372669979,-3.7622641241715953,0.434216657066,0.038435761405,6.3855778176672879e-07,0,3.192788908833644e-07,32,1,1,1,0,0
3446,5,3.3032712859419369,-2.903572578290833,2.7040375917828632,-1.4850280488981498,1.3298114068572395,0.086517823926008181,1.06812788512,0.423596119582,5.579951952626659e-05,0,2.7899759763133295e-05,19,1,1,1,0,0
3447,9,-2.7971001611642494,-2.9636015624779897,-0.41874379365423053,-3.0284888744419312,-5.4898411088284762,-3.7047295899855395,0.956611821532,0.0593818553689,1.9892495687796343e-06,0,9.9462478438981715e-07,5,1,1,1,0,0
3448,14,-4.073905526931842,5.1823325855088589,2.4488589586586227,-5.5907020878822991,-2.9635082205640995,5.6504370789294773,0.115892082945,0.0891042923306,2.431963798704894e-06,0,1.215981899352447e-06,55,1,1,1,0,0
3449,12,-4.3145114145656462,-3.2100467892702902,-1.9992361954925331,-4.8328713915568358,4.7766799040308703,-0.070444734606254722,0.243770404592,0.0205087595919,1.8754890548934656e-07,0,9.3774452744673279e-08,10,1,1,1,0,0
3450,4,5.1405807768774165,-3.6130046210217057,1.7063741528359,3.1726867131202297,-0.96158194486432957,-3.0538642297816434,0.179241575888,0.193107603155,1.1391477568248825e-05,0,5.6957387841244127e-06,12,1,1,1,0,0
3451,11,-4.3427493581087182,0.95304591069162847,-2.7602233038081203,-0.27550944291439128,1.8253212089777855,2.4004248497538749,0.3256819929,0.0327789090648,4.3336704279747113e-07,0,2.1668352139873556e-07,12,1,1,1,0,0
3452,14,-1.4858910354593085,-3.5357140004848717,3.0033575034793123,2.1075381877097286,4.7028205751347496,-2.8702834871793947,1.52571905604,0.00445929032062,2.333876037643327e-06,0,1.1669380188216635e-06,12,1,1,1,0,0
3453,7,-5.8318322838619796,-5.0836302968534959,-0.58855854075871439,-4.4855518179379645,-1.5179458845646809,2.00138494569743,1.13779055871,0.0570009020232,2.2843006766338629e-06,0,1.1421503383169315e-06,31,1,1,1,0,0
3454,12,4.6280537448765493,-4.8564452488317853,2.2302854123122784,-1.7618690456025801,4.1600657230816829,2.9133513379137708,0.0498527801125,0.072085876749,1.5853912260888487e-06,0,7.9269561304442436e-07,16,1,1,1,0,0
3455,15,-1.2723714770084078,-0.91180005366593986,1.4741263214205786,-5.6708342395579772,-1.5886310579113252,2.8127245287921228,0.0482635259792,0.0166438363498,8.6713659580398727e-08,0,4.3356829790199363e-08,13,1,1,1,0,0
3456,7,3.8229592633755036,-3.3222483231676998,1.8692435224993555,3.0082172617196505,-1.6335275424215983,3.7157429026539597,0.0731364707315,0.0740059156028,1.6737006401224468e-06,0,8.3685032006122341e-07,37,1,1,1,0,0
3457,2,-1.4368834439980094,1.5606754434906256,2.8517479028956787,-0.0025012550452157903,1.4781438245878282,-6.0572119245773486,1.16446728264,0.0647539006956,2.6332655024909194e-06,0,1.3166327512454597e-06,19,1,1,1,0,0
3458,6,-3.0065928824429431,0.81057219674669145,2.4174827113575992,-1.6332786122950631,-1.8063415091412391,-1.8766423836297985,1.68049889176,0.0124134802923,2.8710163920676935e-06,0,1.4355081960338467e-06,24,1,1,1,0,0
3459,7,4.3291408468655774,-3.0580998043029455,2.3011871181356458,-5.7718143897092489,1.4941597729812459,-0.69044528087846502,0.00908100450864,0.0240887572279,1.7684227406160826e-07,0,8.8421137030804129e-08,19,1,1,1,0,0
3460,5,-0.20177241885558658,-5.8170714080161714,-0.72995590931790888,-0.88616213664712984,2.332111188878867,-3.273363176847492,0.0469312500782,0.990527926757,0.00029887623563322447,0,0.00014943811781661223,13,1,1,1,0,0
3461,2,-3.5587164600877021,-4.2624737504913606,-2.3078525835667376,4.3311993832581948,0.85490819529244944,-3.238079257128287,0.367165958759,0.0435899400923,7.1360918472117402e-07,0,3.5680459236058701e-07,7,1,1,1,0,0
3462,8,-4.0764653171277958,3.4461983166448373,1.0598849038592204,-5.2357584766496839,0.2030676782067993,3.1562787571809192,0.0953829310355,0.00491812818154,1.6465985055618538e-08,0,8.2329925278092688e-09,28,1,1,1,0,0
3463,13,5.8198274357327922,3.468144054408973,0.63551446476814122,-3.3667471371153486,-2.2520733699099642,-4.9435612301938399,0.3152016204,0.118981814302,4.4117209999077255e-06,0,2.2058604999538627e-06,22,1,1,1,0,0
3464,12,-4.4388991718722703,-0.4563954059058698,2.2493072257283697,-3.7447388793018708,1.0307640890996612,-3.8482530280605989,0.097926667812,0.00990166487656,3.9455228004355753e-08,0,1.9727614002177876e-08,41,1,1,1,0,0
3465,9,0.87028875629163183,2.0513951227720622,-1.719935262999218,4.0875950487560297,-4.6689915773233128,3.5638250681497339,0.0868264635798,0.0252665966047,2.020068709391095e-07,0,1.0100343546955475e-07,13,1,1,1,0,0
3466,1,-1.0350636378702442,1.9567373275995716,2.2764399331162197,3.7851018185115017,-2.866786448120207,-3.8461272723564286,0.0412437395091,0.00738641543805,1.8320708376107747e-08,0,9.1603541880538735e-09,19,1,1,1,0,0
3467,6,3.0278909543763453,-2.8572242162646915,-1.2510952589806132,4.3245538354066637,-1.3268072839668477,6.0554633160109583,0.559881727977,0.00643103945777,3.2606599836248282e-07,0,1.6303299918124141e-07,12,1,1,1,0,0
3468,6,-3.0098654648909311,-5.4019177581753963,1.2169228153050884,-3.3304018421043611,1.7215850484955761,-4.7310902566480308,0.0204937243122,0.0268153450509,2.1945902627455977e-07,0,1.0972951313727988e-07,34,1,1,1,0,0
3469,2,-2.4293791844955801,0.40625557650417427,1.9387445453364589,-3.4804060795068419,1.6659676336859075,-4.4066635583301474,0.0135557100736,0.00877192425743,2.3623048837151336e-08,0,1.1811524418575668e-08,33,1,1,1,0,0
3470,7,-1.5307018269366974,-0.14899017358245478,2.4494795428477989,-0.19130584332309125,-1.4658680328574378,-2.7030485797741473,0.0144076745376,0.00593331461235,1.0931400444879117e-08,0,5.4657002224395583e-09,50,1,1,1,0,0
3471,10,5.102995496722194,2.0750396701642693,0.98398552346580404,6.0796789284163255,-2.8065262093841539,4.6755077044784077,0.0962565299698,0.0192676437557,1.2235212892983004e-07,0,6.1176064464915022e-08,56,1,1,1,0,0
3472,6,1.1883375860568226,3.1655349762026894,1.3042435542966693,0.144437583519824,1.7384991075172109,-2.9695381521661277,0.18993724233,0.0293583474299,2.9862973729504124e-07,0,1.4931486864752062e-07,23,1,1,1,0,0
3473,2,-0.020494486856327584,-4.8989587142354951,2.0332150632149255,-4.2551486578842752,0.95062845719692823,3.9948826393986545,0.505849790105,0.0595557513032,1.3363277327223684e-06,0,6.6816386636118418e-07,35,1,1,1,0,0
3474,1,-5.6395185720105232,4.446869789097522,1.2066649973015982,-1.1848467894446231,1.4775914099159655,3.8482816744374495,0.202346302463,0.0321445588519,3.5569687889732864e-07,0,1.7784843944866432e-07,24,1,1,1,0,0
3475,8,1.0357367631998087,3.6441538804331297,2.2007489455995972,2.2157570610739463,3.5862065164600097,1.6746328508114052,0.576891636049,0.136105036585,5.9757140216792867e-06,0,2.9878570108396434e-06,13,1,1,1,0,0
3476,0,-3.1860387215540462,-3.2335861652764684,-2.8078095776447132,-2.8409118688631492,-4.4940120276109159,1.9965727573703214,3.70841400652,0.570761297856,0.00011298708191186708,0,5.649354095593354e-05,59,1,1,1,0,0
3477,4,-1.3532287582129954,-2.1382875309655356,-1.0103501947646576,3.7981850828005554,-1.4649193675030554,2.5485689553095998,0.105207448094,0.0340245641164,3.637153489394707e-07,0,1.8185767446973535e-07,22,1,1,1,0,0
3478,13,-4.0722069942783987,2.1422826940774886,1.7999343933103784,-3.2384517161993549,-2.8460625650419007,4.8121782399344326,0.126463318229,0.000726940639399,1.6153943707172156e-08,0,8.076971853586078e-09,39,1,1,1,0,0
3479,13,3.8812862122707386,4.6686164684648519,-1.0692206134958282,-5.0788010579273353,2.0195095574346156,-5.5004059868248847,0.175563999465,0.00082862288606,3.1031873068055284e-08,0,1.5515936534027642e-08,12,1,1,1,0,0
3480,3,1.8630566428122923,3.0441090201689365,-1.3973052447853576,3.6456171500842385,-4.0798753627076252,-3.0636154595496845,0.0177437552975,0.408245872242,5.0769283349053403e-05,0,2.5384641674526701e-05,27,1,1,1,0,0
3481,8,3.4616939385854253,6.0907244502232789,-1.3822929005494029,0.8669424916289783,-4.853631373982056,-4.5424283661346481,1.15957353984,0.118652036414,5.6331079653351746e-06,0,2.8165539826675873e-06,6,1,1,1,0,0
3482,14,-0.78734666505205686,-5.4037811746686524,2.8456142304386436,4.1412757929886332,-1.6045315341072826,1.8675471232598273,0.951457087152,0.0203734048012,1.0317098540441022e-06,0,5.1585492702205111e-07,20,1,1,1,0,0
3483,10,-2.3320065382375996,-4.5132118040939329,0.62589470770661926,5.843973363753487,4.1196976418877602,3.2129941911363482,0.870040540279,0.0964468628344,3.5905209735299677e-06,0,1.7952604867649838e-06,36,1,1,1,0,0
3484,11,0.45148818189192452,5.1822699499462637,-0.5873700529040381,0.79299651974755669,0.71326801719869937,2.8479882224301445,0.0689042076092,0.0282823071087,2.4840788125624894e-07,0,1.2420394062812447e-07,11,1,1,1,0,0
3485,8,-1.3931055049561174,4.6171832362487439,-1.739504426251254,-1.2570829447599179,4.8666091981376578,-3.5815290983705808,1.21616797942,0.337581611207,3.6193675187552214e-05,0,1.8096837593776107e-05,10,1,1,1,0,0
3486,11,-2.354355911272441,-3.8916492969482519,-0.79124607089668786,-2.0017628306057724,1.8518116876938278,1.0790394856546992,0.771100283636,0.00194932528375,5.9575315373245223e-07,0,2.9787657686622612e-07,19,1,1,1,0,0
3487,4,-1.8748852129006539,1.1385380233667344,-0.31434408705080813,-5.8438815589138375,4.6364458743789765,-2.5667355129683838,1.34678483166,0.00289449775722,1.8163815032602761e-06,0,9.0819075163013804e-07,56,1,1,1,0,0
3488,11,-4.6785519724600384,5.9209554506249757,-0.83224657178705952,-2.4041969270889645,4.1230225807471914,1.3296007086668715,0.0602580997668,0.00100084197634,3.936169184565023e-09,0,1.9680845922825115e-09,13,1,1,1,0,0
3489,1,-1.3380233745353765,4.1687484987010421,-0.9201052291827958,-0.3953723835416556,5.6489783171741914,-2.4599775264534265,0.637253082463,0.103934202681,3.6966658763204804e-06,0,1.8483329381602402e-06,10,1,1,1,0,0
3490,6,2.9003136242218335,-1.8886507851693513,-2.2335702766823626,5.3292515901846684,-0.99031238004619881,-1.6583853054356055,0.0520840906839,0.00480363835036,9.7417816136933203e-09,0,4.8708908068466601e-09,45,1,1,1,0,0
3491,5,-1.4293579871981787,-2.3109622069840121,0.61850262984094795,6.1739294584583577,1.9437502870566576,0.69664714351625878,0.0456959016118,0.0493356718716,7.4352951022651743e-07,0,3.7176475511325871e-07,54,1,1,1,0,0
3492,5,3.3044619100252781,-1.810411112483608,1.615255110131727,-4.3966006522168257,5.1222901071766005,-2.2021113542169002,0.0213081761414,0.00566853962225,1.0242109314366696e-08,0,5.1210546571833482e-09,17,1,1,1,0,0
3493,0,-1.8346644330324346,3.5197907048779089,-3.0034018702031515,-5.4519917256320083,4.5493091302763125,3.031835838649048,2.19587966248,0.00879478164252,4.8454490963537392e-06,0,2.4227245481768696e-06,20,1,1,1,0,0
3494,14,3.6043515349527429,4.3881085653929102,-1.4560303789271054,4.8291232140918572,-1.7085804990257651,-2.1487504023571997,0.194830700338,0.0247454813038,2.2448808078044757e-07,0,1.1224404039022379e-07,14,1,1,1,0,0
3495,11,4.4513162267786042,0.81452463378538942,2.9720995320224719,-2.2067827213789721,-1.9071522898250095,2.8660393201451559,0.0481920080341,0.198590293605,1.2015856168962533e-05,0,6.0079280844812667e-06,23,1,1,1,0,0
3496,15,-4.6270278867644175,-4.3753256979547217,1.3074485354415888,-3.7637429546571339,5.5848280662805116,3.7781569873515011,0.0928826578798,0.000486985679942,8.6994296949855372e-09,0,4.3497148474927686e-09,8,1,1,1,0,0
3497,1,2.9767981251868831,3.7165927744415246,-1.89226366156018,2.1875200049758106,1.2327870814256767,2.1174049458462094,0.086376403748,0.0447356008612,6.1708380054335754e-07,0,3.0854190027167877e-07,12,1,1,1,0,0
3498,3,-1.1834772563227602,-6.174351645263414,-1.9619901553245307,2.2006031264270804,-1.5742791412823962,-3.6094280296449299,0.0220434771586,0.00947773535288,2.7848926236450084e-08,0,1.3924463118225042e-08,13,1,1,1,0,0
3499,0,1.8918390325735841,2.0371106833051247,1.4486739897877376,3.8426169081668866,-2.2614709120172791,0.53422886440766471,0.033058290714,0.0392323069766,4.6995203586712999e-07,0,2.3497601793356499e-07,10,1,1,1,0,0
3500,9,-1.3494490899209921,4.0331216826564251,0.88192097632855482,4.2992885041779028,5.0049483642707546,0.67485019307919702,0.137836823101,0.0354590713009,4.0200840414678262e-07,0,2.0100420207339131e-07,56,1,1,1,0,0
3501,5,-5.4021252673307574,-5.9564236781137385,-1.8574463136297876,4.486216939525673,-1.5367821951154095,1.9454085350509485,0.0330666685202,0.0877010885272,2.3440524794524674e-06,0,1.1720262397262337e-06,16,1,1,1,0,0
3502,14,-1.5636166200044421,-1.7904915696003596,-1.8052346076016257,-4.877553585145149,2.2991830089367733,5.8819575737096743,0.158808487366,0.0191972999199,1.3748271983983799e-07,0,6.8741359919918993e-08,31,1,1,1,0,0
3503,2,-5.7806322301335893,5.9871020767071732,-0.25536006486578272,-1.4463225732540914,-4.7205790960024805,4.4357879388477803,0.544336351783,0.0038037495546,3.0070942426231231e-07,0,1.5035471213115616e-07,28,1,1,1,0,0
3504,15,5.2992992650528672,-5.6586456486335397,2.6030629946699202,0.59568318121251973,-4.4781328288290156,-0.60066013179719524,78.8974426076,0.486600717601,0.0062969338413862812,0,0.0031484669206931406,60,0,0,0,0,3
3505,15,-1.6409196787976954,-0.83520405190428448,2.757028809802514,-5.0772205233115484,4.3028885841432807,-2.5937088014616916,0.0263906005495,0.0546840156762,9.1160659727552117e-07,0,4.5580329863776058e-07,18,1,1,1,0,0
3506,14,3.1137557358691752,-1.9395748739715544,1.9553432557459061,5.2304789598287984,2.813403138798531,-5.7423013484246095,0.361491491794,0.00179055466601,1.3165272828767435e-07,0,6.5826364143837173e-08,17,1,1,1,0,0
3507,8,3.8015573877651496,-0.70496782469416241,2.4405082644880665,-0.19729608344497968,-1.1319305117005352,-2.6526512722614304,0.0524246815035,0.185133772612,1.0443362293772795e-05,0,5.2216811468863975e-06,11,1,1,1,0,0
3508,14,-5.8068739936229328,-0.50652146140711352,-0.88106591073423879,0.042703181495154771,-4.3285247882426958,3.908362424658145,0.187955278698,0.0417106447855,5.6529383816377446e-07,0,2.8264691908188723e-07,5,1,1,1,0,0
3509,4,-5.3257424202767565,0.88297988834356578,1.102578137635037,1.9735427995642407,1.5353109413810371,-2.8307657622419802,0.0613076766403,0.000724972260657,3.9187334942087593e-09,0,1.9593667471043796e-09,13,1,1,1,0,0
3510,15,-2.0143980497707128,-1.2211253494975709,-1.7443216223825762,-2.4281947548726333,-1.6455980160858314,-2.1495754752207605,0.0207009483167,0.00448563890403,6.5577230765198961e-09,0,3.2788615382599481e-09,30,1,1,1,0,0
3511,14,-6.016749548698451,2.7775505590229592,0.07450948988531042,-0.83906009355693856,3.7694284091999553,-5.1808116162183682,57.7739865623,0.0429068594127,0.0033383943235362071,0,0.0016691971617681036,60,0,0,0,0,3
3512,12,4.8257475554578697,-5.4844111651085701,-1.2673422189304684,-1.1356089011553756,-4.7748784199335006,5.9443854762753077,0.0995346980658,0.00660418684449,2.3193131356904099e-08,0,1.1596565678452049e-08,20,1,1,1,0,0
3513,11,2.5678825450865874,6.1806507346387294,1.5025309209796243,2.0562767248085274,1.4344515851600042,3.163676520369394,0.0403676270064,3.30013090452e-05,1.629877064819459e-09,0,8.1493853240972948e-10,18,1,1,1,0,0
3514,3,4.6261562752376948,1.2073219373951523,1.153419252834782,-2.0090265722293932,-0.22269495668171402,5.1503513044609166,0.360983750583,0.147230654098,6.7334601076816983e-06,0,3.3667300538408491e-06,24,1,1,1,0,0
3515,15,-1.4891330429454412,-3.6296696790285905,-2.820122816287792,0.16399992814958597,-3.5955757104327444,0.67779349947456469,46.6371173075,0.113975635906,0.0021789778267726503,0,0.0010894889133863251,60,0,0,0,0,3
3516,15,-2.8768636469824984,2.8586509242785811,2.7856018816035424,3.2823189166240887,-1.8879225533763699,-2.73267519888994,0.0107008876379,0.0425076158967,5.5052693561351035e-07,0,2.7526346780675518e-07,20,1,1,1,0,0
3517,3,-3.9261418504737247,3.0463646408475009,2.4629930232849797,3.4379426245744562,-0.99050516365305274,-1.5318738992677543,0.0710506931083,0.00430018874451,1.0681071549717265e-08,0,5.3405357748586325e-09,48,1,1,1,0,0
3518,5,1.8608914435484427,0.88199534192495255,-1.2564407672306017,-4.7786520078400248,4.4696287048073513,-0.72560551604369961,0.0505885230214,0.006089690064,1.3855730080542214e-08,0,6.927865040271107e-09,13,1,1,1,0,0
3519,6,0.11484532907295501,-2.959495532503523,-2.1822790293384622,3.8630448422739825,-4.2485619190628867,4.3527337704627556,0.0242820879916,0.0906162114915,2.5018939641878133e-06,0,1.2509469820939067e-06,35,1,1,1,0,0
3520,2,2.8210703141326832,3.3596252883695441,-2.3160973101584994,-1.0167855514445332,-4.4179390956365028,2.0470229542212075,0.143814813765,0.000650611513789,2.0811643793011347e-08,0,1.0405821896505673e-08,9,1,1,1,0,0
3521,12,-4.2200382998176913,-2.5965076349292491,-1.1308675633353655,5.6114404774916578,-2.216278069214781,-0.069834413978038232,0.238460099678,0.000644800471511,5.6989869206857143e-08,0,2.8494934603428571e-08,9,1,1,1,0,0
3522,13,3.1342333541927343,-1.5118010925123477,1.9096040556820357,-2.3303393803608317,2.3705888755291364,-4.5794375795738782,0.539118091089,0.183431429449,1.05401378450381e-05,0,5.2700689225190502e-06,7,1,1,1,0,0
3523,6,4.7054124955327747,-2.8215872625352652,0.9869457427462186,-2.715880615893056,4.8285189222169809,3.2951258763456202,0.0131223427396,0.0154504813106,7.2889666018017415e-08,0,3.6444833009008708e-08,17,1,1,1,0,0
3524,13,-0.65764240082256653,2.4899608270387295,-2.4267384281902529,-4.6498205013780396,4.6196723626273553,-5.1224055543148594,0.224624089627,0.764647366786,0.0001781558734793467,0,8.9077936739673352e-05,27,1,1,1,0,0
3525,10,1.6822232828390846,3.8810956758401614,-2.6768960543403768,-6.1741865481575298,-1.5122045376519493,0.48976601607183301,0.0520106712804,0.000127538144052,2.710064827339964e-09,0,1.355032413669982e-09,24,1,1,1,0,0
3526,9,-4.8504595663283556,-5.649387401213108,-0.073715794609162194,3.5258176908474721,1.46422560887564,3.5457245620552684,2.70400565576,0.023524265429,7.4802191444026947e-06,0,3.7401095722013473e-06,17,1,1,1,0,0
3527,2,4.9344964571478398,-3.0225688775968735,1.2877405187494999,-2.1330786716423971,-1.4660289408825191,-2.6875610494029258,0.00815558727082,0.163948056627,8.1878675612132138e-06,0,4.0939337806066069e-06,24,1,1,1,0,0
3528,8,-5.6599022439726836,0.67046533155716748,0.42258465343983226,-2.7222104348494529,-4.6763417296052321,-2.3477941315821109,0.291268552444,0.00766735874086,1.02745337336701e-07,0,5.13726686683505e-08,25,1,1,1,0,0
3529,0,-6.1105252741958598,2.2747467303556692,1.2645383081412174,-2.8294273760987463,2.1923350531361327,3.1079528117852924,0.223903760597,0.0227295111982,2.0750759852336345e-07,0,1.0375379926168173e-07,6,1,1,1,0,0
3530,7,-3.1769998419267824,-3.8125697166792141,0.49527012862623476,4.6095658073920083,-1.9921133703711285,-1.8011373448467858,0.23319589753,0.00151389871845,5.5078476039037887e-08,0,2.7539238019518944e-08,22,1,1,1,0,0
3531,10,-2.4739419041496791,-1.1082591336860304,0.54018832295503871,-1.270801848347294,-4.536627399225992,-4.8674775621670632,2.38988005936,0.24637170805,2.4201505105551553e-05,0,1.2100752552775776e-05,15,1,1,1,0,0
3532,0,-2.4139616007612763,1.7944073690650846,2.3620717454740898,-2.4327896151176054,-1.9527515209996045,-2.4933858481359317,0.599004699195,0.0230442875571,5.2057041722145304e-07,0,2.6028520861072652e-07,50,1,1,1,0,0
3533,1,-0.26315080928383544,4.3938432731294972,2.7832279481718181,4.8705022476350273,2.1376455811811805,5.1831323037205381,0.136335772419,0.000893110762825,1.8830419961894375e-08,0,9.4152099809471877e-09,15,1,1,1,0,0
3534,8,4.6737707754016204,-2.5911447712269169,2.1769782661131627,-1.0534437734796347,1.6557985038038749,-6.1860265895907887,0.962077767518,0.0394610262244,1.3999355274891841e-06,0,6.9996776374459207e-07,50,1,1,1,0,0
3535,4,-1.3624025292169148,2.5607234017666816,0.79535321359775157,-2.3833071433467099,-3.840035607740738,3.6766220246430974,0.159798292805,0.0149257969976,9.3397985270731846e-08,0,4.6698992635365923e-08,25,1,1,1,0,0
3536,10,-1.4988360248366124,3.078585530500249,-1.1093557368432747,-2.2005716700229825,-2.4129337066382583,-4.0731935179233778,0.135283493401,0.175431380769,9.3932589245203315e-06,0,4.6966294622601657e-06,21,1,1,1,0,0
3537,5,-4.6768917408580517,-4.7193204752873532,-0.36804858452026001,4.6762299550281146,4.5989675684663247,6.1930713498058747,0.0253553010045,0.863769814772,0.00022727517978511264,0,0.00011363758989255632,27,1,1,1,0,0
3538,0,4.5901659805360548,-4.0071364513385026,-2.7623883668972971,2.3920047858794722,-1.5740512606044139,-3.2756981664050495,90.5676435811,0.00122682325968,0.0082024985223063621,0,0.0041012492611531811,60,0,0,0,0,3
3539,11,3.0386365733496827,1.0688334523406937,-0.1202422444591002,-0.1337135589948866,4.1109123154147404,-2.1255741217971686,0.568098670244,0.576461820149,0.00010154961172274458,0,5.0774805861372288e-05,37,1,1,1,0,0
3540,2,-1.2980505608725426,-5.8046734557485902,-0.72643149282174524,1.5546343379923488,4.7223215487109078,3.462802096399888,0.142084339646,0.0236654073199,1.907894035515719e-07,0,9.5394701775785951e-08,56,1,1,1,0,0
3541,11,5.3747836030438894,-0.74205163957250375,2.5636265941247718,1.1506417991549054,-4.7451019371186876,-0.73636315785463158,0.676360862863,0.0273114269323,6.8468242738827268e-07,0,3.4234121369413634e-07,15,1,1,1,0,0
3542,2,-4.2645033472026288,2.167808794616608,-0.99081424770794002,-3.0605499134339382,1.8292343229514136,2.6504528053682352,3.57744402327,0.338339221829,4.766870632431046e-05,0,2.383435316215523e-05,45,1,1,1,0,0
3543,6,-2.0593100066344139,-2.0167768308942202,2.3247406746852675,-5.215465297436884,4.6036717649723711,-2.7309447052950153,0.363770762793,0.00861934771804,1.5496015707260784e-07,0,7.7480078536303921e-08,14,1,1,1,0,0
3544,3,-2.8514421456910726,0.34291983388876734,1.0102413792681562,-0.65857076088646138,3.3649750509471783,-3.702626871703798,0.161289291144,0.00375693925831,3.031378621411193e-08,0,1.5156893107055965e-08,10,1,1,1,0,0
3545,11,1.3874870319549859,-2.1478448991169947,2.2989151581526359,4.1879985892753577,1.6008235111927678,3.3907042483449734,0.0616544681617,0.0122095164891,4.9211290668427292e-08,0,2.4605645334213646e-08,29,1,1,1,0,0
3546,12,-0.38345795335557847,1.005597966520245,1.5131279676927361,5.9949116410561993,-2.1091649615807886,3.8727490392572701,0.0664956160489,0.000621625850432,4.5393768204364569e-09,0,2.2696884102182284e-09,8,1,1,1,0,0
3547,0,3.3421129045691433,-4.4732270290409781,1.2078563879732445,2.3931632579319064,-3.8173228513696489,-4.1622456553281149,0.0994800535266,0.0726481208881,1.617590706448322e-06,0,8.0879535322416099e-07,19,1,1,1,0,0
3548,1,3.44891605815386,-0.21712658238266014,0.82846404270263496,-3.0837871835420261,-3.165894911659707,0.57271979042345189,0.0572673445073,0.000139824202352,3.2855042634670173e-09,0,1.6427521317335087e-09,40,1,1,1,0,0
3549,12,-5.9471613211032794,1.9423285409832689,-1.5476757739196463,5.4853084461417483,1.806256652342382,4.7293280333116625,0.200595907803,0.00719138318654,5.5992310313247642e-08,0,2.7996155156623821e-08,18,1,1,1,0,0
3550,14,-1.5376845370612777,0.064681589693945066,0.96264695971587633,5.2055190873125996,4.7746281546100127,-2.3550190979454966,0.135286403574,0.00337225500295,2.1766551910469552e-08,0,1.0883275955234776e-08,30,1,1,1,0,0
3551,10,1.6029315203398886,5.8735729876799798,-0.7752475518363553,-3.8494066556616686,-2.9621432877386091,5.812289705794476,0.647965999319,0.0285794293216,6.6866650396787266e-07,0,3.3433325198393633e-07,26,1,1,1,0,0
3552,13,5.9040128839035795,3.9023407450741625,2.9905768233654539,-5.9445446191984352,-2.1256399512964093,4.1583074938009554,1.40162298634,0.012643067507,2.0132392240444549e-06,0,1.0066196120222274e-06,15,1,1,1,0,0
3553,12,-0.261912829828234,-4.3103126708773942,2.2075731615503389,3.9652792601616706,-0.57344750691317126,-5.3528630302004823,0.586811739409,0.0256152889366,5.4422061349682001e-07,0,2.7211030674841001e-07,23,1,1,1,0,0
3554,7,-2.304487390965944,0.54326385033962088,0.53057518344837595,6.0443828546227154,-1.5404171961537354,3.2003271842917367,0.452548898296,0.0409073278492,7.1455018088286468e-07,0,3.5727509044143234e-07,13,1,1,1,0,0
3555,12,-4.4158354137095488,2.8031181681273587,-1.6650732185615509,0.50965078696682675,4.993210168128404,-0.42913889440567748,0.0305901235645,0.0108986605083,3.7118456742223177e-08,0,1.8559228371111588e-08,18,1,1,1,0,0
3556,14,-1.9109111720850545,-3.655754606042477,-1.8779845818861882,1.4622443423809617,-0.98333087288761711,3.7428946778732568,0.0408755158556,0.0105526338047,3.5592418864318957e-08,0,1.7796209432159478e-08,36,1,1,1,0,0
3557,11,0.71973460980054305,-2.3503507527277794,2.2864870658276883,5.8694722494717686,-2.7111721832553082,4.8708318994232629,1.31238318627,0.504958431143,7.9394618411046431e-05,0,3.9697309205523215e-05,12,1,1,1,0,0
3558,3,-2.2203944310208223,-5.6583368011151638,2.3484502858813148,2.0261966440282642,-3.5892182913557473,5.9330020547506637,3.30266441235,0.131677541905,1.6189346059707553e-05,0,8.0946730298537763e-06,25,1,1,1,0,0
3559,7,-1.9151704312102098,1.5329871175145786,2.7121750843514127,2.0939637031367697,-3.8081046086888071,-4.4287402033981262,0.783377091466,0.016355823169,6.9516877249034562e-07,0,3.4758438624517281e-07,11,1,1,1,0,0
3560,13,-4.8598863373711483,4.7798133913327217,1.0896137209235188,-1.1774266280936836,1.6207950938676345,-3.0920390384673935,0.842489259282,0.0176832346325,8.0504104045723826e-07,0,4.0252052022861913e-07,17,1,1,1,0,0
3561,9,-2.7042041993616044,5.7685973288981272,-1.6267961776783417,-0.9944006684523985,2.7849441127345824,3.465676224413178,0.221427108521,0.0593098265852,1.1205691155030577e-06,0,5.6028455775152887e-07,6,1,1,1,0,0
3562,1,5.8913764437802438,1.2083623319422268,-0.94286277673171803,-5.0714196095840904,5.6694410203563104,1.0731148648261353,0.0500126919588,0.00710687389443,1.7886781375091385e-08,0,8.9433906875456923e-09,12,1,1,1,0,0
3563,6,-1.0901259758067812,2.2897097861608406,-2.0042845250603811,4.3530264919993806,2.6700723317118729,6.1579417016244395,0.900133896966,0.0188998483038,9.1905167428398849e-07,0,4.5952583714199425e-07,15,1,1,1,0,0
3564,4,2.0786398149578802,1.6669481809880866,1.7869586512736089,-4.7299139351647472,-5.2191275864949924,2.8653657620056472,0.0309464561346,0.00740579314812,1.7664660746678777e-08,0,8.8323303733393886e-09,15,1,1,1,0,0
3565,2,-2.5020004768496795,4.9495185182283512,0.48682994306142147,1.2229937835417812,2.9002620739019052,2.0010092647187063,0.408264158611,0.00838410945671,1.8809218425585035e-07,0,9.4046092127925173e-08,13,1,1,1,0,0
3566,9,0.84621738760860588,4.3652029304052089,-1.3886448933075555,-6.1569201020820667,-0.23631047947317638,-1.3850040410636095,0.260697332224,0.0648387769976,1.3485951419549646e-06,0,6.7429757097748229e-07,13,1,1,1,0,0
3567,8,-1.4000204916949128,0.60941107689238183,-2.2287768104312891,0.44420794151437581,2.2102867411958407,-5.5417347745184733,0.0128963590745,0.0297988084016,2.7065713627165072e-07,0,1.3532856813582536e-07,25,1,1,1,0,0
3568,4,-4.4748686618938143,-0.89560289194176035,-2.1805020574738339,-0.95105123725050544,-1.8777333985775984,0.22971863592812194,0.295728666901,0.121940210208,4.6169382345504014e-06,0,2.3084691172752007e-06,37,1,1,1,0,0
3569,11,-1.6277098763407185,1.7946620565792577,0.68178140625334283,2.516079531545937,-3.8771710966200037,-5.0864967328621535,0.477333156239,0.00423702098242,2.3331553960826205e-07,0,1.1665776980413103e-07,45,1,1,1,0,0
3570,14,-0.13578393453755941,5.5542419555604789,2.3036503881468993,3.329869959531552,1.636488516093614,5.1430458091581537,0.870254623711,0.00147488611113,7.580057410250536e-07,0,3.790028705125268e-07,8,1,1,1,0,0
3571,2,0.91331347614459257,2.5826475990527702,1.0603616552273163,0.90467649364720815,1.7811968076777489,3.3651319531462791,0.00691108982391,0.0162116802564,8.0106879879940272e-08,0,4.0053439939970136e-08,22,1,1,1,0,0
3572,6,-0.35280238547160703,0.88463404571255844,1.0319084344469667,6.2027632570807336,4.0260044873186791,0.38326103054387117,0.745407158818,0.517869901786,8.2250744666337389e-05,4.3269424902004805e-05,4.2423455080228841e-05,28,1,1,1,1,0
3573,3,-2.221598974639853,1.9149448426720799,-1.5734838832612297,3.9718278378352871,-4.4734411574077351,-5.0769677401120807,0.125405077833,0.050896816745,8.0483358108231282e-07,0,4.0241679054115641e-07,32,1,1,1,0,0
3574,8,3.252389777490579,3.2707644771741533,-0.67178855490310263,-0.33729675310653096,4.4947507603691044,4.254525565346567,0.0334852975395,0.0503345331336,7.7288936708934886e-07,0,3.8644468354467443e-07,12,1,1,1,0,0
3575,13,-3.0604865846553455,3.02697691098856,1.9799187794219599,-2.9465315672177339,4.9694941628560629,4.4928811138554829,0.0274789217197,0.066943003068,1.3658571355353424e-06,0,6.8292856776767118e-07,36,1,1,1,0,0
3576,7,-5.1209121982261738,-2.7926589554418464,2.6526002438363858,1.9263656393158959,5.2963906735112696,-4.0694826384955141,0.168963125691,0.00398090516646,3.3375994675710527e-08,0,1.6687997337855263e-08,34,1,1,1,0,0
3577,7,3.3211449841983978,4.7310231656155661,2.8763915629280157,-3.4639939278876852,1.695893791301061,1.5545584440818816,0.130600520172,0.0420129268714,5.5473244629227541e-07,0,2.7736622314613771e-07,10,1,1,1,0,0
3578,3,-0.79870354848489677,3.3659587062281426,2.4071771534145543,4.6218856116482412,2.8619753359130722,-0.28239534517076659,4.53051675288,0.271489757079,4.2977923228368313e-05,0,2.1488961614184156e-05,56,1,1,1,0,0
3579,6,3.1541034966860892,-5.7350688167885782,2.8218487973777977,-3.6567043296117698,-4.8575226932015543,-4.4643845914901101,1.08961294555,0.0164370737017,1.2695571111119427e-06,0,6.3477855555597133e-07,41,1,1,1,0,0
3580,14,3.4509783043156834,-2.354816728186762,-1.9437172983017865,-2.7938322887310987,-5.0983019014616122,0.99484416914695106,0.013456495753,0.371971597849,4.2147921410944202e-05,0,2.1073960705472101e-05,14,1,1,1,0,0
3581,2,-4.7627508385284756,3.2197963494017232,-0.62995688773159098,-2.0245740737516109,-5.6918280379989445,2.9517008665858002,0.281847664607,0.302871259405,2.8022298571541216e-05,0,1.4011149285770608e-05,7,1,1,1,0,0
3582,1,1.0894879229793049,0.31701860828319051,2.8197102810228345,-1.4415195437330079,4.5363553787489872,-5.8091721931951579,0.0429654648482,0.000278153917067,1.8695992980292716e-09,0,9.3479964901463579e-10,20,1,1,1,0,0
3583,6,4.3600745995885175,-3.0425940027718785,-0.63399227928737245,-0.45670350194797055,4.6000984152662632,3.9260368341504894,1.94123737582,0.00720316877259,3.7842078191857516e-06,0,1.8921039095928758e-06,28,1,1,1,0,0
3584,8,4.2974854454647744,-3.1211626647867581,-1.8145367791980886,-2.7439614188175434,-5.2565180996307763,0.75728147828876502,0.0168087936037,0.0270345031247,2.2291655085536187e-07,0,1.1145827542768093e-07,13,1,1,1,0,0
3585,4,1.4461933376949074,5.9388915758259531,1.7530827595392837,-3.1446222256265428,-4.9722330581318639,-2.4652059206611954,0.107564954406,0.0593513315431,1.084609619356589e-06,0,5.4230480967829451e-07,22,1,1,1,0,0
3586,8,-5.1589344109437789,-4.024842931619717,-0.69820907195497595,-6.0831642299727751,-1.9864240141299596,0.9227877734960559,0.408439169499,0.039615415935,6.4488340080398471e-07,0,3.2244170040199235e-07,18,1,1,1,0,0
3587,14,3.9292279731280986,1.6688395485998226,1.7462575896996175,-4.7756762971396274,-5.4343009320990641,5.6798232268244124,0.0114892008307,0.10417566401,3.30601356004561e-06,0,1.653006780022805e-06,24,1,1,1,0,0
3588,2,3.9559422899624486,-3.675425901950848,2.4811928474567995,-3.6703202310798835,4.712386929638785,-2.3435807109440105,0.0420395530903,0.000593809046743,1.8747349238548079e-09,0,9.3736746192740393e-10,26,1,1,1,0,0
3589,2,5.0117696820221989,2.49267508311579,1.8442212916150225,0.6289264860891014,-5.1552675154490215,5.7702716550883668,0.376141583664,0.00506626985145,1.4930113375342321e-07,0,7.4650566876711604e-08,22,1,1,1,0,0
3590,6,1.097230736128763,5.8274347516605349,2.6141003927608399,1.7294447992889757,0.69052888276482005,-3.0177336352371222,0.041835769658,0.00278468208965,4.1123734959114437e-09,0,2.0561867479557219e-09,10,1,1,1,0,0
3591,8,-2.8638383546433963,-2.0835366186452933,-0.015015382174700109,-1.4458773927819091,4.2212779648660472,-1.2460912682095933,3.57063842666,0.0323933290977,1.3069102291738625e-05,0,6.5345511458693127e-06,30,1,1,1,0,0
3592,0,4.0883718982214994,1.9593050660170366,-2.2954699096282849,1.6030047016938596,4.4813260546774352,3.4037121571083402,1.07443268881,0.185029244098,1.1583233112313296e-05,0,5.7916165561566478e-06,13,1,1,1,0,0
3593,2,-4.1359191638835062,-3.5097270440252868,-0.51075166653591753,4.4126180957482326,4.2668150550266972,5.8720720479974258,0.0354229576913,0.951470853757,0.00027577042574115408,0,0.00013788521287057704,16,1,1,1,0,0
3594,1,1.9797629352178832,2.6423106481407577,-2.5041706889740123,6.1299189619910743,-2.1076377955618466,-4.3778911740934081,146.683317376,1.48777014309,0.022190254070163014,0,0.011095127035081507,60,0,0,0,0,3
3595,12,5.3548943757195042,1.2863254272827527,0.96604418719412954,5.625434817354928,-2.0244538670812178,2.4483691710328173,0.0215060275842,0.0645915937518,1.2713489212040258e-06,0,6.356744606020129e-07,24,1,1,1,0,0
3596,1,-0.62400528423346913,-2.4456987341200556,-1.9185091410606638,2.7908999699666164,-4.5053397658795324,4.718259639878239,0.155102225902,0.00895910080301,4.8506966088161884e-08,0,2.4253483044080942e-08,17,1,1,1,0,0
3597,5,4.1973429129692956,4.2854922249401017,1.4896635636833404,0.22904199896631039,-1.5582864480660925,-3.0030055597319509,0.0499394506544,0.0148642615321,6.9798031683106721e-08,0,3.4899015841553361e-08,6,1,1,1,0,0
3598,6,-4.1001605038801561,-0.65595224066334845,-0.78757040764590391,-5.4528895361861149,1.2125701263106174,2.8188573733238385,0.226696127452,0.0163354941421,1.3267779579982827e-07,0,6.6338897899914134e-08,17,1,1,1,0,0
3599,0,-1.1352964931181957,4.9954430501848952,1.4078121209593577,-2.1152693519273571,-4.9369387399476139,-5.9045918493505525,0.0465559891861,0.0177903992293,9.8578357085706032e-08,0,4.9289178542853016e-08,46,1,1,1,0,0
3600,2,-4.6127003830261888,-2.3407981016489727,-1.4050755530569476,4.7888840112355648,5.6858038848156998,6.0866115511974543,0.0373785517127,0.0444626964784,6.0360489162985781e-07,0,3.0180244581492891e-07,27,1,1,1,0,0
3601,15,1.2577516463545027,-1.1867701593350859,-2.1978206788899297,1.8113930030063834,1.4039836342683383,3.466143452267739,1.54478293837,0.11893431429,6.6952807778571695e-06,0,3.3476403889285848e-06,27,1,1,1,0,0
3602,2,0.15457846581199891,-4.5661096514133988,3.0549769688309731,-6.1916376697454796,-4.3113053892346977,-3.6002290226066602,2.44711326088,0.406372433073,5.6292443648499288e-05,1.4769820460325433e-07,2.8150652770387741e-05,39,1,1,1,1,0
3603,8,-4.3769357274721203,2.1663589600045268,0.079122425141835873,6.0070180586190585,-2.7822212906839114,6.0496599938821092,84.1245957949,0.328451249306,0.0071098098128754075,0,0.0035549049064377038,60,0,0,0,0,3
3604,1,-4.6370890033570769,-1.2383187928445678,-1.3907743926270943,-3.5645434935475291,2.1516255889253548,-2.6738278155075941,0.173703132027,0.00256089771992,3.2170519164700646e-08,0,1.6085259582350323e-08,5,1,1,1,0,0
3605,12,1.7450835927800266,-1.3390600624868558,-2.3108336973553141,-0.74374933026410195,-0.89262631191083408,-0.040170873978872874,1.17942004417,0.0336363379328,1.7356767730987766e-06,0,8.6783838654938831e-07,21,1,1,1,0,0
3606,15,4.7219469802605154,4.4940480300963781,2.2198840954168406,-1.9117783289545722,-4.3642269635529987,6.0893068730000097,0.0346842690126,0.086759315951,2.2941128146130637e-06,0,1.1470564073065318e-06,15,1,1,1,0,0
3607,14,3.2147541685007743,-6.1866831814303609,2.6484815815815614,-3.6290537318080585,1.4591232669684109,1.1726873158065658,0.416724202884,0.0145746522619,2.3836604240326982e-07,0,1.1918302120163491e-07,25,1,1,1,0,0
3608,6,-3.9597353210734685,-3.9215610411324833,0.22569652485656388,5.3465632470110505,1.389794061634632,-6.2722751647960466,4.78833365844,0.162989985898,3.102052502823686e-05,0.005789666432093216,0.0001892002554769149,20,1,1,1,1,0
3609,12,6.0673435333141459,-2.5592655576279699,1.0133552172355769,0.57874990398273662,-3.4445727923040903,-0.18239926792143352,0.416079764065,0.00232550041938,1.7476972651001181e-07,0,8.7384863255005903e-08,14,1,1,1,0,0
3610,2,0.47582588285799421,0.7608380812172435,-2.2740822932847542,2.2719111225775919,-1.6189918789766511,-5.2885421794180747,0.044171669967,0.00292309288211,4.5539314409745946e-09,0,2.2769657204872973e-09,15,1,1,1,0,0
3611,14,1.0574542248447028,3.2257387437685856,-0.40048217966589628,-0.27713939040144248,-0.15122414658217814,0.25861649683205035,0.0358617258321,0.000885454777464,1.5248926249231939e-09,0,7.6244631246159695e-10,57,1,1,1,0,0
3612,10,-0.15514614185213438,-4.8467081316320106,-2.6443466139640188,4.411542102745897,-4.6371384532543711,4.0421084208426334,0.143247644275,0.063067503263,1.2321387111652707e-06,0,6.1606935558263534e-07,10,1,1,1,0,0
3613,4,-0.66572001146700621,3.1932212906128208,2.3036110791122177,-3.9570838892308497,-1.6719252210983901,1.8373350703422722,0.188495389018,0.0551257381953,9.6121624747321546e-07,0,4.8060812373660773e-07,16,1,1,1,0,0
3614,8,-1.7204590807712163,2.8295764920434752,-2.4477154076438916,-4.7060902677646768,-1.7749053454086214,3.0972486014953025,0.419826797172,0.0143930522278,2.3935906981694549e-07,0,1.1967953490847275e-07,27,1,1,1,0,0
3615,0,-2.5384362986480236,-1.2437883476932896,2.3689936361127133,3.5643326567569553,2.0237789770702821,-4.6565650490528734,0.0115567369033,0.174773023783,9.3048584141332338e-06,0,4.6524292070666169e-06,36,1,1,1,0,0
3616,10,1.8186154918893043,-1.6928253967797733,1.3550881878857677,5.1393083991419406,1.6410273052744249,-3.6675561735018669,0.411504362323,0.0323532800472,4.8818947280842928e-07,0,2.4409473640421464e-07,8,1,1,1,0,0
3617,11,0.34027580513510797,1.2869957797375864,-1.9788513547789364,-2.4246867462080055,3.7749299766585547,2.3045980532097428,0.219922410463,0.0854921796573,2.2747880198924327e-06,0,1.1373940099462164e-06,12,1,1,1,0,0
3618,12,-5.0538277419471909,0.029090172825547964,-1.0277132561112696,-0.64632219529155499,2.0261116629660103,3.0763797095812171,0.1007921599,0.340159533895,3.5256986366043973e-05,0,1.7628493183021987e-05,26,1,1,1,0,0
3619,13,0.70971273720630879,-5.749878775984496,-0.29891057367580171,4.8910634806017264,1.1645851253706974,3.6158474090194761,0.145060236685,0.46610957753,6.6201655978228644e-05,0,3.3100827989114322e-05,52,1,1,1,0,0
3620,3,-1.3714717836027974,-4.0418010325274265,-1.7546356584155045,5.1438727777410067,-1.8552768773262609,-2.141859600646224,0.119307469148,0.058721442842,1.0646184501822423e-06,0,5.3230922509112113e-07,10,1,1,1,0,0
3621,11,-2.8543404073715832,5.178653547717281,2.1009530498130098,-2.7266962576248193,-4.5963516043601844,1.4597669909543234,0.188736525399,0.00712351486926,5.1079123739918047e-08,0,2.5539561869959024e-08,15,1,1,1,0,0
3622,6,2.3577803642916209,3.8710966028710221,1.0006879722950173,-0.29049854312361867,-4.9010540199029684,-4.0728439416208291,0.219232612984,0.00732896123738,6.4425059017270272e-08,0,3.2212529508635136e-08,10,1,1,1,0,0
3623,15,-2.9446371745127231,-4.734986749738785,2.6341935472849491,-1.2295307189712321,2.1363061943829096,-0.20250138374331136,1.10482314065,0.000720703191788,1.2207923943915941e-06,0,6.1039619719579705e-07,11,1,1,1,0,0
3624,0,-4.6195464743503178,5.8569537670979406,1.0598546998835248,1.2580294064294524,4.702910649685224,0.065920882410857126,0.275228174447,0.0603617784741,1.1856376117228362e-06,0,5.928188058614181e-07,17,1,1,1,0,0
3625,11,-4.8944749466126893,-5.0649594190162173,0.09659459061783647,6.1366408534750647,-1.6961163913561799,-5.563963054061583,0.599282160663,0.0799959993643,2.30849561346557e-06,0,1.154247806732785e-06,19,1,1,1,0,0
3626,7,-1.5966976437052443,-3.8448221774440485,1.8433174118415949,0.40893262293483229,-5.0462802027562894,0.074350981660338961,0.0383819038894,0.00327856218679,4.747494056800417e-09,0,2.3737470284002085e-09,20,1,1,1,0,0
3627,4,-3.2237567049822009,0.83002250448374382,2.0681250575385386,4.8477161735416967,-1.0505431849231657,-0.73416810797946674,0.179758737524,0.0200461450765,1.5472308403883595e-07,0,7.7361542019417973e-08,11,1,1,1,0,0
3628,11,1.8515937219422742,0.5961878083203147,-1.0154437982306723,1.5934467084254422,-2.4962390734730704,5.9609264838062979,0.245059835774,0.0606948920433,1.1822252730162475e-06,0,5.9111263650812377e-07,22,1,1,1,0,0
3629,12,2.308982528230894,-2.9569617651841704,-0.54035386748007541,1.8009065927865133,1.6187036636510483,2.4100905341554277,0.0782794663374,0.0898483234801,2.4652191872545986e-06,0,1.2326095936272993e-06,13,1,1,1,0,0
3630,14,-2.6729819656914984,2.1081995320763549,1.3944246700905452,3.8290651997946905,4.8624318284405694,4.7667635744711667,0.024485157412,0.00167713684415,1.456347154631121e-09,0,7.2817357731556048e-10,18,1,1,1,0,0
3631,0,-0.16310378336106593,1.4635397525218696,1.8186424445745633,-1.9660971714180853,5.0628196406476791,1.880332106452373,0.0749361767974,0.00117619035018,6.0368455631205454e-09,0,3.0184227815602727e-09,13,1,1,1,0,0
3632,10,-0.53665385815379363,1.6062099533432324,-0.3181514371353944,-0.81026305770743778,5.9273311184374391,2.9540459567761457,0.577652599547,0.0139995410231,3.9338362535973046e-07,0,1.9669181267986523e-07,10,1,1,1,0,0
3633,2,-2.1229665452365007,-0.75329438697379458,1.4168130340461826,-0.99125440750983729,-0.39214310344473219,-0.86576637195463124,0.210417718018,0.0703467393794,1.5517247963284106e-06,0,7.7586239816420531e-07,14,1,1,1,0,0
3634,10,5.2544739102403,-4.7891331142554359,-0.47260076480163232,1.1961715052517763,-0.67959711927765687,4.2539147766876413,0.385966757626,0.00168711054866,1.498373833489104e-07,0,7.49186916744552e-08,13,1,1,1,0,0
3635,13,0.66680470428859884,4.1111090453283303,2.2849993344647479,-5.7128080865824735,4.6249637390853771,0.92220465972123855,0.166247837461,0.0354412309608,4.1026245164527411e-07,0,2.0513122582263706e-07,39,1,1,1,0,0
3636,6,2.4312657951875525,-6.1081057707885966,0.22877174915516865,6.0127261412761586,-1.2022627442918574,-0.23098674426754487,2.47256483363,0.00259604541834,6.115629810942911e-06,0,3.0578149054714555e-06,18,1,1,1,0,0
3637,7,-3.2983424648823454,4.0428582785531075,-1.8387274562313864,-3.5690983755380201,1.4234655681154564,1.6287048897700751,2.54310392393,0.0533551367564,7.334553488368289e-06,0,3.6672767441841445e-06,7,1,1,1,0,0
3638,3,-3.431144802676839,1.0958666639820871,2.7947236204075585,-4.2922593833839473,-5.2210482023084088,1.5248616253092968,0.369384017924,0.00546873315689,1.4555475876900727e-07,0,7.2777379384503634e-08,14,1,1,1,0,0
3639,9,4.2296984739014718,4.849567908176275,-2.6905588679875789,3.5084676069905552,1.1677749594583127,-5.1304264322557929,0.53683867153,0.0868042218145,2.5834797697736842e-06,0,1.2917398848868421e-06,10,1,1,1,0,0
3640,9,-5.7291411771531999,-3.8476715062731812,-2.7294530761004636,-2.7550959918418458,2.6722518164619564,-6.115918907628128,25.2562779307,4.93854912852,0.008067275309657845,0,0.0040336376548289225,60,1,0,0,0,2
3641,15,5.9668931767698421,3.7575736491008365,-2.9230909272924164,0.84623557505306235,-1.9511719997278514,-4.3718675535131251,0.0976074515829,0.0065174396721,2.2466454800410034e-08,0,1.1233227400205017e-08,21,1,1,1,0,0
3642,2,-3.3713462282772886,4.6714122240809095,2.6631364541062998,0.14275153082019904,-2.0635254974136554,-0.84797448447326562,0.178610259256,0.0333347685266,3.7039457076069337e-07,0,1.8519728538034669e-07,22,1,1,1,0,0
3643,2,3.0603706905749051,1.8664225444365834,-1.1845738704378712,-0.93066072655936904,-2.3268049189968125,4.8761212790155595,0.0418754322605,0.00107218587686,2.103734698598591e-09,0,1.0518673492992955e-09,12,1,1,1,0,0
3644,2,4.6221490512949117,0.83071921638395185,1.8849890323262022,2.2382388652619194,1.4823923591879835,5.7199122800532969,4.12605019787,0.172311587757,2.6068772336910726e-05,0,1.3034386168455363e-05,14,1,1,1,0,0
3645,4,-0.97651176359535929,-3.1234924532919321,-1.7395886865837979,3.9473338912825247,0.12150228462002122,-0.37242247058536065,0.0436408107496,0.0464044594055,6.5785970721239196e-07,0,3.2892985360619598e-07,19,1,1,1,0,0
3646,0,3.777216355332381,-3.6321640598795004,-1.6849650571851518,3.1551357484188354,-3.8543882327213161,-5.5679135109123985,0.320226300037,0.182262440567,1.0221812881233333e-05,0,5.1109064406166664e-06,16,1,1,1,0,0
3647,6,1.0186170013693032,-1.4438197048163908,0.15925396549758475,-0.25815854505814445,-4.5148982299967404,3.0480077750281604,1.99237449631,0.00129067351611,3.9700635768683455e-06,0,1.9850317884341727e-06,51,1,1,1,0,0
3648,2,5.0539861858821533,-3.4509894784812642,-3.0040167133536722,5.3375131078919384,1.1151055234742122,6.132799081429547,0.584884501325,0.00253247741731,3.4404352600378781e-07,0,1.720217630018939e-07,24,1,1,1,0,0
3649,13,3.3665557819878278,3.3665029397343016,-2.0679407919764827,-1.8872008155809803,1.4154031781480636,1.5457781061644948,0.0301606856685,0.0606792634378,1.1225027854018895e-06,0,5.6125139270094474e-07,18,1,1,1,0,0
3650,6,-1.1632907692932526,2.6466982806660218,-2.1435012260260859,-0.9027225399414458,1.0185476271036367,-0.8571709111219018,4.28541137392,0.958977148091,0.00029850225267969772,0,0.00014925112633984886,53,1,1,1,0,0
3651,11,3.2266768875726632,-5.3737540406341324,-2.6472129700208029,-2.4915323891407799,-1.9133816128960333,-1.6441281232307252,1.59850468967,0.130680244971,7.7572683555275718e-06,0,3.8786341777637859e-06,21,1,1,1,0,0
3652,10,4.2056348998609439,0.42013742034547258,2.7171748925407364,-1.0082310876523848,4.2959485499353374,3.3305728222778486,0.0682189542479,0.304522244598,2.8252983933542755e-05,0,1.4126491966771378e-05,11,1,1,1,0,0
3653,5,3.5307835748118621,-0.43308940890765757,0.64385080357030855,1.2166346458316486,-2.0717261831254001,-1.7616334860151035,0.0269595505053,0.0735024349231,1.6464553080494575e-06,0,8.2322765402472876e-07,19,1,1,1,0,0
3654,4,-1.9012042436297465,0.30634616733248421,-1.3978889425127858,-0.24257222920498633,1.6167407824974391,-5.6786662620926238,1.38556457321,0.0498746647927,2.6775195924697307e-06,0,1.3387597962348654e-06,43,1,1,1,0,0
3655,3,-5.9299600343674621,0.38776814357165523,-2.9827586429208028,-1.8387457475001128,-1.3864393163957043,2.1328786847040901,4.05817768083,0.109658373555,2.0131818039468691e-05,0,1.0065909019734346e-05,19,1,1,1,0,0
3656,5,-4.5148677681037377,-4.6166362172664019,2.9784397957400675,-2.7620290288016025,-2.0962110231369961,-5.8264032761943687,0.374641996516,0.014186542929,2.0166331830947356e-07,0,1.0083165915473678e-07,24,1,1,1,0,0
3657,3,3.63286655480238,-4.3242879254911148,1.4729574107170638,4.5528300133571733,4.504276958413854,-2.1933329047111001,0.0415259330816,0.00419029864554,7.0730593796408019e-09,0,3.5365296898204009e-09,26,1,1,1,0,0
3658,0,2.3333482473165463,3.4019553056088894,-1.2571951543681099,-2.4871675105809965,1.0541295038763443,1.1508856302832289,0.0249938933773,0.178124613733,9.6656413404085925e-06,0,4.8328206702042962e-06,16,1,1,1,0,0
3659,2,1.9908459767332485,4.9566691269070491,-1.2514009505868418,3.9037557919040355,5.1347025257231254,0.21573172637574742,0.0548435057463,0.00358842892716,6.9303144655852689e-09,0,3.4651572327926345e-09,57,1,1,1,0,0
3660,4,-1.3728297508799061,4.2188406012173711,2.4303476400430912,2.1991943376276097,-0.9343716888400645,-4.5885235226682672,2.49985305697,0.0305291981039,6.5331784702261193e-06,0,3.2665892351130596e-06,21,1,1,1,0,0
3661,12,-2.389279054638231,-3.2689169626666121,0.73479303724643041,4.0662311751443534,-1.4242952208807751,-1.6537031513975007,0.0380134200293,0.269191740138,2.2075300505986277e-05,0,1.1037650252993138e-05,15,1,1,1,0,0
3662,7,-0.45707743188831962,-0.262687876050055,2.8947182275439953,-4.3455123763937067,-4.814945796641215,-1.2195815125214315,0.183691787968,0.00513587903557,4.17776438594178e-08,0,2.08888219297089e-08,17,1,1,1,0,0
3663,6,0.73765797029185021,2.9450506820918956,2.849986653600233,2.2597200177326608,1.646810018173825,0.73239487341617859,0.219714251786,0.0197066528556,1.665731874478402e-07,0,8.3286593723920099e-08,10,1,1,1,0,0
3664,9,2.533564370192428,2.5567965336199956,1.9075354553724451,-0.1642613841150278,-4.8556087580256113,-6.1223643681548996,0.0152319765425,0.179303061146,9.7935564765519307e-06,0,4.8967782382759654e-06,10,1,1,1,0,0
3665,10,2.0858489332138062,-0.90084192788791573,-2.5683487111648104,-1.4319487147681602,4.7613678014647602,-0.010674549330119756,0.0493480817997,0.00175751901944,3.3761577322118765e-09,0,1.6880788661059382e-09,26,1,1,1,0,0
3666,12,-0.38178789857873829,2.5563721502890844,-0.87549129781104962,5.8885306580570065,-1.3757605376839606,-3.9631436439285737,0.261734190304,0.000381095713892,6.8549027163183934e-08,0,3.4274513581591967e-08,17,1,1,1,0,0
3667,2,3.8053416333494545,-1.9616137918018515,-1.6436101813098605,5.466103856748882,4.5666998563823222,3.5773105601618749,0.0610711064736,0.0278046299689,2.3922862980979395e-07,0,1.1961431490489697e-07,22,1,1,1,0,0
3668,3,2.7571915523664865,1.8070031685451464,-2.1313327357848957,4.9735376443813504,-5.2942808990002082,-5.1304171284393609,0.0892642193293,0.0186125830842,1.1349618022423459e-07,0,5.6748090112117293e-08,13,1,1,1,0,0
3669,10,2.9650800999253581,-0.831862514641034,0.79485371231499424,2.0353826805818382,4.9673504093608178,4.5266519655894006,0.0958812271204,0.00978838126785,3.8379338175358555e-08,0,1.9189669087679278e-08,25,1,1,1,0,0
3670,10,-0.72413500906548722,-1.9126122454580436,2.3022039566596857,-4.6363861573299578,-1.7953501803048681,2.5264636022866802,0.0816264349463,0.00160641549744,7.4489616856114038e-09,0,3.7244808428057019e-09,42,1,1,1,0,0
3671,13,4.3757617154253072,0.91442114963930954,2.1940602848342907,2.3251836719582206,-4.3946939076822531,5.7969093653148454,1.56771636659,0.0210207061488,2.592335931862693e-06,0,1.2961679659313465e-06,22,1,1,1,0,0
3672,13,-5.391122747833248,-4.8042678833897536,0.95077265361548557,-3.9556280687392475,-4.7602713760814321,-2.5526088059218139,0.0867904351721,0.00964084545039,3.5845520179234535e-08,0,1.7922760089617268e-08,16,1,1,1,0,0
3673,7,-4.3106137304774341,-5.8653243583987287,-2.5745770723100221,-2.325728967264248,-1.7421511819928062,-0.47150842027981482,0.339604651259,0.0166847364775,2.0013084786581424e-07,0,1.0006542393290712e-07,9,1,1,1,0,0
3674,14,0.035711061031195493,-1.1033408397463618,-0.78248355129279057,3.1279528354192387,-0.72723524096243108,-4.5664595614083412,0.042330696782,0.0219430369438,1.4846422216142106e-07,0,7.4232111080710532e-08,22,1,1,1,0,0
3675,9,-4.4796976040430563,-0.39233495491933756,0.94240838558315065,1.0958773625327451,-2.5231457584813746,-0.39591667957267107,0.432560659256,0.0703863371193,1.6962554492837427e-06,0,8.4812772464187136e-07,18,1,1,1,0,0
3676,10,-2.1497296181420502,2.0881546833584688,2.4375964166179287,3.4317072647101501,-1.6235188722900677,3.6552948887122652,0.161195515137,0.00649205529185,3.8822638058615017e-08,0,1.9411319029307509e-08,24,1,1,1,0,0
3677,4,5.7327830345121118,0.99417384637672435,1.7760365246162377,-2.8071663058322844,0.74992095045480156,-3.7311193467916501,0.224451722917,0.0363324591318,4.5248806573502895e-07,0,2.2624403286751448e-07,50,1,1,1,0,0
3678,8,-1.3773722917466273,5.7916076072496203,0.98523181001489535,-2.5175680440832089,-4.7752239924849285,-5.9815645122509586,0.246150716717,0.0302728001076,3.3975450263983125e-07,0,1.6987725131991563e-07,17,1,1,1,0,0
3679,12,4.1493145710357355,-2.885816530389179,1.9439667946135983,-6.0774564099818926,2.5367109085314903,0.42397472805746433,0.00670384528549,0.698714687192,0.000148714943734007,0,7.4357471867003499e-05,15,1,1,1,0,0
3680,6,1.1152741141431277,2.1989593782824883,-2.6084340883867743,2.3567957508802708,-1.9396012390801054,-6.1310794951655341,0.040696280465,0.145659176577,6.4646008324365366e-06,0,3.2323004162182683e-06,25,1,1,1,0,0
3681,0,-4.4899679642626351,5.0653128604893194,2.7469489998605581,-5.867354819044599,-1.7718056030684577,-0.20508872606461312,0.375497445726,0.0693673291173,1.606764458602484e-06,0,8.03382229301242e-07,20,1,1,1,0,0
3682,0,-6.0650270164218023,0.46254889497098961,-2.9238320245064608,-3.8226497487940221,-2.3517176700783549,-3.8385302541061739,36.8536477749,0.244307908037,0.0013763728574492063,0,0.00068818642872460316,60,0,0,0,0,3
3683,12,2.9696451713694016,5.7944994650517065,-2.8846248633156191,-0.89581788460450595,-1.9340240702796734,4.188855667242505,0.00208691015566,0.229345939179,1.6022746548900424e-05,0,8.0113732744502119e-06,52,1,1,1,0,0
3684,9,-4.2522058147448742,2.5133122070998493,-0.1229562731910141,-0.75520139485571458,-2.4343911189799745,-5.4327038394621949,42.6295589282,0.000448965073189,0.0018172793558178292,0,0.00090863967790891459,60,0,0,0,0,3
3685,10,-4.6509514839875061,0.34878898593279628,2.6672584612680437,0.38930719410733672,2.0864340426044725,1.8667890110261531,65.7448656427,4.22778635847,0.0097671731870727085,0,0.0048835865935363543,60,0,0,0,0,3
3686,12,5.1724550476621571,-4.0713824184494252,2.6263822631481615,2.7944239959885939,4.9184639900173881,-3.5039341058780336,0.953435255165,0.144357344189,7.2569742408483144e-06,0,3.6284871204241572e-06,20,1,1,1,0,0
3687,0,3.4744425219773727,-0.82431315169528896,2.0763540222125267,0.13096431615928983,-1.399757613095044,4.1080111877544798,0.0474021768382,0.0434116378051,5.7631990762278626e-07,0,2.8815995381139313e-07,31,1,1,1,0,0
3688,2,-3.7339540290557465,2.5456341890761873,2.8004912645814941,-6.072539407496528,-4.9152870807309581,2.2344176075824334,0.82769470708,0.150650060348,7.5985051098880581e-06,0,3.7992525549440291e-06,16,1,1,1,0,0
3689,7,0.18298227730024069,-4.1266802251488048,-0.27355080236377738,-6.133662300122829,4.7219582352079819,2.1133059987439182,0.00755950896059,0.303406798719,2.8041822542664895e-05,0,1.4020911271332448e-05,10,1,1,1,0,0
3690,1,-4.8452311312720182,0.24819400666031449,2.8123449473254305,-0.84287594478794081,-0.99542141252031802,5.4918235724049476,4.91566114995,0.299401081151,5.1469936920563862e-05,0,2.5734968460281931e-05,16,1,1,1,0,0
3691,8,-2.0606892842160063,5.6064155685037607,1.058571872335861,4.4112204190002355,-4.0876128435156831,1.1783479591548129,0.239070153931,0.115563907828,4.1253252950473382e-06,0,2.0626626475236691e-06,17,1,1,1,0,0
3692,15,6.05891163230892,-3.8803103719623175,0.47046580999324139,-2.5573705378898581,5.4329380793785012,-1.110603315644336,0.212293928257,0.0211739339048,1.8163950817939281e-07,0,9.0819754089696405e-08,29,1,1,1,0,0
3693,3,0.43074225224072932,-3.9970620587020815,-2.7022831987146105,3.598613332709879,3.8786830702738646,3.0062205696379634,0.74277524322,0.0372056527569,9.7338495333188976e-07,0,4.8669247666594488e-07,39,1,1,1,0,0
3694,5,3.4811457143134747,3.5909201314564725,-1.556444215331598,-1.8130782893777837,-3.6324510657495863,-4.7684711996189364,0.737842515848,0.00650341799751,5.57295203098765e-07,0,2.786476015493825e-07,15,1,1,1,0,0
3695,4,-0.40400870396244298,-2.6144455222087126,-1.5462199882436825,4.9971334528600186,4.0682653326854181,1.4870743722216897,0.0347761805475,0.00885077440712,2.507195617020473e-08,0,1.2535978085102365e-08,36,1,1,1,0,0
3696,4,3.2237147294511299,-0.78528033933956332,2.6283311348641893,-2.0615974946634674,4.3230736317813863,-2.5302590645564287,0.0531059867042,0.10222490479,3.1860513125495942e-06,0,1.5930256562747971e-06,18,1,1,1,0,0
3697,5,2.2482838072018394,-2.7711092837937392,-1.3440478352070155,-0.083482640130704333,3.972591366627185,5.0583792544985613,0.0289143652226,0.00205135679717,2.1178903302718645e-09,0,1.0589451651359323e-09,13,1,1,1,0,0
3698,2,-3.3942105414335009,-4.1000468207800518,-1.4867188414765906,0.67886590261600144,-2.0980435488109093,-0.62483487874653576,4.07260478756,0.0301034881974,1.6862160154304517e-05,0,8.4310800771522585e-06,16,1,1,1,0,0
3699,12,-4.6374843821682044,1.0240074968172861,-1.1251038885885556,-2.7063192498622697,4.2854166276442172,5.6791846399309422,0.231078545074,0.00118506254467,5.3825090544798671e-08,0,2.6912545272399335e-08,29,1,1,1,0,0
3700,13,5.6465960561840189,-3.7172038372430332,1.6913136210799051,-0.18367740334510269,1.7919875451943306,4.6007275802761054,0.0612113761992,0.000337149135537,3.7814582980583645e-09,0,1.8907291490291822e-09,7,1,1,1,0,0
3701,15,-3.506896999156583,1.0837762500724517,-0.26410922969620548,-2.5686711380428897,-4.1473266543761325,-4.4582777629612034,129.51334785,0.0854217497925,0.016775930026603415,0,0.0083879650133017077,60,0,0,0,0,3
3702,7,0.87583208954126246,-5.895089425280946,0.5001144941701533,-2.109052465585707,-4.011904398165659,-1.9962020119585888,0.189120678003,0.00336134115898,3.9208385610116148e-08,0,1.9604192805058074e-08,20,1,1,1,0,0
3703,12,0.9051425368953161,-6.1427420429492141,2.4274360842892881,1.5230300485247263,1.6317803883636384,-2.6884586509108135,0.0725154349899,0.00360516818238,9.2176733009350155e-09,0,4.6088366504675077e-09,24,1,1,1,0,0
3704,9,-1.4270015108180305,-3.1567588790891969,-2.5648561971431549,1.1096502627728575,4.5252502337137299,-3.4174748096497325,0.064047572844,0.00138395150376,4.6855319612506393e-09,0,2.3427659806253196e-09,16,1,1,1,0,0
3705,13,3.7462218278130712,5.2021448805078574,0.81643530076768311,4.3419781785120275,0.78548754815166388,-0.64555914233962819,0.354075302614,0.00152319544884,1.2607607022226858e-07,0,6.3038035111134289e-08,9,1,1,1,0,0
3706,0,-0.96592548638542874,3.8163813852240005,-2.3657968294220275,3.7574662871878792,1.7317683676294646,-1.0764406762062384,0.92047531084,0.0716371082886,2.4105334055308313e-06,0,1.2052667027654157e-06,11,1,1,1,0,0
3707,8,4.348131698492101,4.8718596476356071,2.3949746128629461,-1.1770357888600158,4.4129642336758419,-1.7458280379586499,0.253976251177,0.0605744689207,1.1822263644168184e-06,0,5.9111318220840918e-07,14,1,1,1,0,0
3708,9,0.14938186397108422,-4.7092007109722642,-0.89547140476825082,-5.4365796461909284,5.0510525276733507,-4.9957900364464205,0.0367523195765,0.0895236057444,2.4426997286355269e-06,0,1.2213498643177635e-06,13,1,1,1,0,0
3709,7,4.2377091892674255,4.0420795279244324,0.3440968597321683,-1.7457012577867463,-1.8000769299671804,3.8132373485119788,0.173824863128,0.0659104022265,1.3535283274080196e-06,0,6.7676416370400979e-07,11,1,1,1,0,0
3710,12,-5.7344236861198725,3.0406329980430042,-2.3429755458020485,1.2056656304283806,-1.6518902013429391,1.405988684941313,0.290824516042,0.00739313001352,1.0122879119590107e-07,0,5.0614395597950537e-08,32,1,1,1,0,0
3711,2,6.1612769613232423,0.54599477346401748,0.19282177481624585,-2.6907490438045976,1.9870844457776027,5.2755065297901069,117.101636262,0.0198417722819,0.013712913141981814,0,0.0068564565709909068,60,0,0,0,0,3
3712,12,-4.1151532852036663,-4.2288186247964275,0.90660066709651399,5.249246871419234,-0.92600431234376568,-0.97781860653488428,0.0306962373361,0.282929498363,2.4385292875294449e-05,0,1.2192646437647224e-05,11,1,1,1,0,0
3713,1,2.0469132819237865,-1.2041942127893885,0.55201696098234121,-1.1680293417943743,-5.1708684885635314,2.0165074042974571,0.215217027845,0.0451690794456,6.6781276150263814e-07,0,3.3390638075131907e-07,25,1,1,1,0,0
3714,0,0.55673755424284788,-5.7188366670696693,-0.69285636136025341,4.7109499589087953,0.43877068476165859,-2.3532636311663713,1.11832468616,0.0532166895934,2.1133315260138456e-06,0,1.0566657630069228e-06,24,1,1,1,0,0
3715,13,-2.171157115619001,-3.4230798914450031,1.2665142867490571,-2.766954656301281,4.7635318971905454,-2.8107443747780589,0.220482895604,0.193179809185,1.1416459207477111e-05,0,5.7082296037385557e-06,18,1,1,1,0,0
3716,1,-5.2999298149890777,4.0528319067938767,0.69785049361453544,3.6954674057516677,4.6684807561289752,-0.09040749944494203,2.50515564913,0.775238535145,0.00018934928595698658,0,9.4674642978493292e-05,20,1,1,1,0,0
3717,0,-3.6777398258567144,-4.676646774772407,1.7304585096627561,1.5033264591242903,1.3480246294970439,2.2868051130233722,3.03032686407,0.0299072808735,9.455344567970839e-06,0,4.7276722839854195e-06,13,1,1,1,0,0
3718,3,0.45679556137709165,3.647974782749611,-1.2861529707384378,-0.80356025305562417,4.5155136494890504,1.2957739473837635,0.215797861524,0.0438431492502,6.3211094256956469e-07,0,3.1605547128478234e-07,39,1,1,1,0,0
3719,4,-0.69889326446194355,-0.46619236999525016,2.1882836034482254,-0.26718560102982558,4.5300129715458324,-3.51107422053729,0.0173726696043,0.0424117367158,5.4823404185070973e-07,0,2.7411702092535487e-07,12,1,1,1,0,0
3720,8,-2.2414128067668329,-1.2658786288604076,-1.9358232680125447,-5.9183444454886933,-0.9178953728632302,2.8253786009795796,0.0688291776732,0.0397832383171,4.8685728923461692e-07,0,2.4342864461730846e-07,10,1,1,1,0,0
3721,11,1.37244024605141,2.844826931401053,-0.74508232609547842,4.7776690315846118,4.4736124077667778,5.6146834979710771,1.63217764292,0.0474293907403,3.3492550931558722e-06,0,1.6746275465779361e-06,19,1,1,1,0,0
3722,13,5.8994101571659083,-4.2660030650290723,2.7148648923438325,-1.5780080799569429,3.4872582641719738,-3.3364655065066544,1.00749654702,0.39007876067,4.7366074391724741e-05,0,2.3683037195862371e-05,13,1,1,1,0,0
3723,10,-2.3258982493664102,0.23442092338372489,2.66611633970057,-3.2458525062900252,2.3137815653933633,0.40158848877659337,0.176668017719,0.0283809560926,2.7657442224575109e-07,0,1.3828721112287555e-07,8,1,1,1,0,0
3724,11,5.2161084809629878,-4.4249041714840045,0.29385547552936925,3.0951231040459941,-4.4023667789492027,5.482080214143064,0.96076939408,0.0335988807245,1.2669557993311884e-06,0,6.3347789966559418e-07,18,1,1,1,0,0
3725,15,1.7130218964861599,4.1717430334710341,-2.6678811631830754,-2.9501401967293956,-4.7292424003955,2.8942825102808425,0.201875360601,0.0633113852889,1.2617612625895529e-06,0,6.3088063129477647e-07,18,1,1,1,0,0
3726,7,2.0847300976096252,1.3980934178120012,-1.7118582477600177,0.31043428625721747,-5.4355762888768,-0.35909950655901934,0.0950131477778,0.207400410549,1.3112124577264426e-05,0,6.5560622886322129e-06,19,1,1,1,0,0
3727,8,-5.5340715927444801,0.88765436237341588,-1.2899377212083074,5.44073879113866,-4.9248353383373917,3.6846748967957419,0.0841725404879,0.110144182984,3.7026246713038283e-06,0,1.8513123356519142e-06,9,1,1,1,0,0
3728,10,-3.894711662746472,-0.11746452433017285,0.024473957437657012,3.9045300954629325,1.1957452483459599,1.5830325472895366,4.45113467696,0.00421375001493,1.9818008604653766e-05,0,9.9090043023268828e-06,23,1,1,1,0,0
3729,6,-2.8109710598739532,0.90770410500495879,0.81915350752533034,-3.084540365032022,2.7583417385760107,1.5120824125178598,0.177490800767,0.00467149436398,3.8150607538386111e-08,0,1.9075303769193056e-08,29,1,1,1,0,0
3730,6,4.2839492463819715,-5.0105441505210093,-0.59448231262161633,0.032273987055776346,-3.3601302214384181,3.6604630103635833,0.263608689649,0.326265128609,3.2495689199959079e-05,0,1.624784459997954e-05,13,1,1,1,0,0
3731,1,-1.3472429802895483,1.6295428122765603,-0.037202939369102107,-1.6594672574177134,-4.4918923034135361,-0.32394281102135319,39.2101333121,2.73352440592,0.0038135833371597126,0,0.0019067916685798563,60,0,0,0,0,3
3732,7,3.0503048646952848,0.97187026300618951,0.0013931492678864177,-0.35105501746272372,-2.3236186292163539,-2.3228887755976482,44.9645074285,0.0268021833167,0.0020220257523482915,0,0.0010110128761741458,60,0,0,0,0,3
3733,14,2.3489899150210376,-4.4562208602295774,-0.17714347547475567,-0.43256971344356859,4.6968492771387877,-1.5029361501602276,1.20206313786,0.0162277151447,1.5251733545506893e-06,0,7.6258667727534465e-07,31,1,1,1,0,0
3734,3,-5.5294634350498537,4.7923342295285618,2.1549793623280467,-2.3803575688478849,1.6607471389574715,3.7113782750661506,0.0146266196493,0.029428106708,2.6401672503407982e-07,0,1.3200836251703991e-07,22,1,1,1,0,0
3735,15,3.0696796112027966,0.089389399644087764,2.605343811380386,-1.6142569023355404,4.3879342851424292,5.0939384616663075,2.51914019201,0.166649522616,1.4805921598434753e-05,0,7.4029607992173765e-06,28,1,1,1,0,0
3736,7,-3.7075707613463176,-0.17609866946975797,1.7504958234190384,4.3008557528466707,-2.7119779857356101,2.3039924082851013,0.91575152085,0.00788926345005,8.5756038168807569e-07,0,4.2878019084403785e-07,30,1,1,1,0,0
3737,4,-0.34020728492010816,2.755247143861931,2.4695962105127416,-5.7123878935124726,1.3755520652472628,-1.4678010998152897,0.0538185735126,0.00440490151265,8.8069785783666268e-09,0,4.4034892891833134e-09,12,1,1,1,0,0
3738,6,-3.5179041684905652,-3.0610711527911345,2.644453429017692,2.5905589926640635,3.7933291813184922,4.4913846076293282,0.298697533369,0.0560814053244,1.0472797812850795e-06,0,5.2363989064253973e-07,47,1,1,1,0,0
3739,3,-2.1081713546076166,1.4069874752757077,2.356473613604114,0.91972375216663049,-4.7528567096398131,-5.7779420888745081,1.34446822616,0.00136664643815,1.8081637519536583e-06,0,9.0408187597682916e-07,17,1,1,1,0,0
3740,4,2.5355476139287783,-3.8526090797497119,2.2589767061894506,-6.1477156966958377,1.7740758323428154,2.1197215177515387,0.109028793823,0.0042484757862,1.738548416735879e-08,0,8.692742083679395e-09,17,1,1,1,0,0
3741,9,2.6848739483802282,0.17214374690731421,-2.7458892487790956,-4.230730612128685,-3.934154811401295,2.8719132495979096,0.11247582109,0.0102015157919,4.4352626811158157e-08,0,2.2176313405579079e-08,13,1,1,1,0,0
3742,14,6.0444852918133005,-0.37042146765019157,-1.3901452037522704,-2.9068453497000362,5.0505518404459027,2.0173235001877656,0.422066882608,0.00565485240984,1.8788131300262925e-07,0,9.3940656501314627e-08,8,1,1,1,0,0
3743,14,1.2065926756245047,2.8549945904807212,0.64078547469303915,4.2029978149930924,4.7128532706818156,0.63773535680035187,0.427885977275,0.165896140978,8.5666237422695659e-06,0,4.283311871134783e-06,46,1,1,1,0,0
3744,7,-0.21239887075030822,-2.5478915823460873,0.94805211658288002,3.127298436089299,-1.2647844909220953,0.59669499408929705,0.646110313971,0.182821751326,1.0598928047192396e-05,0,5.299464023596198e-06,34,1,1,1,0,0
3745,3,-3.4378855692018324,-1.6810258465416532,1.5000557370939955,0.98210225956659258,-1.5634853839414891,4.2155398291273496,0.0676749439175,0.0172140554139,9.4845260105146147e-08,0,4.7422630052573074e-08,30,1,1,1,0,0
3746,2,-1.3497230522582513,1.0566392538007161,1.6731843064646743,-2.8449121928739385,-0.50892773358402232,5.8919340882416833,0.0356666375415,0.0337506664991,3.4826409323323682e-07,0,1.7413204661661841e-07,25,1,1,1,0,0
3747,13,2.15171539026074,-3.719616103966922,-1.1320145938550423,-1.3790298634172982,1.2874133473975755,3.0832312859142239,0.437803020795,0.0334337194686,5.3217697889171032e-07,0,2.6608848944585516e-07,46,1,1,1,0,0
3748,6,5.1321578244312471,-0.56333409107627508,2.4986020105018234,-0.88450926346511949,4.4243106731377244,-3.6483277657142863,0.151938223885,0.00535589740751,3.1823368617212512e-08,0,1.5911684308606256e-08,17,1,1,1,0,0
3749,2,-2.7020672438148496,3.1251606018900167,-2.7478162533360364,1.1934726313926665,4.6509839244477025,-1.8631051344914109,0.13909355763,0.0136397959509,7.6019271250528302e-08,0,3.8009635625264151e-08,17,1,1,1,0,0
3750,4,3.8368678516156369,-1.0384411579185195,2.1719637535933174,-5.1834952546449662,5.0800874488506222,-2.8101853284424858,0.0471180035907,0.0252813268313,1.969149551830883e-07,0,9.8457477591544149e-08,11,1,1,1,0,0
3751,15,-5.992035218919268,-4.7681780321841405,2.0475750973999602,5.3220761436116941,-2.4387959465858242,-3.8580730215236225,0.0509526084303,0.011594196523,4.3544484679696458e-08,0,2.1772242339848229e-08,9,1,1,1,0,0
3752,12,-2.4225311622632155,2.6286479482495722,2.2565923567310229,-2.1664591384721312,3.8713375556491489,-1.1238849291048316,0.0766779533948,0.0140665761946,6.6153720519427816e-08,0,3.3076860259713908e-08,9,1,1,1,0,0
3753,13,-4.4438810256903416,-5.2922178142007281,2.9247534441058658,-3.5431583930600605,3.8568363702894208,-0.014490327249651026,0.0515492801327,0.795022223179,0.00019253924583188079,0,9.6269622915940396e-05,39,1,1,1,0,0
3754,13,1.3133151268522756,2.4923883866112995,-2.2038335660118964,-1.7158464687715216,2.1537956217473808,-2.7275378345908381,0.187736130192,0.0141036917928,9.583756123896206e-08,0,4.791878061948103e-08,26,1,1,1,0,0
3755,13,3.3606066970614257,-5.1967658975960855,1.9393718147353103,5.3003895993516323,-1.5351233792050312,-1.7928068753759081,0.119661160002,0.0428897867051,5.7467283407965668e-07,0,2.8733641703982834e-07,13,1,1,1,0,0
3756,9,-2.9357156486395515,3.9691925549700025,1.2154436283430929,-4.1831943465651467,5.0233408366619683,-1.992866605502041,0.044566388147,0.00721217646066,1.7830987091892611e-08,0,8.9154935459463055e-09,7,1,1,1,0,0
3757,7,2.2775943904229967,-5.9194016972560712,2.8006209217248008,-6.2831853071795862,-4.0376903060275442,2.9501851871921843,23.7449631746,0.494445210847,0.00063829494475048691,0.0075689999999999993,0.0005462174723752434,60,1,0,0,1,2
3758,10,-1.8764772791619879,-4.805421891236092,0.87364452815516425,1.2456519581559842,-3.6800532669936796,-0.74541574800510813,0.0845185693948,0.118666479799,4.2966846914937452e-06,0,2.1483423457468726e-06,15,1,1,1,0,0
3759,12,4.5023461270660281,2.301373171439729,-2.5482447547587501,-1.304645406314783,2.0770040804266272,0.63492659362165671,0.496890564709,0.00848764560523,2.6884491118486297e-07,0,1.3442245559243149e-07,20,1,1,1,0,0
3760,15,2.3615806820018999,-2.0090341881209288,2.275517851173583,4.6127858257857044,4.1616280189838486,-3.5010292669618459,0.0696177642679,0.00982397439327,3.4245404332642017e-08,0,1.7122702166321009e-08,5,1,1,1,0,0
3761,12,-0.38378587652307461,5.1256831997534125,-1.0320358909235339,-1.2279515211235466,1.282277966580579,-2.0262893266518391,0.0604092620075,0.00142808737147,4.270525919243122e-09,0,2.135262959621561e-09,13,1,1,1,0,0
3762,12,-4.2163564110733649,4.0080960980954803,1.3561932785327073,2.8179967110867925,-0.29459496704511867,5.9804262218037758,0.147985254697,0.0318738462556,3.3137328918588091e-07,0,1.6568664459294045e-07,32,1,1,1,0,0
3763,15,-4.6100206943923299,-2.7690046228315413,-0.34206008858505788,5.2773173442889165,-1.9134413576313904,0.98877281266503891,2.76408552341,0.699349160709,0.00015662527372983293,0,7.8312636864916467e-05,40,1,1,1,0,0
3764,9,-1.2466633007409331,-2.0011251045940153,-0.64312680000743927,4.998323895061187,4.8559570229448656,-3.1808606899477052,0.589690678749,0.095790387431,3.1428431066008222e-06,0,1.5714215533004111e-06,30,1,1,1,0,0
3765,0,-2.4324189649449695,4.8861605570883899,0.27031485408205341,1.4104169426458488,4.3616510902747958,4.539641775102857,1.05262368377,0.0201722847943,1.2319718671942822e-06,0,6.1598593359714109e-07,8,1,1,1,0,0
3766,9,-1.7070352833219824,-4.3916068818391381,-2.4407599046898505,-0.86906459164257199,-4.4840359003455958,0.42897684328138996,0.0486271962447,0.000888162898809,2.6048965897178552e-09,0,1.3024482948589276e-09,16,1,1,1,0,0
3767,8,4.1604060608392377,5.911620815025544,-2.5112066518125267,3.6254842363133548,2.3067080195635326,-6.0648802338845327,0.0109013567505,0.537660822712,8.8058666758028878e-05,0,4.4029333379014439e-05,42,1,1,1,0,0
3768,6,-2.5122460387161416,2.4765713423184383,-0.64284276754501524,-1.7131356060093745,4.605550023981972,3.6925056757408075,0.0793085889112,0.942662692351,0.00027069327434248701,0,0.0001353466371712435,35,1,1,1,0,0
3769,12,2.2186651408607978,-0.24000717906093233,-1.5718217862156785,3.785901709404722,-1.782403337163464,-0.58423058152739993,0.168811867907,0.0048156244435,3.5561597447909856e-08,0,1.7780798723954928e-08,19,1,1,1,0,0
3770,9,0.42597783148663426,3.5284529127605295,-2.9848432589218405,5.9331853071795866,-2.1991561525264487,5.1739501541511279,95.1662697345,3.70260164379,0.013232697978420287,0,0.0066163489892101437,60,0,0,0,0,3
3771,3,-4.0147521519759444,-3.5055233555719845,-2.964967798379655,1.3220099785961295,-1.9657548667822144,5.2444047803430207,0.159720153875,0.00116641312901,2.5924965520289115e-08,0,1.2962482760144558e-08,14,1,1,1,0,0
3772,2,-4.5506163012746121,-0.81540350666045247,-0.66614109237319907,-4.4714980444499881,4.6959873348373664,6.0345587349537064,0.192693060776,0.000390872614847,3.7177155547338313e-08,0,1.8588577773669157e-08,16,1,1,1,0,0
3773,3,0.087594664760649171,2.4139219789899604,-2.6740094208039995,4.8604412585725498,1.8930084479700138,-1.2578624235314875,0.137273777566,0.00541125722621,2.7763807360626647e-08,0,1.3881903680313324e-08,40,1,1,1,0,0
3774,15,2.8399949967252205,4.2578623229569974,-1.8079043922976046,-3.3092508145364317,-4.5019238320513333,1.1294304787764473,0.0179314002698,0.00342368822883,3.892151179597158e-09,0,1.946075589798579e-09,18,1,1,1,0,0
3775,14,-0.53858977946675002,4.1914261655057681,2.5275144434223238,-4.8993022060283842,-1.5505840073412622,-4.0484586046953446,0.267415420061,0.00431349770226,7.7178798538815248e-08,0,3.8589399269407624e-08,22,1,1,1,0,0
3776,7,3.9990698938190286,-0.18981925210349626,1.1986697908680595,3.4342435239232292,1.5698985976888644,0.72619214554798539,0.312608109088,0.00104729824717,9.8057944494195284e-08,0,4.9028972247097642e-08,19,1,1,1,0,0
3777,0,-1.7785088193931595,-5.9019236104404431,-1.685968851954178,2.3103757295336478,3.8722739965729152,-2.3792005164833601,0.0546360766837,0.0781843766474,1.8650494750709675e-06,0,9.3252473753548377e-07,24,1,1,1,0,0
3778,13,4.8704454840541356,-1.2598668555356265,1.9750068563887984,5.6013821993274178,-0.95914873581145932,-4.8458470709487971,0.0253577937879,0.076097243205,1.7646186550064449e-06,0,8.8230932750322244e-07,38,1,1,1,0,0
3779,14,1.1395447073968266,1.739431483817681,1.1717679215803543,4.5698223891086798,-1.8778604656643603,0.43529204308107927,0.577922410403,0.129969372054,5.479603243080275e-06,0,2.7398016215401375e-06,14,1,1,1,0,0
3780,3,1.5810682374652669,-3.2867686282443236,1.8640322150613808,-3.7344434021795441,-1.2224080822762091,0.60601231236377318,0.0579188131944,0.00751582592929,2.0561707885527662e-08,0,1.0280853942763831e-08,32,1,1,1,0,0
3781,4,-4.2148135511700096,3.9993209896839139,2.3059052043853292,2.2439151171988243,1.1744898953338796,-0.45706832984095896,1.04600582978,0.0455281896617,1.7255440739551992e-06,0,8.627720369775996e-07,6,1,1,1,0,0
3782,11,6.0377819553639469,2.4286009964753177,-0.45141546678962235,-1.9357991114088118,1.0580275357235809,3.2992822798871511,0.630700998502,0.00603579145845,4.0888119926752969e-07,0,2.0444059963376485e-07,7,1,1,1,0,0
3783,7,-5.0623928428057097,-2.4006445024300231,1.1181384563681591,-2.7816946412858958,-0.97471758697577182,0.56108033488366682,0.0436996251572,0.00365765932531,5.9849727810118804e-09,0,2.9924863905059402e-09,31,1,1,1,0,0
3784,6,-4.8324726885074778,3.1202039208835397,-2.5447801894610413,1.4586255428160622,4.7780726215290823,-0.12910480276831135,0.0377807188691,0.242774503145,1.7955413421821621e-05,0,8.9777067109108107e-06,28,1,1,1,0,0
3785,3,-2.4461971578794901,-3.1850448440555348,-1.7761502986386242,-5.8363383142160012,4.6881375894196538,4.7048288753478715,0.55702601978,0.185155946587,1.0753393084433383e-05,0,5.3766965422166914e-06,14,1,1,1,0,0
3786,3,5.0692960788724024,5.885889776905743,2.2241232082495945,2.9199792502965511,0.7526005924948731,0.12691048459479853,0.157750425237,0.0313731568454,3.2471249852061171e-07,0,1.6235624926030586e-07,26,1,1,1,0,0
3787,8,1.5640149393456908,-5.3573574316359043,-2.3153735213310589,-6.0512684114181265,2.9359507256410153,2.9688011811294666,1.90216849085,0.16680348645,1.2093738227077249e-05,0,6.0468691135386246e-06,31,1,1,1,0,0
3788,1,-0.77012894676285115,4.7027301278519333,-2.007270404363831,5.7090157329908315,-3.7664167242882187,-3.2270571599781075,1.37222430883,0.0725783605219,3.4876078840707489e-06,0,1.7438039420353745e-06,38,1,1,1,0,0
3789,8,-3.1744114647956878,-0.43692219173477476,0.061634919169353292,4.0283085811204646,2.1996256357126063,1.4709769485017239,4.9658634067,0.115320380665,2.8710842530024817e-05,0,1.4355421265012408e-05,16,1,1,1,0,0
3790,8,-0.80088921025917892,3.8284083057430083,-2.2997078130192783,-3.1102155813824521,1.1921902352698381,-1.1195968804823095,1.25050878396,0.0930739487508,4.2025997987213736e-06,0,2.1012998993606868e-06,7,1,1,1,0,0
3791,4,-2.4753343381057178,2.8745603564721072,0.80505117367241008,1.4782789385635891,1.4888497386877202,0.49264532168841257,0.180575013807,0.0290560878674,2.8978249373643658e-07,0,1.4489124686821829e-07,10,1,1,1,0,0
3792,0,1.9248658157461165,3.1501933479843927,1.2806655714318045,-3.0175982058873014,-3.2477714655115459,-6.1676698857696293,0.0290480020612,0.0713595067256,1.5520102754563678e-06,0,7.7600513772818391e-07,30,1,1,1,0,0
3793,6,3.3344350370241624,6.1900436389197528,0.21108341263677796,0.46902780217723117,5.4004670309321865,-1.5061389899806463,2.39806575251,0.381814925634,5.0158650218996033e-05,0,2.5079325109498016e-05,15,1,1,1,0,0
3794,3,3.7249124968390523,-5.2682212443653391,-1.8971501473833285,1.5972342160137651,-4.9438679311495299,0.70181730407203391,0.0739723677321,0.0969096595837,2.8662809627480116e-06,0,1.4331404813740058e-06,7,1,1,1,0,0
3795,5,-0.02791681814861716,4.6149227021627066,-0.81890530063658451,3.9008362411531183,-1.3354232687230383,-4.4634142191578983,0.272162048705,0.000972006879989,7.4359982493739303e-08,0,3.7179991246869652e-08,17,1,1,1,0,0
3796,0,1.6300769367891739,-0.057867781924683448,-1.5301773630388926,-2.6026254467749044,4.390082506059005,-0.2733688408380438,0.104393041686,0.0300474621293,2.8592173863975119e-07,0,1.4296086931987559e-07,29,1,1,1,0,0
3797,2,-0.19107276845825816,-1.4425302938152103,-2.0988362993005349,-4.6603358912163859,-4.2122620314518118,4.9287376495827289,1.32133700969,0.0249415912671,1.9354288038990989e-06,0,9.6771440194954946e-07,9,1,1,1,0,0
3798,9,5.8074006622434613,-2.9023389791403069,1.0774501671836991,-2.2460880403083108,-1.8499117518898902,1.7924476317195086,0.602232347584,0.00711415856533,3.7810086950166909e-07,0,1.8905043475083454e-07,51,1,1,1,0,0
3799,1,-5.6899631147628016,1.8588187209494498,-2.0008614811489163,-2.5884962246893717,1.9959098252626848,4.5737166012796102,0.033827105259,0.00314775323711,4.1625291961050524e-09,0,2.0812645980525262e-09,12,1,1,1,0,0
3800,13,-0.76614350341240356,3.1771180913832042,-1.2644320894189711,5.3748242217951008,5.0834303039535413,2.8610974909193287,0.0474917038743,0.0102125348409,3.4025800103664642e-08,0,1.7012900051832321e-08,17,1,1,1,0,0
3801,4,5.1258113658805753,3.2408105812890868,-1.1816966986015658,4.1047581348912896,2.4704165805280018,-5.2833320892045341,0.693963951734,0.0529043047741,1.3341691421686889e-06,0,6.6708457108434444e-07,28,1,1,1,0,0
3802,1,4.2847551946490459,-2.7502542488847967,-1.3289352999385136,-0.88934268590807497,4.587313493809555,-3.5820977762450346,0.0106363628626,0.250581017894,1.9127298788095988e-05,0,9.5636493940479942e-06,14,1,1,1,0,0
3803,15,0.22087887635856793,-2.4757345104131274,-2.4318659695863261,3.5728149588839,2.0690210871453232,4.9010378339240264,0.115428177419,0.181499166205,1.0048014663492079e-05,0,5.0240073317460396e-06,13,1,1,1,0,0
3804,11,-2.0103011833414617,-3.1903911511296119,2.0177605157371619,-0.22420554528069658,2.1257360066865956,6.0103433004779436,0.283736164349,0.0113392706007,1.1967363177185086e-07,0,5.983681588592543e-08,41,1,1,1,0,0
3805,5,-5.1433143497561087,-3.0827290462288444,-0.21772496288281684,-1.057962321967246,5.9080411333446916,-0.2326692979041535,36.0536964057,0.0171859510481,0.0012999589953746299,0,0.00064997949768731494,60,0,0,0,0,3
3806,11,1.9482151216870802,-0.4508043555173919,-2.3201061353218844,1.1551991197139482,1.1187415373109624,2.6173092694598217,0.803581345182,0.02746635108,8.7554649434470029e-07,0,4.3777324717235014e-07,15,1,1,1,0,0
3807,4,2.9849141557704608,0.98167926417290852,-0.055490546415720043,-0.46382333235149187,-2.1321227649449419,-1.6402089005231524,121.545060442,0.488129807044,0.014845783126224229,0,0.0074228915631121143,60,0,0,0,0,3
3808,3,-5.7275183032609451,-1.7398514494956672,1.1740307701579107,-1.218931746864615,1.7074895590802435,-2.6948405111448879,0.126260801491,0.0157979158855,9.1966422491765822e-08,0,4.5983211245882911e-08,12,1,1,1,0,0
3809,14,5.5535324746031414,1.3380060683657136,-1.6472477572964841,1.6311938780604303,-1.8502725250596921,-4.1232981598685559,0.0509391515168,0.165052891749,8.3011217799378429e-06,0,4.1505608899689214e-06,7,1,1,1,0,0
3810,1,-1.1622770861297707,-1.9625989432234181,2.6274892436576507,5.5150621927808459,2.2976353582884044,-1.4729739714472885,0.293423430429,0.0127930854464,1.3595192103304035e-07,0,6.7975960516520175e-08,12,1,1,1,0,0
3811,11,-3.5547818516681176,-1.8748010330228837,-1.5317289376523067,-0.1844084246040327,-1.9220198304128455,5.8447950515274147,0.0223912932022,0.00487561283102,7.7426136130660121e-09,0,3.8713068065330061e-09,10,1,1,1,0,0
3812,0,-2.8605345722523188,-1.8580286894480524,3.0064150760451129,-2.6035904513195449,-3.7932225548107672,4.4980500380140143,0.170467343806,0.121286813949,4.5101309999559043e-06,0,2.2550654999779522e-06,14,1,1,1,0,0
3813,9,3.0583734547473598,-2.7166195764293897,1.5842808051541883,-4.3092407714825001,-1.2175425091485346,-2.4753757554578195,0.0209767006873,0.0690986289011,1.4548726040207021e-06,0,7.2743630201035105e-07,18,1,1,1,0,0
3814,5,-2.0185593692419421,-3.2740730890397702,-2.7719100550898594,-3.9785096584880311,4.4315727266285405,-3.0075361156142542,0.117025017401,0.0127438896974,6.3166772107184468e-08,0,3.1583386053592234e-08,9,1,1,1,0,0
3815,0,1.2120290832426668,-2.1536449038855343,-1.3958592033040378,-1.9901064316348649,3.5041077392711717,4.9840550683089626,0.222304927025,0.00281816084069,5.1838761425735427e-08,0,2.5919380712867714e-08,15,1,1,1,0,0
3816,8,-2.085342069485526,4.5871993450082202,-0.35453513277332138,-0.93723981332469486,4.8412717586970873,-3.0555514654809581,0.200018682382,0.249259677512,1.8966005600762717e-05,0,9.4830028003813585e-06,46,1,1,1,0,0
3817,6,5.9027455246519684,-1.832213622405314,0.83175330689497262,5.6912623769896298,1.3861941674579896,-0.97015885707117633,0.117017208477,0.0461503594695,6.6248416858416439e-07,0,3.312420842920822e-07,18,1,1,1,0,0
3818,9,4.2985400068009589,-2.2276360325755902,-2.339836391525985,0.43841109676143486,-1.970303287327277,-2.9625346148004241,0.119222725937,0.00288673151236,1.675250199677491e-08,0,8.376250998387455e-09,17,1,1,1,0,0
3819,1,5.8521110550564561,2.6771111218019117,-3.0231105734155777,-0.70383223034489506,1.9817434991769052,-0.78826710776477926,0.220453897099,0.0820842531603,2.101058670515643e-06,0,1.0505293352578215e-06,30,1,1,1,0,0
3820,2,-4.1859246421241467,1.0039581792469983,-2.3715796300664596,2.6574634515782027,3.8997109475357692,-0.9969354113292942,0.131357018441,0.0198116819563,1.3681783880170908e-07,0,6.8408919400854542e-08,39,1,1,1,0,0
3821,12,-0.60809273468248837,0.14916761447731094,-1.0929136842505578,3.4209515080726134,-1.7364983583641489,-4.3767197529792741,0.146075016859,0.0849005763362,2.2170531290826891e-06,0,1.1085265645413445e-06,30,1,1,1,0,0
3822,8,1.7782644196268274,-2.0758514953652734,0.85621523836145219,3.2544137612098507,-2.1749965512737401,4.5384939598813379,0.115846871658,5.66713413929e-06,1.3420507456051631e-08,0,6.7102537280258155e-09,30,1,1,1,0,0
3823,6,4.8129752298612649,0.57413112200925265,-2.2558746070597007,3.2146739971514471,4.8566861039259512,-3.360110932679492,0.854509752047,0.00904631669557,7.551155405232343e-07,0,3.7755777026161715e-07,9,1,1,1,0,0
3824,9,-1.7215880964272059,4.6579321877417756,-1.7561824298302804,3.5262877437368565,-3.0102818458537435,-4.6717862533028294,0.0994788508944,0.00236871817862,1.1605197056312599e-08,0,5.8025985281562993e-09,9,1,1,1,0,0
3825,6,-4.9092775333434799,4.811074122754432,-1.4970821720769991,1.0753980555146108,2.2277004276788746,2.702291519839934,0.395917569026,0.0167089539708,2.417965977746652e-07,0,1.208982988873326e-07,21,1,1,1,0,0
3826,5,-1.2289146105003899,1.5592721829939407,1.0253073437399634,4.9757250078218727,4.5696087169100315,-3.528466178203268,0.482073953316,0.000548840079752,2.3248705497963423e-07,0,1.1624352748981711e-07,20,1,1,1,0,0
3827,7,-5.212557155092485,5.0293529046612999,2.6757218781150716,0.47102092416631164,-3.7702434253028225,-0.31915580095191398,0.0652329746052,0.00430527781152,9.9015518875398171e-09,0,4.9507759437699086e-09,12,1,1,1,0,0
3828,7,-5.781864603909983,5.7141459041489204,2.7380416781342878,-4.0048025753288048,1.638913400007711,3.6513389402867396,0.0893872975731,0.0204386109579,1.3524000058241073e-07,0,6.7620000291205367e-08,18,1,1,1,0,0
3829,11,-5.6438886250254052,5.9889352957278383,0.20807155242634251,5.0816918178533355,-4.3430884393992315,-2.1848995566291043,0.6621807352,0.313236035498,3.0326574024510112e-05,0,1.5163287012255056e-05,20,1,1,1,0,0
3830,4,1.5212939305441102,-4.7678515791018157,0.96105151231555186,-2.3897145434166118,-4.6242297883553469,-3.8999227942881096,0.230094576403,0.0450308662798,6.7064029596015191e-07,0,3.3532014798007595e-07,12,1,1,1,0,0
3831,5,3.3512725479314076,4.1234580538303378,-2.6423043284117207,0.63101344678202509,4.4723993415719079,4.30422864104158,0.0452049265756,0.178011904357,9.6548328107693529e-06,0,4.8274164053846765e-06,20,1,1,1,0,0
3832,7,-5.90532239416987,-4.0237795901475195,-0.84657299011369169,3.9544856830608999,-4.0214012782950768,5.0860162084859297,0.0480902557854,0.0523505077293,8.3713975883322548e-07,0,4.1856987941661274e-07,14,1,1,1,0,0
3833,8,0.87157135132089791,0.44003552651629119,2.348333652252006,-3.0980930287106694,-4.0068485518754624,-2.1425862388840593,3.79918630282,0.0345311794066,1.4797043091111213e-05,0,7.3985215455556063e-06,26,1,1,1,0,0
3834,5,3.6517346031762266,-1.7942076857827374,1.4494889382530123,1.959997230651912,-1.9653693114664803,-1.9713730924336224,0.227052255164,0.0181392509989,1.5178173545390769e-07,0,7.5890867726953846e-08,20,1,1,1,0,0
3835,3,4.5401740034496907,0.81182486334840609,-2.0755274870639959,-1.0765711665897626,1.9143859841469359,5.6684152353978225,0.630207982973,0.0449588380434,1.0128844145753413e-06,0,5.0644220728767064e-07,54,1,1,1,0,0
3836,0,4.6389855995744496,-4.3657714377401549,1.9288563453450716,3.5297735827410746,5.4469038936429524,-2.5718746610950793,0.102147745539,0.0260484665143,2.1712396795764774e-07,0,1.0856198397882387e-07,20,1,1,1,0,0
3837,6,-2.179708357072407,-1.1500023645301818,-1.3424874899597763,-3.0263713415935674,4.7237370711270232,-2.7630921435206854,1.10064308441,0.113139772386,5.1107034090232723e-06,0,2.5553517045116361e-06,16,1,1,1,0,0
3838,0,-5.5713403485744655,-1.6028563574481629,1.2336035615711494,-4.3744530151001735,-2.2456669685706143,0.99988962433552442,0.0494823624574,0.00475705267568,9.3418593747859815e-09,0,4.6709296873929908e-09,41,1,1,1,0,0
3839,14,2.0868983190330264,-3.562848264878939,-1.7005000092130911,0.79928987908112825,4.88678080113118,-0.55273313672320101,0.227864182134,0.0214747212783,1.924005678750746e-07,0,9.6200283937537301e-08,39,1,1,1,0,0
3840,11,1.1219597457153625,-1.2141879251216621,-2.1655832981250742,-3.8593288710064098,-4.8647943140547891,-0.87921001911059682,0.0629239703045,0.00059806861745,4.0683834469734531e-09,0,2.0341917234867265e-09,14,1,1,1,0,0
3841,0,0.21532905431984345,-5.671949288881919,-1.9672568553401431,5.7791873904198736,2.3734661045625014,4.2990736139986261,0.0653519525317,0.0092925047366,3.0574788157111284e-08,0,1.5287394078555642e-08,19,1,1,1,0,0
3842,0,-5.6716548354088276,2.6541820271051231,-1.340362141386555,-0.26050511641371588,4.1540118395949879,1.0110853135415383,0.0512671586263,0.00739291756068,1.9277256712040036e-08,0,9.638628356020018e-09,14,1,1,1,0,0
3843,3,-2.9138313888808312,2.2477238819200056,-0.87371257215649134,0.12822988864523877,-1.4649382342305666,-1.951279635688951,0.243276450115,0.0398523812015,5.4298056025183097e-07,0,2.7149028012591549e-07,12,1,1,1,0,0
3844,11,-1.4748348653961632,1.9057354031777267,-2.5967105430546953,4.5411776467016631,1.9268293779926953,-6.0749446144849832,0.1051483909,0.0123457035071,5.7484873113223156e-08,0,2.8742436556611578e-08,23,1,1,1,0,0
3845,0,5.1714049220025817,1.1848512744991044,-2.1801382002980594,3.5455926024147093,-4.7152668936600532,-2.2895129806770402,0.0276445450117,0.00705039913132,1.590618253556389e-08,0,7.9530912677819449e-09,11,1,1,1,0,0
3846,2,4.8591313267846843,2.5407820105059367,-2.8524875200116218,4.0571352720781588,1.981346781189822,-2.2550492050696089,0.013059920927,0.568847774136,9.8570648268147211e-05,0,4.9285324134073606e-05,44,1,1,1,0,0
3847,14,1.0648883414675192,-1.335633656675306,2.5283046557225974,-2.8605289762190651,1.6058034421514351,-2.4962320074427868,0.159439473903,0.00181638366885,2.6425954748637404e-08,0,1.3212977374318702e-08,20,1,1,1,0,0
3848,3,-1.6171861870794919,-4.1358438929271344,1.1329718313916781,2.5902341110235767,2.3907441022892866,1.185040211769911,0.0143470105267,0.00192738224463,1.3374302078474148e-09,0,6.6871510392370738e-10,8,1,1,1,0,0
3849,5,-1.4843283352989021,-1.6551885849409984,-1.2204363198430468,-1.3885581202448725,5.4664888925216477,-3.3210612781562499,0.0598742942566,0.0122873248242,4.9575566940150416e-08,0,2.4787783470075208e-08,15,1,1,1,0,0
3850,13,1.2175905437689565,5.6481477161479141,-0.90595065995023272,0.69765212239681007,1.103104250263377,2.8609661909542465,0.0715117408054,0.00511783235483,1.3092531896187265e-08,0,6.5462659480936323e-09,56,1,1,1,0,0
3851,15,1.0395004824092144,-4.2851311463741233,2.0053870646264427,2.1970567301576573,-4.489899055720378,4.7784447279272042,0.613451841608,0.0180805245394,4.7590423157152459e-07,0,2.379521157857623e-07,5,1,1,1,0,0
3852,8,1.6462053407121624,-0.69947567054145754,-2.2768458729900578,0.7398154666945469,-3.7770064602114881,3.36291469035331,2.57171506399,0.564865101547,0.00010380878531207991,0,5.1904392656039956e-05,18,1,1,1,0,0
3853,3,-3.1701454869449566,4.4553278308804565,-2.567950037860864,3.6621855985960763,1.4942543362296079,0.89358918475076221,0.0210184904064,0.0158157031594,7.6637701936368389e-08,0,3.8318850968184194e-08,15,1,1,1,0,0
3854,7,0.60084423669483011,4.6536445747538755,0.8147461377892532,2.5318974575475206,4.3555119472624497,1.1930177960645179,0.0727783019743,0.00208447980163,6.6202609990258091e-09,0,3.3101304995129045e-09,24,1,1,1,0,0
3855,7,-4.8522546347160507,-0.80620391093341282,0.2344944306224695,4.5875232684078542,1.5343475692899333,2.7311092569575735,2.85080204714,0.00631363793623,8.1392149788575555e-06,0,4.0696074894287777e-06,12,1,1,1,0,0
3856,10,1.5458058832654673,-3.3040942760011842,1.7200236958542436,-0.024894705793177312,-5.2079073393698136,3.1629900617134989,0.10814913247,0.0196617297983,1.294563393029749e-07,0,6.472816965148745e-08,29,1,1,1,0,0
3857,8,3.0327307847015197,-0.87587161725177787,-1.8631674401312963,4.0895319812913806,4.4809031167266626,5.820845853155669,0.122933620519,0.00660062245089,2.8384312821589022e-08,0,1.4192156410794511e-08,18,1,1,1,0,0
3858,1,-2.9920725873582446,2.3612097354960864,-1.0154911041767358,-0.82575775140235652,-3.5732486006321271,-2.5797241553960633,0.464471269636,0.0843329237489,2.3821854523121401e-06,0,1.1910927261560701e-06,19,1,1,1,0,0
3859,11,-1.7386786490232851,2.1891913626416653,-3.00531826208818,3.6838134676424126,4.3187945459887889,3.2305527784843902,4.89854039113,0.0700274660288,2.5489494878582296e-05,0,1.2744747439291148e-05,28,1,1,1,0,0
3860,2,3.8994000983005743,-3.7855342781943722,-2.0728455926880023,4.2279651899625863,0.98309457897234664,-5.6474964100919358,0.0646363176296,0.0028615026086,6.6721210540979196e-09,0,3.3360605270489598e-09,19,1,1,1,0,0
3861,7,-1.4571476509155989,1.9254060586103663,-2.1205843215400066,-4.6935551552924499,4.0342562170635805,-3.5404118895544188,1.36492134344,0.0847416505643,4.0505128477098807e-06,0,2.0252564238549403e-06,49,1,1,1,0,0
3862,12,-1.6830718408854015,0.82811399929943152,-1.4358250942734487,-1.9995731239449885,2.211158315166839,1.2646157868495558,0.0269864590233,0.00200075973565,1.9476645404447864e-09,0,9.7383227022239321e-10,11,1,1,1,0,0
3863,13,5.8261113199693986,3.8332831944086871,1.8026664539881099,-5.4925924758808904,-1.6544339396034178,-4.1972368785475025,108.360062423,2.2342262402,0.013262482279320326,0,0.0066312411396601632,60,0,0,0,0,3
3864,7,0.11863714070093534,-3.1692185531823251,-0.92688760700205319,0.92012319893529959,2.1502204896401418,-2.8090109933839984,0.160317555381,0.00669281265976,3.9346672460307961e-08,0,1.9673336230153981e-08,12,1,1,1,0,0
3865,14,3.6913638333200374,1.4176148931787096,2.2794404818028409,2.1888705289183044,2.5034890082741725,1.1796440787216824,0.014484392237,0.0891990126493,2.4238872885512222e-06,0,1.2119436442756111e-06,19,1,1,1,0,0
3866,12,-4.4342490319187586,-0.35496556059949308,-1.8200517218265595,-0.049770054243585382,-4.6546874105794993,2.2872572298543248,0.0568630634441,0.00415787610718,8.4996137482891723e-09,0,4.2498068741445861e-09,16,1,1,1,0,0
3867,1,1.0835671540675871,2.858731848737571,1.14646618540337,2.9328240890736339,4.3344788201736648,5.9261315429810821,0.039892726634,0.00332260048896,4.9543066502757375e-09,0,2.4771533251378688e-09,27,1,1,1,0,0
3868,6,2.0529481351133043,-0.74614554775876507,-0.98584384847513351,-0.28871070497650336,5.0565772942513263,1.8345649763075462,0.09878451236,0.50500528283,7.7696441204100851e-05,0,3.8848220602050426e-05,20,1,1,1,0,0
3869,10,0.20685357650392369,-0.36729577915261347,1.2122014490973256,-5.2578872265301779,4.5833208397679881,0.8091108712351186,0.13201110202,0.219893540954,1.4746644617989376e-05,0,7.373322308994688e-06,26,1,1,1,0,0
3870,5,-3.790589164464623,-4.2431323529346638,-1.6484272135433886,-5.989332714939624,-1.6728962263881404,-0.9961712836498402,0.0827411754679,0.0026671426205,9.0130437523799981e-09,0,4.506521876189999e-09,22,1,1,1,0,0
3871,13,-2.429975873449628,1.7359477422075109,2.7353899584779771,-6.2831853071795862,2.5903554412818686,-4.735980598767096,2.55078450294,0.452945153629,6.9001601906680068e-05,0.0075689999999999993,0.00026157080095334003,23,1,1,1,1,0
3872,5,4.1674012194513921,-1.8215565964215521,-1.2931827042331818,1.4886905896427844,-4.8291340090988903,0.69577770566968367,0.0528758507072,0.00562655907495,1.2439484742006505e-08,0,6.2197423710032525e-09,16,1,1,1,0,0
3873,11,-4.3419686860970081,1.059447786713771,0.065611304383913355,-5.8439764220289607,-1.127978126790695,5.7502945132393091,0.508863134426,0.153690261689,7.4542173225403779e-06,0,3.7271086612701889e-06,16,1,1,1,0,0
3874,14,5.1220749711914433,-5.0448067290521257,-0.15292366165214216,-1.5664252582037854,2.2272276416435512,-0.5308371023249322,25.0766300906,0.000381348095481,0.00062883742099928549,0,0.00031441871049964275,60,1,0,0,0,2
3875,6,2.3636844544600666,-2.5583530647075468,-2.9656056912864304,-5.2603799072324957,4.4374049557397992,-0.95421315935124318,0.339015360094,0.00964051604818,1.4324242019819755e-07,0,7.1621210099098776e-08,12,1,1,1,0,0
3876,1,-2.4401208219328141,-3.307592512503184,2.6436283816781851,-5.5441739346352827,1.6188781064285154,-0.40413835324858366,0.154753812553,0.0193359237424,1.378384780216791e-07,0,6.891923901083955e-08,6,1,1,1,0,0
3877,10,-1.1049571498685109,-1.8855232444917014,-2.5828217379374472,-2.1402668248949679,1.8718523613432065,4.8069881428183932,0.215614282892,0.0299353694403,3.194652135555563e-07,0,1.5973260677777815e-07,21,1,1,1,0,0
3878,10,5.881286417163305,0.81322130790372293,0.53602049349685021,-2.7417384488838654,1.7145026274332582,-0.4212568901023977,0.382064186262,0.1414332882,6.2393495253262819e-06,0,3.1196747626631409e-06,13,1,1,1,0,0
3879,10,-2.2299720389486013,-5.7726545727974328,-0.72855045061765722,-4.7073955036826014,-1.4371490224029371,-2.0255532977845334,0.0372090689202,0.209558401107,1.3378574270217615e-05,0,6.6892871351088074e-06,14,1,1,1,0,0
3880,0,-1.5983095105730323,2.1968565023479489,-2.3014879463007318,3.768734059300098,-4.8473503552592527,-0.75865515366163405,0.244346891198,0.0228161665652,2.1828236490747451e-07,0,1.0914118245373726e-07,29,1,1,1,0,0
3881,1,2.3304676897463961,-4.5155574213666183,0.99549973129036062,-4.3112675252298853,1.6430424234630117,-3.7626668879622551,0.291142939254,0.0298944268423,3.5699371868292451e-07,0,1.7849685934146225e-07,16,1,1,1,0,0
3882,6,0.13331324247603271,5.4710296629338897,-1.8679683512234655,-5.596244240820595,-2.844783003631572,1.2324065163952105,1.8547205154,0.60746279707,0.00011584718206034604,0,5.7923591030173019e-05,27,1,1,1,0,0
3883,15,0.17136142868742532,2.0570526351867056,0.54355152037015142,-0.02680167267913007,-1.4956378892035058,0.48436420680947739,0.0154946484788,0.108254415548,3.5700572576279116e-06,0,1.7850286288139558e-06,10,1,1,1,0,0
3884,8,-5.2106217687277621,4.0897979951348953,-0.44834891381493763,-5.0329858605745015,-4.7955092610520538,3.684797187629886,0.182165316903,6.1952170031e-06,3.3184214373683947e-08,0,1.6592107186841974e-08,17,1,1,1,0,0
3885,4,-3.1959731166746455,-5.5472988282630178,-2.114666404585734,2.1978778757255459,4.6307712013602966,-1.0967515424344885,0.134376919377,0.00413499807985,2.3265568806439726e-08,0,1.1632784403219863e-08,32,1,1,1,0,0
3886,7,-2.8739886145783839,-0.70953022530370113,-2.3867944019471259,1.6322873471465369,2.882824868187833,-5.077841535082773,4.5107503381,0.142059895201,2.649435697253451e-05,0,1.3247178486267255e-05,41,1,1,1,0,0
3887,0,0.64741050606869088,-4.2654779836507686,1.945313402351373,-5.2955278322978323,-4.3968940603267477,4.1619621147716392,0.0557163312088,0.00153178645749,3.8190546628867992e-09,0,1.9095273314433996e-09,11,1,1,1,0,0
3888,2,6.0383047542741961,2.4533498328330596,-0.85741497797936084,0.8915838327304102,1.1191135229444105,5.5479247064242987,0.305959816738,0.147761412258,6.7444560297827652e-06,0,3.3722280148913826e-06,10,1,1,1,0,0
3889,5,-4.2439998533642651,1.2745104521249744,2.8655256043488402,-2.6873508870648042,-0.79380768471032037,-0.39830888193849318,0.048205019152,0.342871298914,3.5813369239414351e-05,0,1.7906684619707175e-05,59,1,1,1,0,0
3890,6,4.1420137872055536,-3.0417912723212406,-2.7534324393043059,-2.3705525818660833,-4.7079547292501811,0.058093684938096316,4.24829428275,0.0168658942828,1.8134655293599341e-05,0,9.0673276467996704e-06,18,1,1,1,0,0
3891,8,-6.1412205057401277,-2.2960813200191179,1.7280725145468661,1.0754702641362806,4.6189553947552096,1.0961521742157405,2.85569986561,0.275760457223,3.1319296936929834e-05,0,1.5659648468464917e-05,28,1,1,1,0,0
3892,7,4.1669390959571446,-4.8881020189254132,-2.5304893876602299,2.1624789559740578,4.6942800691526951,-2.7781820932232142,0.459708667072,0.109568914786,3.8683699119950798e-06,0,1.9341849559975399e-06,14,1,1,1,0,0
3893,1,-2.0343359479004204,4.886815287980963,-0.55478279640768158,3.9249883421838789,5.6034441633402174,-2.221259324095588,0.0463617086679,0.0789088841498,1.8988838888012904e-06,0,9.4944194440064518e-07,26,1,1,1,0,0
3894,15,0.15910720639895143,5.0927381395726616,-1.3380690197920375,1.639564342908812,1.8132331073291015,-1.8348528308611738,0.71309219999,0.0128177529663,5.5854754103679311e-07,0,2.7927377051839655e-07,15,1,1,1,0,0
3895,0,2.510255047567953,1.7189041156438676,-1.0321744348027384,5.9389972735400614,5.0253723675197159,4.2395714129185862,0.0897769820665,0.420515659824,5.3874600086903128e-05,0,2.6937300043451564e-05,7,1,1,1,0,0
3896,9,-2.103112399180771,1.7889828907369942,2.6658627248527749,-0.016009475804367956,1.8655030594496842,6.0532452095046105,0.349452233709,0.0374195168009,5.4864833955851324e-07,0,2.7432416977925662e-07,56,1,1,1,0,0
3897,3,3.363139616548259,-3.6645204188321778,0.75477959076291712,-2.2478861976832247,4.5371521673105351,4.5452038768086833,1.71559401922,0.0187417241731,3.0502603852584188e-06,0,1.5251301926292094e-06,58,1,1,1,0,0
3898,1,-5.9726932748976553,-1.9276409677033659,0.94690688025574576,-5.302928019351171,3.7677133990968468,-3.1393223250009994,0.349191631864,7.83237811819,0.018687226943605154,0,0.0093436134718025768,60,1,0,0,0,2
3899,0,0.39351116671380298,3.0188973531773264,1.1161054456583406,-3.2096573470404919,-2.2740680846522681,0.24774076818117546,0.442434576105,0.00449514970948,2.0190356670291899e-07,0,1.009517833514595e-07,44,1,1,1,0,0
3900,4,3.9569409397841944,3.7245269511992021,-1.5056865252258371,4.138260390684569,-2.3437686536770359,-1.9245331541076844,2.62318936061,0.0113241876832,6.9201857147217677e-06,0,3.4600928573608838e-06,8,1,1,1,0,0
3901,12,3.4164816743797051,2.0502501980676544,-1.7772766708296637,1.1876302573379578,5.0029939952342266,2.9300371793944722,0.0385500156716,0.495817706077,7.4887169707352653e-05,0,3.7443584853676326e-05,9,1,1,1,0,0
3902,0,-5.9581994989588924,2.8072647472213275,0.51792791291759754,-4.0684680666728541,-0.059804801497379843,3.080651662727214,0.358797052117,0.0242542155678,3.0793169201088805e-07,0,1.5396584600544403e-07,13,1,1,1,0,0
3903,5,0.72670974647026954,0.89458292981453047,2.0079575926837281,1.4835558587077289,-4.5691760257984537,3.2881304225712906,0.0170356756682,0.236713339429,1.7068980563161385e-05,0,8.5344902815806927e-06,27,1,1,1,0,0
3904,12,-4.8900036338004256,1.8943466824443758,2.6554439966800136,-1.7499675909408987,5.8776702069983537,-0.69771592689024275,0.242616534282,0.0175222455128,1.5238919123507272e-07,0,7.619459561753636e-08,12,1,1,1,0,0
3905,2,4.9098111967589988,3.6526984524477544,-0.52494106516372208,1.0981575424155803,1.6943548941186564,-0.16842986707847549,0.0404203922942,0.145110592933,6.4159884597041874e-06,0,3.2079942298520937e-06,20,1,1,1,0,0
3906,14,-0.34370387070757663,3.1353663317317055,-1.4427064267238066,-3.4874552261770622,-4.9083555599795581,-0.89969298994910152,0.0223527117559,0.00361370170822,4.4775938800246346e-09,0,2.2387969400123173e-09,24,1,1,1,0,0
3907,7,4.9729529898812705,-3.2017457911832867,-2.3620775211876777,3.5838227127259383,1.9734290708375852,-0.11374574205550365,0.753919203001,0.0960212764489,3.3769928292815454e-06,0,1.6884964146407727e-06,11,1,1,1,0,0
3908,2,-2.6182582047233138,0.92698666175242816,-0.47911055750781972,0.60921450731648619,-1.798001497684961,-2.3556519121635051,0.261163396763,0.0217867569017,2.1279686999271941e-07,0,1.063984349963597e-07,9,1,1,1,0,0
3909,7,-3.2514881416042698,1.0103713879837164,-1.8866923716076356,2.6414237270143919,4.7845031596972438,-1.5256963261760206,0.23962536634,0.00113867252056,5.7815275557720318e-08,0,2.8907637778860159e-08,33,1,1,1,0,0
3910,6,5.8641047002559521,-3.4719302471158118,2.292080271787817,-5.7132295218552374,0.42599388062476867,5.1223845465537119,0.0444426968316,0.00488818062971,9.2537763214283879e-09,0,4.626888160714194e-09,22,1,1,1,0,0
3911,11,-3.4463277851483189,5.0301677256756721,-1.195116899303416,4.4612137154427147,4.2666344030853223,-1.5860331745542864,0.431541600724,0.0438926405245,7.7309307505525358e-07,0,3.8654653752762679e-07,29,1,1,1,0,0
3912,14,-1.579016601497643,0.88425551939587654,-0.45243556115229433,5.6662337943212258,-0.12800407455251261,-1.6274606176826951,2.36022030249,0.356355092077,4.425368666898707e-05,0,2.2126843334493535e-05,10,1,1,1,0,0
3913,14,1.1143976097639821,-1.2375786609952382,-1.3713204660289933,1.8465426205370692,-5.5670192242240013,-3.2754939750945735,0.0408002792737,0.00504378142416,9.4140480227492366e-09,0,4.7070240113746183e-09,16,1,1,1,0,0
3914,8,-3.4161396122587644,2.0010313535341924,1.7453192928712777,-1.6320549442669015,5.0628233914331249,4.7835272094398382,0.0582110368211,0.000197753350466,3.4004372946770653e-09,0,1.7002186473385327e-09,9,1,1,1,0,0
3915,11,6.111047007398402,-4.2305952891181775,-1.908580478511837,3.8185164325596448,1.6205818298161097,-0.20076404397529846,0.428822344324,0.0389595277076,6.4625056935968598e-07,0,3.2312528467984299e-07,6,1,1,1,0,0
3916,0,3.2398994223919262,1.5284198595067693,1.4337474087199071,5.125380789463561,-1.8082010998340654,-2.4833672017567885,0.318661843342,0.0207544498925,2.327584681040216e-07,0,1.163792340520108e-07,7,1,1,1,0,0
3917,2,-0.47516853238979839,4.9702561237251528,-0.3070309582624598,2.6100469604393055,3.9224737137193424,-4.845530344924466,4.12241274241,0.0282967897913,1.7238196518956744e-05,0,8.6190982594783719e-06,60,1,1,1,0,0
3918,0,-3.2538712771736247,-0.31800606628973427,0.85855940845576606,1.4155084732995573,5.9728207518084444,-2.3209436923969493,0.115696461966,0.0547319735112,9.2589424021434271e-07,0,4.6294712010717135e-07,10,1,1,1,0,0
3919,11,-5.8936292293807471,-2.2574896473653254,-1.7559943125370929,1.992993425401967,2.0811607783293677,4.2866906768952457,0.0420341654642,0.0140566861261,6.1956356458063424e-08,0,3.0978178229031712e-08,17,1,1,1,0,0
3920,14,-2.3933956997032042,0.16951738756155213,0.68124627343297528,3.696767328075468,1.5173738926393774,-5.9720974830244975,0.0430480632336,0.27461104868,2.2973426849396061e-05,0,1.1486713424698031e-05,41,1,1,1,0,0
3921,1,2.8075580669791984,-0.55415416159956576,0.3035126986697157,2.0217142261690548,4.4950751751840565,4.9438935430810398,0.0227296380292,0.0143487197835,6.3233025252153495e-08,0,3.1616512626076748e-08,24,1,1,1,0,0
3922,12,5.3367863386738712,-2.4323018241913337,0.86384721990540769,-1.7478125621087264,-1.6261647166930719,1.9132275752242467,0.211762506278,0.154204440988,7.2883439147017626e-06,0,3.6441719573508813e-06,19,1,1,1,0,0
3923,14,-0.30289478034322481,-3.9886899778398797,2.3327890702547314,-5.3932348956624683,1.960186682254917,-1.324507468516845,0.0772819428725,0.0025732912328,7.9896227833653843e-09,0,3.9948113916826921e-09,11,1,1,1,0,0
3924,13,2.0192061130683299,5.4991786843295465,-1.1941489261562146,5.7387569499531006,-4.7617580138780315,-4.5031523346155238,2.9788919497,0.0377805021105,9.3085978994745098e-06,0,4.6542989497372549e-06,8,1,1,1,0,0
3925,3,1.0539135316780255,0.35125937553960729,1.2972552247438314,3.5784087351536971,1.5636913302855366,3.6098699173529298,0.0758090322433,0.0424731388861,5.5526694277469267e-07,0,2.7763347138734634e-07,29,1,1,1,0,0
3926,1,-4.671982198611234,1.351544211153753,1.6464471783637151,1.604976940895229,-4.4489975384131002,-3.537594919308817,0.749993441353,0.0596449564781,1.6461729791430225e-06,0,8.2308648957151125e-07,10,1,1,1,0,0
3927,2,5.69426278378406,-1.0076727123564535,1.9842978975559207,3.0761975952105152,0.51244558539229856,-6.1551405760444569,0.482777028525,0.143842689565,6.5358271985337891e-06,0,3.2679135992668945e-06,10,1,1,1,0,0
3928,2,0.52158785248722472,0.079896827615847543,-2.4392386828365691,1.9529409355122316,0.65181929018052831,-3.5903257612941664,0.666187723893,0.0325941573102,7.6742526092858051e-07,0,3.8371263046429025e-07,9,1,1,1,0,0
3929,5,-0.31069848169174669,6.0882221543815973,0.81380396152856194,-3.2428799182895154,-4.1931153054315953,-2.0535903809656935,0.870893342321,0.0153310901444,8.3005320028618677e-07,0,4.1502660014309338e-07,19,1,1,1,0,0
3930,11,5.2030779613018909,4.5648850431480321,-0.66910313411175792,4.0690128863939723,4.0332178843337863,2.5562728392750493,0.179970097943,0.0371892522265,4.5368745898719612e-07,0,2.2684372949359806e-07,12,1,1,1,0,0
3931,15,-0.54466730895788962,5.9324986746691133,2.7938219827855586,1.6463590119978262,1.6434252138399725,-1.7118511512167531,0.059400699597,0.0211685580302,1.4002989988554581e-07,0,7.0014949942772905e-08,18,1,1,1,0,0
3932,5,-5.3093466384967707,4.7967084980039658,0.85460340496594689,4.13664283197045,-4.7988843602290761,4.623119138732581,0.267466518858,0.181533307421,1.0110004879087638e-05,0,5.0550024395438188e-06,21,1,1,1,0,0
3933,2,2.9748529595481794,3.1126514875851874,1.0053366162333586,4.7963893729546587,5.6700552481549265,-0.532757579825059,0.0127338322389,0.109904432143,3.6796311525430229e-06,0,1.8398155762715114e-06,15,1,1,1,0,0
3934,2,-1.1895494822744803,0.12421391065497447,-0.4710891833865446,-4.2733390408516749,4.67818965816745,2.659883367344408,0.695577683729,0.00416307842565,4.891077062219922e-07,0,2.445538531109961e-07,23,1,1,1,0,0
3935,0,1.7210943289183798,-0.33488344736067166,-1.544560471372993,1.2307957213349663,1.1642402493423452,-2.6201200171772219,0.0671714481728,0.0243476156899,1.8509115633900126e-07,0,9.2545578169500628e-08,14,1,1,1,0,0
3936,7,2.2894656524375998,-0.93405986595783386,0.52228219176270074,5.4156077771709725,1.9087065853429774,2.9582134552848478,0.275485756804,0.0132504880469,1.2937573772654845e-07,0,6.4687868863274223e-08,43,1,1,1,0,0
3937,7,3.0266769948398884,4.7264146736893906,-2.5140296833969566,4.0210158852583113,2.4444882822441398,1.8017827715963897,0.0687899584352,0.0236856284843,1.75625171432614e-07,0,8.7812585716307001e-08,10,1,1,1,0,0
3938,11,2.3262983981324816,1.4868811239428257,-1.5487329955343099,0.62287057093713016,4.6807642445985982,4.8428531577422111,0.0491258496167,0.0235499020035,1.7135352565719088e-07,0,8.5676762828595439e-08,23,1,1,1,0,0
3939,15,-5.481285922376208,-4.8849979655642253,-0.75570255041003498,5.2670289863706907,-5.7328872909270832,-2.4696279701025747,0.223777421423,0.127170807085,4.9764754119046189e-06,0,2.4882377059523094e-06,7,1,1,1,0,0
3940,14,-0.94641098019887115,1.3474509717386334,2.8896186713152758,0.56913599737947307,1.655663943960632,-0.63338343561861576,15.2491622149,0.107153691381,0.00023603453914550942,0,0.00011801726957275471,60,1,0,0,0,2
3941,8,4.3270623076555967,-4.6357961285037046,2.0841245713120444,0.065637046111637481,2.3565141544532882,-0.21601088042027305,0.259638204453,0.0297118289396,3.3632605573785493e-07,0,1.6816302786892747e-07,25,1,1,1,0,0
3942,10,-0.46986727674151241,-3.8187115833744358,2.0866274702886041,-1.8042953452970389,-0.9462947629569074,2.4902085576982804,0.177759090013,0.268253187295,2.1951798519617488e-05,0,1.0975899259808744e-05,34,1,1,1,0,0
3943,12,-5.9001063606951689,-3.2365188568626304,-1.081142103750103,-0.75747919370184036,-1.7462361116185647,1.341284770208472,0.0224828793809,0.0627399227616,1.1995703921536991e-06,0,5.9978519607684954e-07,18,1,1,1,0,0
3944,14,-4.6311598023517462,-0.26363461354232698,1.4416902753514138,0.51579019013132432,-1.4005672783380756,5.946135117297918,0.0196587396671,0.00159366486109,1.1601235257190203e-09,0,5.8006176285951017e-10,22,1,1,1,0,0
3945,12,0.36143094827830546,-2.9615040031547379,1.1899595520921915,1.0761388929117015,1.6180993075185452,3.2718908992719569,0.00438659782928,0.0219660151127,1.4699892014026321e-07,0,7.3499460070131605e-08,19,1,1,1,0,0
3946,13,0.27179065577056083,1.2221858529059511,-0.751996793974124,-3.5322504579993477,5.6526416558637065,-0.58019863593589049,0.231195546188,0.000839449434935,5.3666036965201651e-08,0,2.6833018482600825e-08,13,1,1,1,0,0
3947,0,1.5369882818049361,-1.3205719060036551,-3.0179646163954441,2.7113376899501835,-4.1824155020456351,-3.8092477104496707,0.125750170451,0.0677503566294,1.4140408209299342e-06,0,7.0702041046496708e-07,9,1,1,1,0,0
3948,15,2.7307048184716152,-2.4214054674399321,-1.7463269177284264,-0.48674450834232302,-1.2658660301532119,4.6269143544880302,0.0447906433712,0.0141216550309,6.2753355098176105e-08,0,3.1376677549088053e-08,21,1,1,1,0,0
3949,11,-0.93419154052226616,0.68879862020438853,-1.7243973486132484,-0.42410815994002293,2.0269556112117941,-0.60149781843511285,0.491838157354,0.278069920363,2.3795801155154196e-05,0,1.1897900577577098e-05,10,1,1,1,0,0
3950,15,-1.7424558723434727,-1.1966094222589769,-2.8577101778376677,5.2816881151055011,-2.6647501892927177,2.5962663009956874,0.101781375747,0.0188364050512,1.1844080245611606e-07,0,5.9220401228058032e-08,14,1,1,1,0,0
3951,11,-2.9645864094638199,3.6856749548009646,-0.99651177945005509,-5.3500906640055677,-4.1497752229446192,-5.1241005327067848,0.16158601112,0.0105388202604,5.9942900462095758e-08,0,2.9971450231047879e-08,5,1,1,1,0,0
3952,5,-5.1451358975179566,-4.0078187253034736,-1.7117839802538577,-2.3725263816916184,1.1130887503776756,3.2959628874029789,0.181676781206,0.0217475988414,1.7707771532238555e-07,0,8.8538857661192774e-08,25,1,1,1,0,0
3953,1,0.2885576347398518,-1.4739534948424478,-1.0735252039528427,-4.7694044859700364,1.5001388822057995,5.248575786658435,2.14624517066,0.0173433991776,4.6979952709275576e-06,0,2.3489976354637788e-06,6,1,1,1,0,0
3954,2,-1.5907043669548853,-4.9115839472746687,2.0895591318189743,-1.6778195631757413,-1.4133826008838015,-3.0514716140548397,0.0265406295849,0.0226117958134,1.56453253836842e-07,0,7.8226626918420999e-08,19,1,1,1,0,0
3955,1,5.6017999953262594,-3.8177849327925806,2.491513924642311,-0.30562225125958797,-3.638037716139114,5.0088890271049449,0.138772582863,0.0871104875523,2.3307670180984267e-06,0,1.1653835090492133e-06,24,1,1,1,0,0
3956,7,-0.77444151929136018,-3.3425443727175517,-0.85241169161309449,2.6778290901860138,-5.4627138204944119,-0.57265275284366879,0.860302218826,0.0100627834023,7.7096534878345792e-07,0,3.8548267439172896e-07,24,1,1,1,0,0
3957,1,4.6203776351504011,1.0847194878228588,-2.763745752637178,-3.4867560107706215,4.4947674708285241,-2.8536508375854202,1.08915198044,0.0596535282471,2.2702463550476473e-06,0,1.1351231775238237e-06,16,1,1,1,0,0
3958,9,-0.40124591691713113,1.8028639789756495,-0.33692280700327437,5.3664600775662956,-1.9126003366275219,-5.453347111081813,2.61481089793,0.0240520460158,7.0134574887738618e-06,0,3.5067287443869309e-06,13,1,1,1,0,0
3959,5,-1.9989280355321475,2.8076416353252474,2.4716072938769598,-2.2176768336308936,4.0640553838976263,4.6358337721006198,0.0495961541436,0.00525596506837,1.0874886146838468e-08,0,5.4374430734192342e-09,15,1,1,1,0,0
3960,13,4.6178738995330813,1.8319906983558947,0.97042279656030117,2.1971676698256326,0.0099486271245456497,5.9323484979779453,3.71859612346,0.032078182514,1.4141411437575369e-05,0,7.0707057187876844e-06,25,1,1,1,0,0
3961,6,4.4954669690173867,2.1281791730073998,0.73918648949799515,-2.8354131349461134,2.8469749467014327,-4.1704169840590515,0.415064673537,0.132650307085,5.5323584727561885e-06,0,2.7661792363780943e-06,6,1,1,1,0,0
3962,7,-3.3435638400818579,1.0201597230210637,1.1489358327428874,2.3408815510837755,-4.2888228745184254,3.8789760428672282,0.846342138865,0.0305328707669,1.0002764934102555e-06,0,5.0013824670512774e-07,9,1,1,1,0,0
3963,5,-1.6680062325522809,-3.1996111733022503,2.3655239981644107,4.8421101507654303,-5.1683379792800181,-5.2855701707398666,0.0406207393132,0.00309220937927,4.5627227704058511e-09,0,2.2813613852029255e-09,31,1,1,1,0,0
3964,3,2.0959614752957041,5.5416179891732487,0.98075548999145912,3.5937543434486368,3.0454677525047482,1.848347515281809,0.0426474773304,0.000659058576139,1.9511203988603555e-09,0,9.7556019943017777e-10,50,1,1,1,0,0
3965,2,1.5484249982005818,2.3719842123197155,-0.33176503894148462,-1.3587746262801021,-1.07549716220618,-6.0262239144582521,3.08372025074,0.264701724184,3.0852960185732643e-05,0,1.5426480092866321e-05,17,1,1,1,0,0
3966,4,-3.7076163576142314,-1.4690094128357216,1.2889466393375444,2.1910395372443339,4.8007516004790878,5.2901852424493763,0.119764899751,0.00228475092151,1.5933760576262701e-08,0,7.9668802881313506e-09,27,1,1,1,0,0
3967,3,-2.5259400280653432,-5.5742110167469479,-1.5681917080647461,-0.48965197829738388,-4.8981743815306302,-5.355968507770922,0.0403088031291,0.0136968758845,5.8772370618119326e-08,0,2.9386185309059663e-08,23,1,1,1,0,0
3968,12,6.0335637896504153,4.5757835533467341,-1.7642084701555019,1.5290670833025082,0.96740759091800843,4.9713509098661532,0.0250019126822,0.00166554781622,1.4701194473840503e-09,0,7.3505972369202516e-10,19,1,1,1,0,0
3969,0,3.3464066575289064,1.2965319376523561,1.574683820747421,-6.1442733677347308,4.1940002922198572,-1.0085478977301785,0.0514975437296,0.000923795780478,2.9119571031779707e-09,0,1.4559785515889853e-09,5,1,1,1,0,0
3970,2,5.6490362106818983,-0.1235144851172767,0.8243586885596238,0.86038409137513239,4.8828982031032027,-4.3118879178658034,0.184796043029,0.0694022426863,1.5013915578062438e-06,0,7.5069577890312188e-07,19,1,1,1,0,0
3971,3,5.8354315057583301,-0.33470511301302275,-1.3216420598580148,-3.6485386932784363,4.7195575461690851,-3.5381698340547438,0.0580303779917,0.0191980006065,1.1563830409447883e-07,0,5.7819152047239417e-08,41,1,1,1,0,0
3972,15,2.0846544728169958,4.5411548878173242,1.4920688311078407,4.1797734461545781,-5.5863103386923214,3.957773480639351,0.6774701782,0.00591235619779,4.6961403541474127e-07,0,2.3480701770737064e-07,7,1,1,1,0,0
3973,9,5.0266345906936776,2.2554111705416298,2.7252449883948828,-4.6901577820880513,1.171972707058889,-0.066726736177501772,0.0387756738949,0.189887279635,1.0985148374710873e-05,0,5.4925741873554364e-06,10,1,1,1,0,0
3974,1,4.929975478502743,3.5506163002515958,-2.94561672550173,0.93559855762196309,-1.896672701688507,3.1251552754344067,0.561766812992,0.000516164840786,3.1566311022378866e-07,0,1.5783155511189433e-07,19,1,1,1,0,0
3975,14,1.1516280389246156,-3.140415018232527,1.2160749277154248,-2.4377343669736118,4.7616019328284693,0.81446409896612937,0.0451928470525,0.00878581042853,2.5555953670434322e-08,0,1.2777976835217161e-08,23,1,1,1,0,0
3976,5,2.3995988112196427,-5.103221514194936,0.60899484765461875,-3.0389225220269367,-4.2257548176742423,-3.2222143550873166,2.12034702678,0.126712480175,9.3868248387076928e-06,0,4.6934124193538464e-06,11,1,1,1,0,0
3977,11,3.8229162674129351,-1.5617246957782174,0.40113685316157277,-2.0406976703272393,0.44076762023702942,-3.6140794123847324,1.34056060457,0.224311495426,1.7124125292523129e-05,0,8.5620626462615646e-06,23,1,1,1,0,0
3978,0,-4.1751710777584909,-1.7343843792330687,-0.74486456131840995,-3.8713407257582717,2.2681610917199548,-1.4643698393769071,2.69147914177,0.0100119223355,7.2745943908604169e-06,0,3.6372971954302084e-06,20,1,1,1,0,0
3979,13,-4.1607092158366275,1.8696883594205183,1.0458351173028486,5.536291097490583,4.713372159802395,-0.44359622298776186,0.238173217823,0.0285938804674,3.0578473033637746e-07,0,1.5289236516818873e-07,9,1,1,1,0,0
3980,15,-0.030324244638153912,-1.9588284492929404,0.99164746096434053,-0.23545591893435411,2.4905513811463109,5.0534651862842965,0.128523251932,0.00870833512,3.9618918949585078e-08,0,1.9809459474792539e-08,43,1,1,1,0,0
3981,11,-3.6092137888922551,4.0016869986792862,-2.5117909790566437,-0.54254229996459047,-0.2701297295105517,-0.65893655413582342,1.446657296,0.0326439396822,2.4174258177221759e-06,0,1.208712908861088e-06,16,1,1,1,0,0
3982,13,2.5316676628376329,-4.8945952708991252,-0.76770857572539863,1.1427217655174549,5.1034310535084568,-0.31438860970872556,0.216506299796,0.0288150989053,2.998018448040664e-07,0,1.499009224020332e-07,11,1,1,1,0,0
3983,3,1.1986056877133784,1.3977252979143076,1.2948031473218615,-3.736532405114775,2.2028170712870914,2.7336861450169776,0.109611428371,0.0262492675902,2.2190339321365278e-07,0,1.1095169660682639e-07,13,1,1,1,0,0
3984,2,4.4094318171621891,-4.1655986398132541,1.2591274121310976,-1.8979816832478356,4.9203206964930821,3.0301219977225657,0.16945410746,0.00137360125983,2.9289440718602129e-08,0,1.4644720359301064e-08,12,1,1,1,0,0
3985,11,5.7116560536536962,-1.0464559184895852,-2.037230241607237,-0.15386982935008178,5.0713185641527687,-2.8753782891897535,0.203970063984,0.0492112467696,7.793100512187518e-07,0,3.896550256093759e-07,14,1,1,1,0,0
3986,5,3.3011857139548848,-3.4611522945927855,2.6391281834478426,1.7817164089306812,2.4584115416804075,3.316770479522138,0.040291601523,0.0518180721507,8.1955548563192178e-07,0,4.0977774281596089e-07,8,1,1,1,0,0
3987,2,5.4004959028306043,-2.0984618651708091,-2.2681564053550107,1.1718868255839836,2.745794065855947,5.1284218869596998,0.348984239535,0.0551116604284,1.0470030005611021e-06,0,5.2350150028055106e-07,18,1,1,1,0,0
3988,7,-4.7231328437147546,-3.2253999315323685,-1.0960477150545673,-3.4199876987771778,1.8115419694745756,3.0231905985881933,0.298784045071,0.0671932296533,1.4645982665908806e-06,0,7.3229913329544032e-07,35,1,1,1,0,0
3989,8,-2.5849096616368596,2.3834345859609618,2.7227826218159183,-0.30964505554538413,2.8073468527843026,3.3865730461557777,1.92303358442,0.569070632494,0.00010234578521464662,0,5.1172892607323312e-05,20,1,1,1,0,0
3990,15,-0.022297075810210672,-0.1983110997774768,-0.71970798744484099,-1.1230804403197074,-4.5778359154232717,-1.0338127854184642,0.0296971976073,0.227124183445,1.57146917574267e-05,0,7.8573458787133499e-06,9,1,1,1,0,0
3991,3,-5.0663589767042501,2.1388693953203846,0.31400076173948199,5.2049502305205797,4.0519148786450963,1.2620007478062814,95.3638439591,8.03566295659,0.028763981952669795,0,0.014381990976334897,60,0,0,0,0,3
3992,0,-0.30232831692084822,-1.5685675291408314,-1.7213982717061636,1.1886822929416281,-4.2107342169898168,4.4528762751907696,0.0321044360433,0.181438633192,1.0029029335179132e-05,0,5.0145146675895662e-06,20,1,1,1,0,0
3993,7,4.8297832856301168,-2.8969590414258861,-2.8034821154435159,1.537396465003704,-1.9384096299062576,-5.0390619216532553,0.0111151567816,0.13470714634,5.5277158991933867e-06,0,2.7638579495966934e-06,27,1,1,1,0,0
3994,9,3.4344926852270898,5.6246686201277116,-1.3890623874873449,-2.450615129703015,4.7281909900271772,4.2858748205753034,0.211123874783,0.00369801599099,4.8739031887721012e-08,0,2.4369515943860506e-08,27,1,1,1,0,0
3995,9,-1.8224446926016531,-0.83912409667916554,-2.1407459817415626,-4.7201587941731669,-4.5649302525727711,-0.67823051834405157,0.16214808928,0.536985598027,8.7863801055705881e-05,0,4.393190052785294e-05,55,1,1,1,0,0
3996,2,3.5276704363518685,-0.12442774764199421,-0.71083906560162047,-0.36265273263719516,1.8802813354996655,1.7429512711539425,0.338884366625,0.0275526714689,3.4609283833339611e-07,0,1.7304641916669805e-07,26,1,1,1,0,0
3997,10,-1.2987229543472734,1.0588371580290423,-2.1714296859339428,-1.2204878942343655,-4.8216559520726676,6.0600393788974358,2.48367583613,0.0586068388338,7.2149338623823231e-06,0,3.6074669311911616e-06,12,1,1,1,0,0
3998,2,-0.043116169970446643,1.0759432782553104,2.4446914894076004,3.9438172998807501,-2.307785090298057,1.4200321152333748,0.0480601060428,0.00319004735422,5.4096831500190252e-09,0,2.7048415750095126e-09,25,1,1,1,0,0
3999,9,-5.9726921991510427,1.0263919111316704,2.0510984537983998,-4.5022884695010594,-5.4087613320922951,-2.1307618361393357,0.0101724629751,0.122087880319,4.5405633573687873e-06,0,2.2702816786843936e-06,19,1,1,1,0,0
4000,14,3.937000663715144,5.086950937747508,-0.98433489477874425,0.73719229584025392,1.8671765287520012,0.80005974389990764,3.82764223557,0.0367058657836,1.5061262403085201e-05,0,7.5306312015426004e-06,17,1,1,1,0,0
4001,0,-2.5049843669074634,-4.2898662036719291,1.2631112240304991,2.7076684315261641,2.8042412118708593,-4.1258030339129039,0.0704345977573,0.0193120963574,1.1857025161171432e-07,0,5.9285125805857162e-08,14,1,1,1,0,0
4002,10,5.1374038829958133,-5.92974706510046,0.43173560413250189,4.16108268550484,-3.327838239555827,-6.0512931602820652,0.665457322107,0.162061266231,8.4432608904992322e-06,0,4.2216304452496161e-06,10,1,1,1,0,0
4003,12,5.9235827192368573,2.5083138522127624,-2.6131188554680707,-6.1961709520134214,1.4223697981677033,-5.2057528002573719,4.99047077745,0.184430034005,3.5266188749967713e-05,0,1.7633094374983857e-05,37,1,1,1,0,0
4004,2,-2.1475901205948307,-0.41935481827276111,0.34826477608256595,5.4479564474863942,-4.523797866661206,-0.70883148874313229,0.0914351400544,0.437400003042,5.8287388223417606e-05,0,2.9143694111708803e-05,23,1,1,1,0,0
4005,2,3.1350169172734192,-5.8368378738470952,-1.7645962310648311,5.5132394547503907,-5.8563566282315715,-4.701478676599125,0.0640065268652,0.0694411928551,1.4729861792344937e-06,0,7.3649308961724687e-07,16,1,1,1,0,0
4006,4,5.2242161223131607,-4.7109537142117013,1.5827344304025033,-1.2773292061702874,-1.1521503836179658,-3.9134835369080037,0.0228564143449,0.0410214246258,5.1311959592964644e-07,0,2.5655979796482322e-07,32,1,1,1,0,0
4007,2,4.0441249392928302,1.3638988906244589,1.2063243277187625,-0.84507345633732966,-1.3306250085826434,-2.5795858656969735,0.0478583388661,0.0545818272834,9.097992870847734e-07,0,4.548996435423867e-07,17,1,1,1,0,0
4008,8,-5.0641504987574839,-4.6315204718330207,2.7936286635842924,-0.85295111165535797,-4.4594732867220914,2.7808072210871848,0.156804986628,0.020492486628,1.5250945482945978e-07,0,7.6254727414729889e-08,10,1,1,1,0,0
4009,15,-3.2873161445998571,2.3527400907228966,-2.8820940439180318,5.1588864535769954,1.8027645959793901,1.9010466049504033,0.176198685658,0.0245848009101,2.1516053350515245e-07,0,1.0758026675257623e-07,17,1,1,1,0,0
4010,6,6.0716865354416045,-5.8500345291569928,-2.9721749540541924,-3.3626060927183068,4.0827622937051045,-4.7360999010528548,3.76063833135,0.239433908697,3.1605689845815732e-05,0,1.5802844922907866e-05,34,1,1,1,0,0
4011,14,0.64700711128949195,2.0951512695943375,2.8718125846382652,-2.0259932311452489,-1.6598152841022042,-5.5099789124777514,0.100170785566,0.0333961626032,3.4977511453175411e-07,0,1.7488755726587706e-07,25,1,1,1,0,0
4012,7,4.5643273034876408,-4.5491373214340527,2.6048024397539749,5.2188332802313866,-3.0810013879651268,2.8366264112749082,3.30030588963,0.087697965903,1.3234811199431044e-05,0,6.6174055997155218e-06,54,1,1,1,0,0
4013,10,5.2488675150915851,-0.091787304743153553,-1.9985890705357314,-5.1162263487936572,1.7859422017369764,-0.73615309900071679,0.0316225811528,0.000392555482794,1.0469291243836848e-09,0,5.2346456219184242e-10,17,1,1,1,0,0
4014,2,-4.6037418671185062,0.50664780743614479,-1.4802503317971742,5.3169204535932746,-4.2788891118633199,1.4781190617014157,0.0458424359928,0.152268963528,7.0649114488235938e-06,0,3.5324557244117969e-06,12,1,1,1,0,0
4015,2,5.2376363550723752,-0.77294968545179543,0.835071312621952,-2.5844807486652663,-0.26807380502463779,-0.09426099975917987,0.113153392722,0.175518822764,9.3971090253637187e-06,0,4.6985545126818594e-06,28,1,1,1,0,0
4016,6,-0.047718135671878832,0.54235636580186841,-1.4713374341708054,-3.5083151369234264,5.0918397370980708,1.842734573409208,0.0267158148266,0.148856748799,6.7505275526915931e-06,0,3.3752637763457965e-06,24,1,1,1,0,0
4017,6,-1.8697635496850222,-3.0446636560219753,2.3203970346548974,-3.8030636133252624,4.6940178865556952,-2.6632122260323197,0.0261565760012,0.0177149540385,9.6279082258789216e-08,0,4.8139541129394608e-08,15,1,1,1,0,0
4018,6,1.2455424693899655,4.582911340795178,-1.461460337225545,3.9004710234168543,-0.94004328443879281,5.5789907239539875,0.148375366632,0.034681038993,3.884013037293252e-07,0,1.942006518646626e-07,27,1,1,1,0,0
4019,13,-2.9988027091475327,0.16759081760700717,0.76579516423608096,5.2734873120618078,-4.6771653088977496,1.6808918311744252,0.0169118052564,0.826042123102,0.00020785463877539423,0,0.00010392731938769711,38,1,1,1,0,0
4020,4,-2.2978402384251275,2.6057075878697917,2.5853574245395894,5.1945863645593811,-5.2000909091733405,0.85114256094160978,0.0586503976024,0.000444928108405,3.5001715145496665e-09,0,1.7500857572748332e-09,32,1,1,1,0,0
4021,7,-3.4547367940674523,2.9797212139329945,1.9647405073426554,-2.2599615462366627,-3.2466429776915069,5.52373760853225,0.560414494818,0.0626173176087,1.5084475180300987e-06,0,7.5422375901504936e-07,7,1,1,1,0,0
4022,8,-3.6512432264840728,-0.43480616487209417,-0.27321410099686327,-1.3205003907641604,1.8369100005735755,3.3880261515191843,0.0512752177495,0.402494234333,4.9351141182771944e-05,0,2.4675570591385972e-05,19,1,1,1,0,0
4023,12,-1.1803307008078441,-0.40195544455879961,-2.2930555362041782,-0.74019274967815785,-1.6626516700996088,2.1238503026208355,78.552860708,0.667143384446,0.0063061311365904182,0,0.0031530655682952091,60,0,0,0,0,3
4024,15,4.2809969153020173,-5.7065298193762359,2.8825218951188782,-2.4520765960102398,-1.2994363387149168,-2.6940752410803088,0.864312738326,0.0026785571891,7.492220386741393e-07,0,3.7461101933706965e-07,21,1,1,1,0,0
4025,1,-3.815963888396797,-2.4975864900163507,-1.2037428832646948,1.9355282495785917,-4.6590129558059896,2.6405633608409831,0.134659572794,0.0440697718379,6.0974433528075125e-07,0,3.0487216764037562e-07,12,1,1,1,0,0
4026,14,-2.2283321940796532,-3.2428577418498281,2.554359977159693,-2.3232760584203755,-1.8843133602708597,2.0914494676671436,0.667699243607,0.0651382877803,1.7383129365530781e-06,0,8.6915646827653903e-07,16,1,1,1,0,0
4027,0,2.2676038456518883,2.2131787645566865,0.11241046122812984,6.082949456988767,5.3712261240202599,-1.4642530278277943,0.0284648492751,0.508034934483,7.8622412357621743e-05,0,3.9311206178810871e-05,53,1,1,1,0,0
4028,5,-1.5344604104508162,-4.1709463700337475,-1.0421235325013691,-4.248181657751779,4.7016805296120676,-3.1680191787405239,57.7569798735,0.100358771072,0.003338936795094925,0,0.0016694683975474625,60,0,0,0,0,3
4029,5,-4.944925409449926,0.33992490489908284,-2.8681214572966645,3.1021306559284123,4.1130403915039064,5.9297044830057697,0.228510877839,0.774610215802,0.00018282906192392223,0,9.1414530961961114e-05,35,1,1,1,0,0
4030,14,2.2734891313529455,-2.5057126154601876,2.0870737225086691,5.0733800107021585,1.3897165152628066,-3.6887992568016523,0.0441194711178,0.00362248518544,5.9438390317564167e-09,0,2.9719195158782084e-09,23,1,1,1,0,0
4031,15,5.2156298839140867,-2.2057310794924274,3.0300024942882002,2.9804118260753176,1.7474248464878341,-0.31003756526237897,0.706852627621,0.00793832721343,5.188367249812354e-07,0,2.594183624906177e-07,30,1,1,1,0,0
4032,0,-3.7962317306596409,-2.8428982035191694,2.3237991770902671,-4.0899462321676188,-1.5240931389460426,5.4296475061081777,0.0348094500677,0.000167305678394,1.220224418095098e-09,0,6.1011220904754898e-10,60,1,1,1,0,0
4033,14,5.9464459430144894,2.0428634016808749,-2.9646945059671332,1.2148177624523424,-1.5507666321237779,1.4918998598676758,4.97827833403,0.0102665264085,2.4815362323689134e-05,0,1.2407681161844567e-05,14,1,1,1,0,0
4034,13,0.76707788617610229,2.947655183281134,-2.3465498316546616,1.2304228180148797,4.6296681043640966,-5.120140141799018,0.0152053295849,0.000716955166296,3.8778292879684316e-10,0,1.9389146439842158e-10,22,1,1,1,0,0
4035,6,0.50307481305719981,-4.3624192611788306,2.5263157747628346,-5.9557669886067055,-4.1992151347705535,3.7972080604060965,0.212252213933,0.0605570090317,1.162129182350926e-06,0,5.81064591175463e-07,16,1,1,1,0,0
4036,7,-4.7734399595544632,-5.7575211090100966,1.458158587401206,4.2811686908215325,3.9244684028757431,-0.72903414172569725,0.173918005655,0.00172608780756,3.1155043470986325e-08,0,1.5577521735493162e-08,13,1,1,1,0,0
4037,3,-0.81773674436340105,4.018535293371901,-2.5567411066113146,-4.6650812520087115,-1.6366762570836324,2.148871169239583,0.103026291104,0.107822068002,3.5519741889870975e-06,0,1.7759870944935487e-06,15,1,1,1,0,0
4038,14,0.086074905969141344,-0.78975610688111397,-2.4051419399465099,-1.8751683507627708,-0.45334797513632491,-3.9657763029637358,0.0932253225548,0.00298960167246,1.1413545410122705e-08,0,5.7067727050613525e-09,25,1,1,1,0,0
4039,1,-3.4094168386625863,1.0081832393748864,0.77826446533919158,-4.3313952276783976,-4.0003737592588768,-2.5961405760098639,0.389184890564,0.00790728299936,1.7051112111929766e-07,0,8.5255560559648828e-08,32,1,1,1,0,0
4040,2,2.2569366571640628,-0.48740165003280339,-0.76751950412662517,-1.8237215870125503,-5.0553746089022207,-1.1441601355489763,0.0977674067911,0.157030829422,7.5210223659056656e-06,0,3.7605111829528328e-06,13,1,1,1,0,0
4041,5,1.1102565118235999,-0.051164310691318438,2.3056711842060742,-0.26643104220030323,5.8742735759513351,1.3912231048831443,0.0543771657243,0.0682453596932,1.421690917422685e-06,0,7.1084545871134248e-07,12,1,1,1,0,0
4042,15,1.2284266038061238,-4.5156171565035539,-1.7440469123831175,-2.3617877294432126,-4.4463062912426867,-1.3759176003415454,0.0403168518414,0.00298580746055,4.3411269105342921e-09,0,2.170563455267146e-09,21,1,1,1,0,0
4043,10,0.97145976688044333,0.88560684616995133,1.3825914771980925,5.8155212734864605,-1.379400934292158,-5.3406412358615016,0.46291595961,0.033727238879,5.6080161640929906e-07,0,2.8040080820464953e-07,25,1,1,1,0,0
4044,11,1.3941149856175938,1.6937089059115993,0.82452756882257994,3.1403948003111739,5.3782614123216579,-3.4471372320482345,0.450565736921,0.332835887337,3.3948444360661949e-05,0,1.6974222180330974e-05,15,1,1,1,0,0
4045,9,-2.1488006076002901,1.6177152199807754,1.9453639109490819,-5.3301627464518351,-4.5077808845187635,-5.5990811318262903,0.0250817212798,0.035258549734,3.7931890773636835e-07,0,1.8965945386818417e-07,16,1,1,1,0,0
4046,7,0.19906621679842029,4.4637406066042864,-0.47021106981016914,-1.4584850909297158,5.8973494289305517,-4.8317073127154107,0.531647645107,0.000770270933547,2.8282995333655122e-07,0,1.4141497666827561e-07,38,1,1,1,0,0
4047,9,4.6672646392161266,-3.1179978973089635,1.2201309984157314,3.617039848822591,-2.512615015922711,-1.9114881510453698,2.0082761924,0.0866420343351,6.3198881403851645e-06,0,3.1599440701925823e-06,6,1,1,1,0,0
4048,10,-5.3847571302349886,2.1695984624194469,-1.732435382429528,2.7016843693891972,5.7612033047017217,5.2677205437438737,0.302367542099,0.0425601564868,6.4320004802790805e-07,0,3.2160002401395402e-07,26,1,1,1,0,0
4049,1,3.6108424604588074,0.90473888300658389,2.2583619111734796,5.5852532578298693,-1.854804131523911,-1.668585621175128,0.0171034205798,0.0637684718386,1.2389942861222344e-06,0,6.1949714306111721e-07,32,1,1,1,0,0
4050,2,-1.6732270594950023,0.37017147889590152,-2.7054619327620162,4.1637737534780133,5.0823676685772128,3.5235961790514332,1.36605751473,0.0278966735195,2.1031738402992004e-06,0,1.0515869201496002e-06,53,1,1,1,0,0
4051,12,-0.77587322922484769,2.0215865396885651,0.63074670064036165,-3.3475260570289613,1.4868960261591424,5.2802954440170291,0.234749494253,0.00147568456921,5.5770673637329402e-08,0,2.7885336818664701e-08,25,1,1,1,0,0
4052,0,0.77497700229579281,5.0456534627318002,-3.0552049974171918,-2.364956584133465,2.2616239112307723,4.1831973832409899,15.226736401,0.0667137149439,0.00023320926819643211,3.7496496295321177e-07,0.00011661588304710466,60,1,0,0,1,2
4053,12,-3.1000860535760308,0.26074093165305273,1.7527015080886317,1.9825360135114269,1.703679712101325,-4.2512185456742646,0.0202128406435,0.272567672734,2.263139202200722e-05,0,1.131569601100361e-05,11,1,1,1,0,0
4054,10,3.6352052539201889,4.9853648919463405,1.4475165222889397,-4.0166603401242247,5.046995845876415,-2.717676498192886,0.0275826839626,0.00149006788026,1.4371472086336512e-09,0,7.185736043168256e-10,12,1,1,1,0,0
4055,4,-0.43222197125990874,-2.6565982453303416,2.6631736086949411,4.5037662085854793,-4.1830581892847292,-0.30753917274678894,0.0667735312066,0.568052111054,9.8299382763016298e-05,0,4.9149691381508149e-05,31,1,1,1,0,0
4056,9,2.8165560749507361,5.4862734378366014,0.54460805336694429,5.3268926922978519,2.549027881115058,-4.4326913501816811,0.916167553752,0.226189912725,1.6424161833512476e-05,0,8.2120809167562381e-06,10,1,1,1,0,0
4057,6,1.5302174883009088,2.348837525123157,-1.0427903703958605,4.393739464782934,0.63692484416711148,-3.7069910989820105,0.0517095458955,0.00445894434108,8.7303369205114861e-09,0,4.365168460255743e-09,10,1,1,1,0,0
4058,0,-5.9652422677629389,0.80874102448392138,-0.2012430043644676,0.41629344847382704,5.2120999542434232,-4.6400648939343512,1.01087980594,2.38680434752e-05,1.0218781555834096e-06,0,5.1093907779170479e-07,20,1,1,1,0,0
4059,13,2.3951269618998383,1.5900147519062726,2.7484999712863312,1.7335718983791253,-3.0171027284993297,3.7090133335450126,0.240305123414,0.0266027720958,2.7332657982903419e-07,0,1.3666328991451709e-07,16,1,1,1,0,0
4060,9,-2.3179217402977108,-5.3402797622234051,2.2955634441844999,4.6426323475594025,4.3702918427127164,3.7995419385162608,0.143362762131,0.0650689084776,1.3102917205495414e-06,0,6.5514586027477072e-07,24,1,1,1,0,0
4061,4,1.917335242370295,1.0564454154634881,-0.97819836136231797,4.6238656755772318,-4.7502658411913474,-3.4245945426770699,0.0220599321953,0.000332691632594,5.2035679838881653e-10,0,2.6017839919440827e-10,24,1,1,1,0,0
4062,5,-0.91481462759747678,-3.7856611712231945,2.1287956329302453,-2.9832562005850112,4.3908821712876707,-3.4828459787763069,0.0476655403488,0.00501219441568,9.9246308435683533e-09,0,4.9623154217841766e-09,18,1,1,1,0,0
4063,15,-0.13331963296170399,5.821307697742351,1.7147347471462284,0.1755162664349908,4.3052226988309412,-4.532644128131011,0.0394289385524,0.020215414319,1.2604050253425479e-07,0,6.3020251267127393e-08,13,1,1,1,0,0
4064,2,3.0952478050132632,2.5361879550019264,-0.78392082774465821,-0.99078995400078929,3.8260747635446628,-2.5424020675409471,0.444487169092,0.803762423118,0.00019699078901432528,0,9.849539450716264e-05,25,1,1,1,0,0
4065,15,-1.8923868738127927,-1.851807912152478,0.66737352397892225,3.4814362295683523,4.303003536486953,-2.1216658243361857,28.4715868366,4.06847701594,0.0058528126909219826,0,0.0029264063454609913,60,1,0,0,0,2
4066,9,2.3155687622655696,1.3201424588550135,1.6627917268472683,5.7532772610125864,4.8506588345406465,-1.2402555190369218,0.0151509020756,0.554445571307,9.3642637528244967e-05,0,4.6821318764122484e-05,21,1,1,1,0,0
4067,6,5.4391638741490169,-4.5349736287077587,1.8818262434229491,-3.1344200696034825,5.6484631100312503,-2.9760972663128258,1.30374680616,0.077332305047,3.5214548438856092e-06,0,1.7607274219428046e-06,20,1,1,1,0,0
4068,3,-4.2272970901321152,2.5199913728119538,-2.0414678993137247,5.4911929472912826,2.6909094012364947,3.1557340856527891,0.0682427805518,0.509652909757,7.9127840332377701e-05,0,3.9563920166188851e-05,23,1,1,1,0,0
4069,4,1.9014233677533963,-4.8429133837138503,-1.3817706199249422,5.212188520294406,-5.309632814507534,-3.6404255579226872,0.0499527275567,0.132072409359,5.3159738826823032e-06,0,2.6579869413411516e-06,19,1,1,1,0,0
4070,3,-4.143711504300672,-3.4263230360368531,2.5841663936015649,0.12912437253676057,-4.5309603459470642,-3.9122273566177497,1.8879522627,0.0388434409281,4.0239744397109157e-06,0,2.0119872198554578e-06,39,1,1,1,0,0
4071,15,-3.269042440827703,-5.4363454349389819,2.1641379358187698,5.0153928816977205,-1.7172557917046887,-1.6522052546940875,0.0478121205364,0.0402074235024,4.9474176151333688e-07,0,2.4737088075666844e-07,14,1,1,1,0,0
4072,14,2.1734737181804689,-2.9076422448682271,-0.33961730668511259,-4.1389529416631214,-4.185270637716962,3.2025756588512384,0.235981259957,0.0321364891061,3.7028199311238368e-07,0,1.8514099655619184e-07,16,1,1,1,0,0
4073,12,-0.752517132114495,-4.6977965763712541,-2.8892206679320327,2.2872461160314841,4.7624749704757727,1.7504752210110195,3.63859957879,0.295364960656,3.9814370715915616e-05,0,1.9907185357957808e-05,23,1,1,1,0,0
4074,6,-1.0133780382155793,-1.6750395370989075,0.95320257552487297,-4.1464348292394746,4.2352148200688902,2.765320510823337,0.276868447342,0.000145640396687,7.6662598411585989e-08,0,3.8331299205792994e-08,19,1,1,1,0,0
4075,9,1.2446142255704,5.1528168609478291,-2.2980654981509714,3.2909259757584803,5.7757653981133625,2.6687029667788922,0.157247496956,0.199657010293,1.2167667146697518e-05,0,6.0838335733487588e-06,17,1,1,1,0,0
4076,8,1.8758553011359631,4.1823949893421251,0.89325434865254372,1.3545266217150029,-1.8340467530876285,5.3615770144037258,0.484979765878,0.0322111452855,5.5126357777880437e-07,0,2.7563178888940219e-07,21,1,1,1,0,0
4077,6,0.1302244385125042,-4.0584216144684637,-2.5800846884858508,-4.7501394845600773,-1.9552502225426931,-4.0269436718765146,0.692897561636,0.00497942571704,4.8765992251048219e-07,0,2.4382996125524109e-07,29,1,1,1,0,0
4078,10,-1.7508957347959042,-4.692117226553882,-1.8089451340978524,1.0001101450911112,-2.8194261741594193,3.5713225048643062,0.0367469995735,0.138865491173,5.8754783235631263e-06,0,2.9377391617815631e-06,51,1,1,1,0,0
4079,15,-5.0338610264801833,-2.3431473993081546,-1.3330545319192471,1.9994527917965628,-4.7799453541995405,-2.762705551572346,0.327836242746,0.0105922252706,1.4165322541676117e-07,0,7.0826612708380587e-08,13,1,1,1,0,0
4080,14,-3.8054928551121043,-5.5564060023202524,2.5590426906264967,3.3961935955718721,1.0164266325342117,0.92359366333984849,0.206309775704,0.0117157998377,8.4375500184382688e-08,0,4.2187750092191344e-08,17,1,1,1,0,0
4081,2,2.861265293766587,-1.3507268844586773,1.9345208586019829,6.0924670945071151,-1.4320491485499216,-0.82685984814858471,0.0564028187209,0.00439549488583,9.0666008302254256e-09,0,4.5333004151127128e-09,37,1,1,1,0,0
4082,8,2.343086794623316,1.56894184587378,2.2125304545959392,-2.1485596940204381,5.1562097545724814,-0.34717723821331214,0.0624420918997,0.0108865683366,4.0001470334843062e-08,0,2.0000735167421531e-08,24,1,1,1,0,0
4083,4,0.4957753286779446,6.176057671595828,0.75223511855970737,-1.7530367089625356,-4.9803741946555915,-2.0956486303353286,0.0372955955645,0.154763720155,7.2975292414878441e-06,0,3.648764620743922e-06,15,1,1,1,0,0
4084,11,4.8228448062137153,-2.6931147367718573,2.1689144569414665,0.36579539696242502,1.6198708063761564,5.2169412313847188,0.4057177475,0.23796032692,1.7413603983514682e-05,0,8.706801991757341e-06,54,1,1,1,0,0
4085,7,-3.4389865607491386,-1.9350077607259304,1.133697071185745,-1.6358123934737776,-5.290471447883176,-0.56937859556821413,1.6483431742,0.241102874746,2.0424627448391146e-05,0,1.0212313724195573e-05,10,1,1,1,0,0
4086,0,-0.21302440301181708,5.4218093630273136,-0.87057931526286181,0.76821389729776579,1.7475239008616492,5.1893888904672991,0.0517666309361,0.0210213749783,1.3728967539166157e-07,0,6.8644837695830785e-08,29,1,1,1,0,0
4087,9,-3.3611235913880511,-0.7943531982767752,-1.2143726415569127,0.32117506310616167,1.8215874651113997,-4.2490120884277465,0.132769587738,0.0120897549057,6.2151307644969585e-08,0,3.1075653822484793e-08,60,1,1,1,0,0
4088,13,-4.0592581013149713,1.8914515099679605,-0.80427341179254208,5.692429020035604,5.001689292141446,-0.31862586257126257,3.58887035062,0.0637494987284,1.4117955157461871e-05,0,7.0589775787309355e-06,14,1,1,1,0,0
4089,10,-3.7171185174001673,-4.4153446379382455,2.1970148787818595,-5.302456016308569,-4.512080451086387,-3.8547136791938339,1.3067960182,0.132596357564,7.0634365686727945e-06,0,3.5317182843363973e-06,15,1,1,1,0,0
4090,15,-1.0721359003105235,5.0695841127739572,-1.9419953073512017,1.5758114125412566,1.4420587534009723,-0.37093054716520713,0.415690095719,0.104009645788,3.4681514576218718e-06,0,1.7340757288109359e-06,36,1,1,1,0,0
4091,2,-1.820216848444745,-3.0764903032811604,-2.0268752005143784,-2.6694675582297691,1.4104573143220955,0.4842464466455525,0.0913256917539,0.0167153525389,9.3451406113338565e-08,0,4.6725703056669282e-08,10,1,1,1,0,0
4092,2,5.417319129617078,-4.3864850056256142,-0.35890445352242634,5.4332314334167684,3.5792596303224755,1.0756198014534251,0.738733451555,0.0240644876586,7.2213092812312587e-07,0,3.6106546406156294e-07,52,1,1,1,0,0
4093,7,0.93941703765191997,-6.1533939396478301,-0.18412705922412498,-1.9985955706323046,2.8449827688486709,-3.1262320838638598,4.35308226559,0.325091780825,5.1142715466776833e-05,0,2.5571357733388417e-05,22,1,1,1,0,0
4094,11,-1.7883121708746059,-5.6286316504062919,-1.8023046933251767,-6.0649235007273603,-4.1508395219338601,-5.4259956289579216,0.0830085459661,0.00128187532302,7.3909673707841704e-09,0,3.6954836853920852e-09,11,1,1,1,0,0
4095,0,-3.4871329001314657,-2.8417351072076689,1.2268272808141116,-0.25144442687487578,1.1010071420684024,2.1042121332365866,1.12768361993,0.385449044978,4.652897474829968e-05,0,2.326448737414984e-05,21,1,1,1,0,0
4096,6,-4.3642484885163517,-0.027623341814582099,-2.7681905612416586,-0.13782255395122975,1.7755584312080321,4.5281717051016122,0.850233850934,0.00637249554711,7.3526771853603726e-07,0,3.6763385926801863e-07,18,1,1,1,0,0
4097,5,0.12690751811276779,-3.503396309785805,-2.5499577501898001,-1.6337761792421508,-4.1283069972419364,4.1458362402813851,0.235475324845,0.0277749191993,2.9044456022507171e-07,0,1.4522228011253586e-07,18,1,1,1,0,0
4098,6,-3.1964258382046151,-0.34024182765293076,0.84660434506043758,-1.0015768604797224,5.0113421314654074,5.3690222825847185,1.31215569226,0.0903330849397,4.2074508824440107e-06,0,2.1037254412220054e-06,37,1,1,1,0,0
4099,15,-1.4352755571543592,3.0622669616117109,2.1981144509292889,1.7332565262966604,-0.66848575305196145,-2.0135865758785889,0.0543947242777,0.0179439964564,1.0104163786357982e-07,0,5.0520818931789911e-08,6,1,1,1,0,0
4100,1,5.523017165390435,-3.6387036949471745,-2.3120898967359298,0.9720952355870125,-2.6185350187583802,2.7166212836099008,0.0654097963678,0.448622762886,6.1312306366659769e-05,0,3.0656153183329884e-05,10,1,1,1,0,0
4101,2,4.8272370848780524,5.9875798437521359,0.37029838879411486,4.4534492059610455,-4.6024650790001065,5.9730739646950859,0.486872683998,0.0478290013225,9.338918919045488e-07,0,4.669459459522744e-07,11,1,1,1,0,0
4102,12,-3.9068440860504285,2.572471350453021,1.0052697785756752,0.12161325433507475,-5.2351533867136899,-2.9403186265048604,0.0696886548338,0.00311177262604,7.8061583462790444e-09,0,3.9030791731395222e-09,13,1,1,1,0,0
4103,9,-3.4813928614317473,4.7933599724513476,0.38488955327459906,-2.2664746500618769,1.7482157465893962,-5.0605316805418212,0.614564707221,0.00212494645031,3.7906524807204374e-07,0,1.8953262403602187e-07,9,1,1,1,0,0
4104,5,-1.645340764096755,-0.60407621105002107,2.4525656685516828,5.418794083292104,-1.4227681032554527,-2.3609227061773406,0.111871872759,0.0827319983355,2.0974946959996422e-06,0,1.0487473479998211e-06,11,1,1,1,0,0
4105,7,-5.9974856435093029,-0.79587530855449284,-1.215268463006421,3.0904645215930335,-1.6293661920155817,1.7888916253842948,0.0575645965322,0.00272204633579,5.5707565894793057e-09,0,2.7853782947396529e-09,27,1,1,1,0,0
4106,14,-3.3431954323594142,1.2795307455900202,-2.3967735175910558,-0.27316248525431741,-3.9696332778332462,1.7824586365203707,0.0258031157415,0.00820403867183,2.116845715360664e-08,0,1.058422857680332e-08,35,1,1,1,0,0
4107,8,-0.071656515039285607,-3.9156388971698104,-0.83233337788848827,-0.1563347369348537,-1.388106149056908,1.289708479298183,0.0851281913804,0.0151589767514,7.7246239835566989e-08,0,3.8623119917783494e-08,16,1,1,1,0,0
4108,4,6.110240894588717,1.3694796573731911,-1.7698070363543426,4.7902542319607235,-4.2514164329220359,-2.016624880419168,0.395128772695,0.0543726316482,1.0566925304109768e-06,0,5.2834626520548839e-07,13,1,1,1,0,0
4109,6,-3.3526087960165141,-0.55823769658338829,2.4429708066730718,-3.2634623113516481,2.3543922097382919,-4.94935965207923,0.0733559375061,0.0311072480955,3.001474553024081e-07,0,1.5007372765120405e-07,16,1,1,1,0,0
4110,14,-0.11584323773709408,3.0999258423961451,-1.5633314203189164,-2.6347280815836331,-4.54528960390466,-1.0144404105083153,0.905897809405,0.0741208156165,2.4941870542812311e-06,0,1.2470935271406155e-06,54,1,1,1,0,0
4111,5,-3.3503348896354535,-2.2796118234326763,-2.4970842047441519,4.0168058605037125,-3.8956012137778582,-5.4345556691155883,0.00802145603906,0.236657560419,1.7060711525466336e-05,0,8.5303557627331679e-06,12,1,1,1,0,0
4112,5,-1.8325473288190117,0.97236102663128188,1.8672378250951362,4.8842965514912704,5.3688229204837468,-4.2951385293824966,0.0319842796406,0.0179970707481,9.9686917926832121e-08,0,4.984345896341606e-08,17,1,1,1,0,0
4113,12,-3.9999596223913438,-2.7771026389470226,-2.2521320740336912,0.047849023255645405,-0.76354285077241391,5.2471849545345801,0.0343473362072,0.0415390581675,5.2679507268899004e-07,0,2.6339753634449502e-07,15,1,1,1,0,0
4114,8,4.2061414360299789,2.7646669203472598,-0.014234754726063725,0.14540906296228662,-0.72108691009550485,3.0202744370209706,169.785554775,0.229250302126,0.028843143992377408,0,0.014421571996188704,60,0,0,0,0,3
4115,13,5.0284902472199153,-2.329550124026055,-1.679797729736588,5.7947231993078274,4.3621449847314686,2.3899043027514404,0.0469552427933,0.00453139867915,8.4596791534175931e-09,0,4.2298395767087965e-09,8,1,1,1,0,0
4116,4,2.9235291537157755,-1.1580087068642819,0.31834143114837948,1.7106521644962427,-1.4999219935277093,-2.1797353115448947,0.831223841651,0.00885919423098,7.1484107133567189e-07,0,3.5742053566783594e-07,35,1,1,1,0,0
4117,4,-5.2018249363243756,-0.82295246782802289,0.55872113629266451,1.4248684449549138,-5.1514692012371164,-1.5957255453845838,1.52443222653,0.212034912333,1.6019128499049502e-05,0,8.009564249524751e-06,16,1,1,1,0,0
4118,13,-1.2736917240172525,1.1093715969285693,-1.6427842989437531,1.4780254315771681,-0.44898623314012631,2.0754232695873212,0.457817008458,0.0548796285508,1.127035125346853e-06,0,5.6351756267342651e-07,22,1,1,1,0,0
4119,0,-2.1902234208006877,-1.3797995076158778,-2.1324610873131955,-1.0864103074923939,-1.2172044190929852,-3.0054136203503234,0.0112377860034,0.11684770601,4.1591856242733107e-06,0,2.0795928121366554e-06,20,1,1,1,0,0
4120,5,-4.9312154288879775,-1.0140127456279333,-2.94848174518315,-3.790236634672572,-4.9543422573584195,-3.3236538650989176,0.139076418758,0.0655080787215,1.3265495358018767e-06,0,6.6327476790093835e-07,31,1,1,1,0,0
4121,7,2.0017046398804572,6.1465621092735763,1.6588467240786764,-3.2176523333533327,-4.7550941023403519,2.6830688417013246,0.0468972562895,0.000611166411302,2.313134681043313e-09,0,1.1565673405216565e-09,20,1,1,1,0,0
4122,3,-1.7569460859685038,2.4337351718024758,2.6178246176979529,-2.1709988429447247,3.8218888382467671,3.2325846785505257,0.063586368148,0.00678839439855,1.8080697084279094e-08,0,9.0403485421395471e-09,21,1,1,1,0,0
4123,10,-0.64541250867170574,-0.18108610242978709,2.2281041382399134,-1.1751952202115825,-1.1468598308930866,1.8726097420902952,0.0288043135585,0.00780679625999,1.9394922412642679e-08,0,9.6974612063213396e-09,18,1,1,1,0,0
4124,6,-4.5057784898484767,5.9571615378297835,1.1339729404544636,-2.5728189716732386,1.136395763330762,2.901896801683042,0.623955425486,0.0234157338099,5.5634106547221215e-07,0,2.7817053273610607e-07,26,1,1,1,0,0
4125,9,1.5604005849887157,0.28422552763156311,2.5135490084302043,-4.0300651517981736,-4.8688094853422417,-2.4866132375252974,0.0146832838525,0.447911787729,6.1114076179095528e-05,0,3.0557038089547764e-05,20,1,1,1,0,0
4126,8,-2.7778637506641637,-1.5307868960766575,-2.636934214078785,0.88426743567350963,4.5651084128300328,-6.0722038828909177,0.127184041846,0.131659422979,5.2964761731915217e-06,0,2.6482380865957608e-06,16,1,1,1,0,0
4127,3,-4.0577331314141025,3.4635720591897443,0.5798783604448271,4.2304224941059871,-0.85607707397797983,5.8953359424706822,0.0199929932812,0.289733779488,2.5571710977969928e-05,0,1.2785855488984964e-05,34,1,1,1,0,0
4128,6,2.4276416689163542,3.3864238819911541,1.1724476207871555,-2.8540053864257926,3.9763984481233954,-0.56965231972252195,0.0495107765537,0.0209088326949,1.3562374267332892e-07,0,6.7811871336664462e-08,9,1,1,1,0,0
4129,14,-1.8059582334008815,-0.73796126030915277,1.0580922068542451,-6.1693909761350705,-4.6692966215314797,1.9322502693188415,0.222256327234,0.0814495401042,2.0702382401812057e-06,0,1.0351191200906028e-06,7,1,1,1,0,0
4130,8,1.2958192421564494,0.38700890820239975,0.85114842850992034,-2.6687780511594026,1.9876731771404701,2.8363986939672619,0.313548405863,0.231457901308,1.6417508548626193e-05,0,8.2087542743130964e-06,12,1,1,1,0,0
4131,4,1.7966238757237347,1.0187025978149782,1.2094877376957849,-1.0635414360488267,-0.74931873737749988,-5.8276326258207174,0.125044255837,0.00179495686849,1.6617503692847144e-08,0,8.3087518464235718e-09,21,1,1,1,0,0
4132,1,-1.9947027626471603,5.749231211333016,-2.4677632658332107,-1.9345841356374629,5.0639038376595717,3.6540944553064127,0.0379179755374,0.0522449187601,8.3290062666697857e-07,0,4.1645031333348928e-07,20,1,1,1,0,0
4133,14,-3.2253035373264547,-5.3730165179235057,2.5155450575916478,0.32720751850392382,-2.859820923689854,2.06890693648853,0.023373992922,0.940919675109,0.00026968743634370982,0,0.00013484371817185491,23,1,1,1,0,0
4134,10,-0.79041785802273334,5.8128663510877709,-2.6925263291293633,-2.1987089229315835,3.9192543734860879,0.35971645464715701,0.189823665454,0.368687940731,4.144292187068288e-05,0,2.072146093534144e-05,16,1,1,1,0,0
4135,9,2.3558640552619901,-3.70254249001098,0.978384668530905,-0.28075409947398866,-5.0239068700768748,1.5691945579035462,0.173046123979,0.0221989090547,1.8005785550400672e-07,0,9.002892775200336e-08,9,1,1,1,0,0
4136,5,2.8894709989457428,0.89384538063931929,-0.57947064808176774,1.3176434122784098,4.8687834482934047,-1.2212778051262243,0.0982881125578,0.0112237722698,4.8034142777827521e-08,0,2.401707138891376e-08,33,1,1,1,0,0
4137,0,-4.0411369246333324,-0.4250314747081696,-1.1319326284769538,5.4412701066826985,1.6483634383263841,-2.7908401412832124,0.239044453148,0.0865376631555,2.3383511754933704e-06,0,1.1691755877466852e-06,20,1,1,1,0,0
4138,0,-0.22709627993264944,0.6745754390221762,-1.9726422065467537,-0.84342239025050514,3.2952488463704066,-1.2674858128316915,0.292896612709,0.00355252006766,8.9632819064818731e-08,0,4.4816409532409365e-08,24,1,1,1,0,0
4139,2,3.5684659864783299,-3.9457928060576175,-0.68741039373910162,4.7023892298978254,3.4804606831908074,1.7074481160645016,2.38325435728,0.129479453861,1.0786790737926595e-05,0,5.3933953689632976e-06,17,1,1,1,0,0
4140,9,5.9554682118651145,4.3224818629713848,-1.9296563562277613,-0.97516633614774961,-1.5505641297463828,1.110403988968377,0.0354417278465,0.10958712777,3.6595098454738742e-06,0,1.8297549227369371e-06,8,1,1,1,0,0
4141,10,1.6988811563943991,1.6820690968890428,-0.84882987251843345,0.5139429476578522,-1.5830677912396058,-0.65975168911982407,0.699691918685,0.0263936249757,7.0177241573362857e-07,0,3.5088620786681428e-07,16,1,1,1,0,0
4142,6,0.32793422633803759,-2.3474192961311728,-1.3581978168132618,-2.0955857024702391,5.0772675974024262,2.0273047014675751,0.0633471856929,0.00194123535188,5.1607846028345195e-09,0,2.5803923014172598e-09,22,1,1,1,0,0
4143,12,-1.5886747018622513,5.8632531373400445,-3.047470596137841,-5.9093487148409087,4.3549015553539334,-2.2434604028603746,30.1147728605,0.215696527601,0.00092107186746302825,0,0.00046053593373151413,60,0,0,0,0,3
4144,9,1.1330669235347497,3.9599198604482844,-1.2290082425398046,-2.5455922540869209,-6.1282018053952632,-4.6493957049665235,0.783449315339,0.0239261040183,7.8817364674323408e-07,0,3.9408682337161704e-07,15,1,1,1,0,0
4145,8,1.7152218817209932,-4.2900199033804762,-2.0292633309990009,-6.157801033422885,-1.3705370845016267,-1.0209299567044505,0.703535693674,0.0397812553014,9.7703424399106449e-07,0,4.8851712199553224e-07,54,1,1,1,0,0
4146,1,-2.7598443025583754,-3.7267639599057616,1.037243324304689,4.6319658089928959,5.2149751001714204,4.6204933538934414,0.114186596944,0.326906687978,3.2566887709933441e-05,0,1.628344385496672e-05,28,1,1,1,0,0
4147,7,4.4552920633467714,3.5539465325983977,-1.74961302224298,3.1310701940933576,1.5201111732001762,0.29038404443118637,0.0272862883607,0.00392135683392,5.4286556042580921e-09,0,2.7143278021290461e-09,31,1,1,1,0,0
4148,13,-0.14774966138768694,-2.1299734230699778,-1.4675409636313095,2.1444525370021816,1.4924369688876538,4.7916503124820986,0.0437585094431,0.0105633510698,3.5905354846962574e-08,0,1.7952677423481287e-08,25,1,1,1,0,0
4149,9,4.1397599511815883,-3.3820359498564159,1.1393100594510237,2.9429044718728816,5.014401864361278,-2.9380643851821646,0.0248117317732,0.151528890864,6.9949376496846604e-06,0,3.4974688248423302e-06,31,1,1,1,0,0
4150,11,-5.1743477894714722,5.0351172281798657,-2.4398686964265717,5.6528643858903358,3.7858131813475513,6.0082068245618165,0.82085518675,0.0328054941627,1.001632641031797e-06,0,5.0081632051589849e-07,21,1,1,1,0,0
4151,2,3.2544708818363355,-2.598594881755675,-0.96963176738276879,-1.3720926416867536,5.1273368393503489,4.6467552592971755,0.0661194363174,0.0587617000295,1.0561966583949398e-06,0,5.280983291974699e-07,18,1,1,1,0,0
4152,1,-3.3472731111028842,-3.0732658052834756,-2.5698860000783808,1.4027912957870063,4.4086759008606515,4.2919096373105772,1.45201406448,0.0189007988805,2.2171664308926145e-06,0,1.1085832154463072e-06,9,1,1,1,0,0
4153,0,4.9050031096111226,-3.1396424193835619,0.26950058313041209,-3.9060265622904096,-3.0118322784245128,-5.4300378795189825,2.09719632592,0.0190029854232,4.5082338783538511e-06,0,2.2541169391769256e-06,11,1,1,1,0,0
4154,11,6.1349593196772867,-1.9418434611936495,-2.1144874865005665,-1.8805289542138353,-1.3090810026717641,-2.4973833752680918,0.437707267974,0.0804847320597,2.1648359662480568e-06,0,1.0824179831240284e-06,16,1,1,1,0,0
4155,9,1.7625879299856706,1.2969607798150384,0.15983707901449737,3.2096768129508875,1.517258951038031,2.8460597141588622,3.26690450117,0.385257894999,5.5885092995788964e-05,0,2.7942546497894482e-05,28,1,1,1,0,0
4156,5,4.8717785170158168,1.0929874098669443,2.8084300483929905,3.9642507187194616,4.0073873206659982,-3.7687844866609779,0.277272842395,0.00887230214102,1.0085902558899461e-07,0,5.0429512794497303e-08,17,1,1,1,0,0
4157,12,-4.2638791530468927,1.3104585792284451,-1.1976520765328698,1.227389170341324,4.1514720083495762,0.11645703083780377,0.0974834554084,0.182625416739,1.016911625831973e-05,0,5.0845581291598652e-06,17,1,1,1,0,0
4158,0,3.5525600946639613,3.8033897976275068,-0.71675527013809093,1.0155595801229893,-2.5836702462139374,-0.62893580841330476,0.0422587758537,0.0967215723099,2.8515008200917469e-06,0,1.4257504100458735e-06,19,1,1,1,0,0
4159,15,-3.1087199597336328,-0.41578239986286386,-0.55010622489313632,1.4482348879851488,-1.3080673788036936,-0.40581102031700866,0.266192357381,0.0202313760151,1.9554089328256717e-07,0,9.7770446641283587e-08,9,1,1,1,0,0
4160,4,4.5198246808611646,4.3241839590425624,0.63674089705831882,3.1696057154767363,5.1794757438112802,4.1909608509430258,0.252054277454,0.0225499828953,2.1842984329937569e-07,0,1.0921492164968784e-07,11,1,1,1,0,0
4161,14,-4.7890409853514928,-3.7429751698738487,-0.23144930741961248,-0.44083580368348363,-1.4828386526416319,-5.4500983342900922,56.525608316,0.025378715616,0.0031953405932378539,0,0.0015976702966189269,60,0,0,0,0,3
4162,2,6.1087041799839286,1.6146675778720045,-2.2950771029210513,-4.4814168762588071,-1.3003376066852996,0.79911805385172308,0.0808390692821,0.0924297299499,2.6089592432855818e-06,0,1.3044796216427909e-06,16,1,1,1,0,0
4163,14,2.5861703930157951,1.0484782219829212,0.88903274661790532,-5.5129550362943283,-4.4178516548986897,-4.1676578876029478,0.357402343307,0.047946680578,8.280166018304882e-07,0,4.140083009152441e-07,15,1,1,1,0,0
4164,14,-5.0768144413979153,3.9818105631034943,-1.3503070812376843,-4.6008770628180535,1.5799213739910667,3.5201926219887802,1.20006052997,0.016597096537,1.524056290774064e-06,0,7.6202814538703201e-07,19,1,1,1,0,0
4165,10,-4.4874754802239476,3.0636604194935573,2.5911528235555483,-6.2710725730475181,1.6645739401142436,-4.0917471346754315,3.22757652266,0.348163170082,4.7342240622453239e-05,0.0056081025891743103,0.00019191419798645593,51,1,1,1,1,0
4166,1,-4.9222816675555761,5.6952816135860216,1.5018971999901318,-0.80737404009643532,1.5750001352662772,-3.585801138639666,0.0490186662292,0.00426254257762,7.937505549933139e-09,0,3.9687527749665695e-09,14,1,1,1,0,0
4167,8,3.2005953441434443,4.0391964785110757,-2.0850832969753461,-3.6457917101246076,-4.7846589609982351,1.395222941745373,0.0464054481974,0.0100457490564,3.2894564348337387e-08,0,1.6447282174168694e-08,30,1,1,1,0,0
4168,4,0.23011324347310153,2.7497197602451244,2.911367897092533,1.7097212280940703,4.2999118119431294,0.72141007280997449,0.136609338277,0.00808431093957,3.8570712787284066e-08,0,1.9285356393642033e-08,11,1,1,1,0,0
4169,6,-0.21309867913259523,2.9064394933546791,-1.6262299741393293,3.0525152743439152,-4.484944334745161,4.9496800880882192,0.310385096076,0.101205769266,3.2164156472697431e-06,0,1.6082078236348715e-06,57,1,1,1,0,0
4170,9,1.2965273186377044,0.6255538883577606,-2.4958641858370259,3.5303478915464983,5.897019243298069,0.24954372457543111,0.0335933308716,0.00361175263085,5.1021721183774884e-09,0,2.5510860591887442e-09,28,1,1,1,0,0
4171,3,-1.5886111463202754,-2.6508605533598359,-2.6833330496908729,-1.242917887034876,-0.3275963703481608,5.3656916923937121,0.195048783969,0.0237641430555,2.1007199290915826e-07,0,1.0503599645457913e-07,30,1,1,1,0,0
4172,2,-1.384613160985706,5.1171371729835213,-0.45342769490315454,0.98438062426586992,4.1199933476910537,-3.9219532830027619,0.959394221692,0.16372264293,9.0857388317552858e-06,0,4.5428694158776429e-06,8,1,1,1,0,0
4173,12,-4.2286309550613463,4.8740430336693992,-2.6905678239883906,1.8417058148911758,-1.8056516948588062,3.1443859122118982,0.228659436652,0.00554524029197,6.1652029165172683e-08,0,3.0826014582586342e-08,13,1,1,1,0,0
4174,15,-5.7421989537134701,-0.98056491536411006,2.4889207934226545,-0.4212124273563938,4.467841150168792,1.0909071542695024,0.0749286415956,0.00396662295639,1.0407181568748258e-08,0,5.203590784374129e-09,28,1,1,1,0,0
4175,9,-1.4308427208444796,1.4116174178280281,2.2918987182783837,-1.6179273262722706,4.9814119946621496,4.2530001156641815,0.0867231555771,0.279107588138,2.3737536462672529e-05,0,1.1868768231336265e-05,7,1,1,1,0,0
4176,14,4.91173568413436,5.6122755741220898,1.1684757352976758,-4.9374046016130819,-3.2690636320639164,-3.4873956909160975,1.8135468009,0.016778522517,3.3747075349861984e-06,0,1.6873537674930992e-06,9,1,1,1,0,0
4177,10,-1.3840650166915318,3.5135151726134803,-2.7373811788237807,0.69173554388177183,-1.7174641005056577,-3.714453234400164,1.12505699031,0.0970307410541,4.13371548864698e-06,0,2.06685774432349e-06,19,1,1,1,0,0
4178,7,-1.8424643025047873,1.1598512564908443,-2.0407849328896894,-3.9964401617223517,-1.1098109676273014,2.7999927439416568,1.17437790014,0.013443149494,1.4342133849341232e-06,0,7.171066924670616e-07,33,1,1,1,0,0
4179,9,0.21265335411167205,3.6436392842671097,0.23479798258146523,-1.653252939048905,-2.1116644425680091,-5.3227578536784081,37.1450884888,0.000473755977238,0.0013797576672073173,0,0.00068987883360365865,60,0,0,0,0,3
4180,13,4.8788533174585922,-0.70683804015814078,-1.5154916985140547,2.1908219605223036,5.2713597986210523,-1.7883382223120705,1.03192855114,0.0756306417242,2.8072863382573735e-06,0,1.4036431691286867e-06,22,1,1,1,0,0
4181,9,-2.4260811828385025,5.8191451778102312,-2.6153201856047912,-2.4426496591751476,3.3472455019719454,-1.533707324686038,0.0081584357502,0.231852092949,1.6374895676818008e-05,0,8.1874478384090041e-06,16,1,1,1,0,0
4182,11,-5.9749777232160159,1.1236497305416926,-1.320873793500271,4.9172377792933757,1.6835799986549391,4.431365344577495,0.0487237076515,0.0132229411267,5.5635189473858413e-08,0,2.7817594736929207e-08,44,1,1,1,0,0
4183,6,0.067823981242913431,-0.88270377632806951,-1.7592656483552469,-1.8920883936351363,-1.6657528043759222,1.70466020017273,0.0518854110623,0.0252815653421,1.9739061842536479e-07,0,9.8695309212682397e-08,18,1,1,1,0,0
4184,2,-6.055971530875027,2.1427189960178477,-3.0142215913905295,-1.1592347932298503,-4.7441780212380129,4.2680898626131745,0.426823503407,0.0108832774682,2.1825893524584866e-07,0,1.0912946762292433e-07,17,1,1,1,0,0
4185,11,-3.5568558764924032,5.0343861302221971,2.1819144881264494,3.1774660542796327,2.147598828193277,2.1899404230605626,0.0763572293101,0.000389646533796,5.8766748313896241e-09,0,2.938337415694812e-09,53,1,1,1,0,0
4186,12,2.130102060322085,4.8103778149061727,2.5205431144816894,-3.8731315988128885,-5.01173087318901,-2.699076048419744,0.234334636057,0.0838267329388,2.1954353129975274e-06,0,1.0977176564987637e-06,13,1,1,1,0,0
4187,15,5.8297180212921251,2.4256712073805073,0.39346525396385662,-1.4491138747527699,-0.77347125797088367,-4.0114618562480189,0.40971770319,0.00270813968485,1.7010266672461186e-07,0,8.5051333362305931e-08,23,1,1,1,0,0
4188,9,4.9760928661479085,-3.3632937798834925,2.9103737156314962,3.7700828471338514,-3.572011988388712,-4.1880157959691475,0.313127378117,0.0249950399321,2.8835910363372003e-07,0,1.4417955181686002e-07,21,1,1,1,0,0
4189,2,5.0184354973175234,4.7604739601981079,1.4376864815504542,3.9183007385319302,-4.8428781687587099,0.36712406992129543,0.0297146222296,0.008309431593,2.1915772177484209e-08,0,1.0957886088742105e-08,28,1,1,1,0,0
4190,12,0.44265721413838116,-4.8666121738306174,-2.3983808683638932,-4.2673987363306054,4.8747533137621986,0.81225599071419996,0.0319532989328,0.0723422307822,1.5952053167919148e-06,0,7.9760265839595741e-07,18,1,1,1,0,0
4191,0,-1.9468016048910926,4.329862387884913,-2.5576094336429942,3.7120017356681321,-5.0654341317779688,-0.30234663699181169,0.0750711265231,0.00578394059243,1.5826335687863945e-08,0,7.9131678439319726e-09,32,1,1,1,0,0
4192,13,-1.8537308398872365,-4.1185911386679184,1.2978406959017819,-1.7942776509860587,-0.3377119949275153,-2.6413226576299591,0.0562925226032,0.00256325631439,5.1702707354287366e-09,0,2.5851353677143683e-09,30,1,1,1,0,0
4193,6,-3.198326081602858,-3.7102074134977876,1.9868000705558808,4.5279691772744446,-1.7716716380839888,-2.0584225506626175,0.0415174281634,0.0333163898604,3.3984349892119872e-07,0,1.6992174946059936e-07,16,1,1,1,0,0
4194,11,0.30538275205127313,-5.2537809584521282,1.661731297336861,5.0231623173210229,-2.1966374034831873,1.0969551058924876,0.0849867489248,0.0119340292834,5.0606681770837746e-08,0,2.5303340885418873e-08,22,1,1,1,0,0
4195,9,-1.84730382878619,6.031858409918633,2.2703218404675791,2.5111237411967369,-4.6996169737384692,0.31831230517923914,1.00331595024,0.0341807197995,1.362534009106974e-06,0,6.8126700455348701e-07,11,1,1,1,0,0
4196,1,-2.6087103861267074,-2.9464374396152753,-2.8810426951220611,5.4168867055529608,1.7368157015311558,-5.0648789883073571,124.653377465,1.51199115752,0.016234855654592643,0,0.0081174278272963217,60,0,0,0,0,3
4197,2,-2.697057032660644,2.1715913524051396,-1.9768419210201793,4.5291668952977933,-5.734726115535258,-4.4352478195528899,0.313864594448,0.0577766159327,1.1153657696816845e-06,0,5.5768288484084223e-07,18,1,1,1,0,0
4198,2,-1.1523464224474889,0.3487116238541319,2.810079181245106,5.789642005760804,-1.5240109778731172,-3.8342306349000963,96.3984895008,1.3994769726,0.0098892728990374774,0,0.0049446364495187387,60,0,0,0,0,3
4199,6,-1.9221488229777848,-4.7558474284280621,-1.7581765823597484,-3.9614098645752343,4.2746414484368147,3.349265452710978,0.0253662780761,0.000987918852821,9.4074968762599117e-10,0,4.7037484381299559e-10,38,1,1,1,0,0
4200,8,5.4036277724886457,5.5285954125624936,-2.2415282329927115,4.5423840834886411,-1.6219990593839386,-3.4084335111132953,2.86955698316,0.215776296651,2.2417164680356627e-05,0,1.1208582340178314e-05,30,1,1,1,0,0
4201,4,1.2979894428598862,-0.6949834269159394,1.3616703224776034,0.80444014155448296,4.5336272310626198,-0.5671324075416514,0.0074891851783,0.00380397930037,4.4639807079153624e-09,0,2.2319903539576812e-09,13,1,1,1,0,0
4202,3,3.5241412511786363,-1.1747149958944079,0.69992863994339927,-4.2657124862877653,-2.0832502631437286,4.4785148225739233,0.162710962903,0.0129621967099,7.7656232659772172e-08,0,3.8828116329886086e-08,9,1,1,1,0,0
4203,13,-1.3752041376567115,0.92963989986195528,-0.14051624631876758,-2.045778892759595,2.5387148320102524,-6.1629171200144972,37.5816915267,0.000534351461606,0.0014123836249889991,0,0.00070619181249449953,60,0,0,0,0,3
4204,8,-3.8562664299173846,-0.35486167729931911,-1.6049291145888849,3.5617779676871963,-1.7677594707826572,5.2867269403099622,1.20090551368,0.0446801175541,2.0502857388823947e-06,0,1.0251428694411973e-06,12,1,1,1,0,0
4205,3,-2.5820456536899132,1.7432773779430577,1.5896631938731656,-0.61635571361013353,5.4053312516604493,-2.9551026126875626,0.0259626700306,0.0297631477743,2.7051786793703174e-07,0,1.3525893396851587e-07,14,1,1,1,0,0
4206,10,-2.2936058620358288,5.6348398873210854,-2.0610511493810471,-2.2186236972279052,4.0339051097863816,-2.7605619727813591,0.429714426589,0.0587280779938,1.235276053359789e-06,0,6.176380266798945e-07,45,1,1,1,0,0
4207,3,2.8143382455410042,-0.81360083976069442,1.1482792267663946,-3.9034316066574903,5.3663509292788003,4.8705080423147509,0.232277709191,0.182980132304,1.0253070776675817e-05,0,5.1265353883379086e-06,25,1,1,1,0,0
4208,0,-4.216433512644671,6.1811277702382696,2.0554734639904693,-0.61157110960146055,-1.5072193363804294,5.6885939578888367,0.0856022979805,0.00731416007726,2.3623852528638073e-08,0,1.1811926264319036e-08,6,1,1,1,0,0
4209,3,1.9030291261459622,-5.0897332848085242,-0.27299959506731436,-2.7302426906124526,-4.8666484681730235,2.4988017899310524,72.1429443579,0.0356581935759,0.0052049917437366052,0,0.0026024958718683026,60,0,0,0,0,3
4210,3,-0.014340922329637025,-2.3276251159701675,1.4323021992581051,0.60984843106600428,3.9857338358849437,1.18493903799362,0.415907866184,0.858113904899,0.00022448090229165818,0,0.00011224045114582909,15,1,1,1,0,0
4211,12,0.013205948731986182,-0.8288204765500361,2.2234986566318073,-4.2136151660365728,1.284477968813293,-0.62726970760543799,0.353489747239,0.134388817934,5.626453554833107e-06,0,2.8132267774165535e-06,12,1,1,1,0,0
4212,8,1.7320253510966468,-2.6473538282158859,-2.4702885850331224,-2.0707167288202295,-5.2249850070237533,3.4861103003368106,0.145359580517,0.00914481553439,4.6603846966543521e-08,0,2.3301923483271761e-08,14,1,1,1,0,0
4213,14,-3.396437482814072,-2.9454660856327251,2.745437396269176,-6.0883840085369316,-4.66853260957246,1.0416355783651026,3.16054277765,0.00645702193433,1.0001731103723097e-05,0,5.0008655518615485e-06,60,1,1,1,0,0
4214,14,2.9711014738020336,1.2981810375539955,2.598653951676646,1.3669790142123839,1.5504251662643362,1.505901302439083,0.0919627430954,0.0596324364842,1.0916850620836579e-06,0,5.4584253104182897e-07,12,1,1,1,0,0
4215,8,-6.0803049968091498,-1.639632282179353,-2.1007517825854651,-1.2541309248589141,-1.4999529584946028,0.51761184969396479,0.00155693278645,0.0347114590689,3.6703150289007775e-07,0,1.8351575144503888e-07,46,1,1,1,0,0
4216,5,1.5564875398935771,-1.7488890394726093,0.45128823241082094,1.6932496246652249,-3.4883277874862415,-1.9254302124666756,0.617559619757,0.845293598396,0.00021803700476942035,0,0.00010901850238471017,28,1,1,1,0,0
4217,1,-0.050270363209376515,2.7300422929172043,-2.6130955206137148,1.8878873294751566,5.0155991997233373,-3.470369875725738,0.0114675105442,0.100969398899,3.1056511193394112e-06,0,1.5528255596697056e-06,16,1,1,1,0,0
4218,7,-5.5038808723662234,2.6375266136605084,0.024090765589208779,5.5746682633462257,-1.7342973923784588,-5.423626411065217,3.6349505026,0.00082510027167,1.3213072536985342e-05,0,6.6065362684926708e-06,60,1,1,1,0,0
4219,4,3.6845631684969393,0.2918911392460895,2.1033912917772599,4.86098792496154,3.2842482782447635,-3.5644528849250432,0.565453948103,0.310275334693,2.9645495782840293e-05,0,1.4822747891420147e-05,14,1,1,1,0,0
4220,4,2.7639982469335189,-4.9596199267176546,-1.9271685812588502,1.4617911990005608,-2.1447562055247502,-0.95608437670669288,0.287377817673,0.00136911984739,8.3157012140556725e-08,0,4.1578506070278363e-08,13,1,1,1,0,0
4221,14,2.8556680072703178,1.9977376632122303,1.1008539837260851,5.0458803811872386,4.0446958049307273,4.2967762698846732,0.0224632948914,0.0134725565645,5.5795640583959929e-08,0,2.7897820291979965e-08,26,1,1,1,0,0
4222,10,-4.9481541409690948,4.8508388802212332,-2.3106985633959236,-1.4185848716143765,-1.1515935545947749,-0.0077234443125936093,0.0245767482175,0.121789685884,4.5189112227214826e-06,0,2.2594556113607413e-06,20,1,1,1,0,0
4223,11,0.71950480280470896,2.136792654109815,0.56208539996415452,0.36011997268517337,2.4072379161834565,1.4182999095457278,0.556088665288,0.0950334826956,3.0603450470858813e-06,0,1.5301725235429406e-06,11,1,1,1,0,0
4224,3,3.7632111193702813,3.4569766264132156,-1.1121057110901971,2.411338393268756,1.514485832111425,1.6975304091207775,0.828889497317,0.206760822012,1.3709463923596073e-05,0,6.8547319617980363e-06,15,1,1,1,0,0
4225,12,3.1340972512167786,-2.3871500188341308,2.2379363396608651,3.2668256986300839,3.660749068307239,-0.22681228225073788,0.0927857903178,0.0145343531072,7.2958846976311955e-08,0,3.6479423488155978e-08,13,1,1,1,0,0
4226,12,3.553969611855134,4.306770512464877,1.6246130008387207,-4.6630313360834501,4.7326362928711898,4.3117248968166466,0.860709419406,0.00646213853447,7.53541294900602e-07,0,3.76770647450301e-07,16,1,1,1,0,0
4227,14,6.1891819618335271,1.4439578160857378,2.9243180876135479,-6.1950582535431256,2.3294328182398027,4.7337792133608456,26.9608905769,0.00629568202453,0.0007269016943982498,0,0.0003634508471991249,60,1,0,0,0,2
4228,10,-5.2188107471710179,1.0673050185473918,1.4452673998400238,-4.4482003276367452,1.6997538317650667,3.7308288818335558,1.02112854224,0.0020080258202,1.0439317682950164e-06,0,5.219658841475082e-07,13,1,1,1,0,0
4229,8,-5.6104716302505739,0.64068637216877466,1.5209911769163313,-2.2932269677700892,-3.9062256077242306,3.1808067706800025,0.0887300328633,0.197186525479,1.1852167712028204e-05,0,5.926083856014102e-06,59,1,1,1,0,0
4230,9,0.73765938597595271,-2.9415672319885058,-0.81105952039556828,1.6893954587925544,-5.0394649065402346,3.36010553228276,0.00437952625222,0.115924432267,4.0936124548947418e-06,0,2.0468062274473709e-06,22,1,1,1,0,0
4231,9,-2.0526157086858174,1.4350764371626004,1.2853481402646652,4.3444700620448655,5.0063443906239202,-2.3648582553755255,0.0292552734048,1.8413993972e-05,8.5597431019228523e-10,0,4.2798715509614261e-10,19,1,1,1,0,0
4232,15,-2.8057395269805778,-3.2873704355486439,-0.6029700485616506,4.8911875749613554,5.9077803008275787,0.15064127772318858,3.1128444092,7.64649916293,0.01782035031902476,0,0.0089101751595123801,60,1,0,0,0,2
4233,14,-6.0337051178722341,3.8973534449434251,1.1001548447474292,3.8077500620410145,-1.5120793469474318,1.0681436421273807,0.650646330217,0.0547582716736,1.3367263289635566e-06,0,6.6836316448177829e-07,21,1,1,1,0,0
4234,15,1.9801345888995014,-3.1786234395563264,1.8685578130928955,2.8434580758777641,3.5101225346340157,5.2692931132089331,0.0238045364923,0.00229205987239,2.1669752876330597e-09,0,1.0834876438165298e-09,21,1,1,1,0,0
4235,1,1.4000334925291908,-2.4865893228980833,-2.6082040678966765,0.014936624223659973,4.8238597599256199,-0.2003537762896688,0.0563602446821,0.000882883475096,3.413921351093183e-09,0,1.7069606755465915e-09,6,1,1,1,0,0
4236,14,-3.6782778936210958,-5.4713614650999256,-0.77151435828322124,-2.1757985827204998,-4.3961743579474577,-4.3740306552850381,0.262996734471,0.00393383530455,7.3881255252455043e-08,0,3.6940627626227522e-08,12,1,1,1,0,0
4237,1,5.5649736774447387,2.0037471528541375,-0.48085810993325601,-0.89824020766755597,0.11792172378794842,2.9268016310428777,1.42757093321,0.0152077578831,2.1084094372012383e-06,0,1.0542047186006192e-06,7,1,1,1,0,0
4238,8,5.4698105740204337,1.6511642002062574,-0.82833764763584883,-0.27853592133827565,3.7893073501158581,0.76086211186242114,0.332580945988,0.0648850110421,1.3930691188696909e-06,0,6.9653455943484546e-07,15,1,1,1,0,0
4239,1,-4.5952391467287867,1.249118782503408,-0.59755368304665391,6.0795739078237716,-0.9643713859148163,1.1767180228189003,0.286320341264,0.00549913219907,9.1191107179228668e-08,0,4.5595553589614334e-08,19,1,1,1,0,0
4240,2,-5.2628786015471736,-1.2802085205148801,-0.58848409652194822,1.804032688445079,1.9087646166738659,3.6521057927069855,84.6337224005,1.68982395489,0.0080327035322009018,0,0.0040163517661004509,60,0,0,0,0,3
4241,2,0.63130653924846925,4.704237833179989,2.4041838480404669,-2.8551088682413823,-4.4045640470486331,-2.089937541002052,0.0366869439822,0.10159965793,3.1457563511356047e-06,0,1.5728781755678023e-06,13,1,1,1,0,0
4242,15,4.0649604036607228,0.9361452985666977,-1.2470692876699099,2.4528101989887028,-0.3194375469888393,-2.8458207630022638,0.0278018327352,0.0202637852292,1.2585524894073452e-07,0,6.2927624470367261e-08,12,1,1,1,0,0
4243,5,5.1734569345492405,-3.4004118428379257,-1.9959200396583658,-4.7854368730031718,3.1181621856378707,4.7742055753297219,1.02939169171,0.0255981945556,1.2592531697378144e-06,0,6.2962658486890721e-07,15,1,1,1,0,0
4244,3,-4.1667558726299534,1.067125217722475,0.49816255406958504,-0.3226150828660786,-1.0339764279431232,-0.63566344774062822,0.872215859692,0.318868572208,3.1733396568263765e-05,0,1.5866698284131882e-05,36,1,1,1,0,0
4245,5,-3.219292318924265,-4.4384082639666085,1.8878717551645259,-5.4318796730323227,-4.5382790112365399,1.7470529886860731,0.0189886418957,0.018992806498,1.1024420471815721e-07,0,5.5122102359078603e-08,14,1,1,1,0,0
4246,10,5.6485729773783344,3.3222690155399919,-1.6086418966982012,3.1744915797585636,-4.9647525008017697,-1.6163043543380664,0.235839515083,0.0210873273865,1.9107614264720125e-07,0,9.5538071323600624e-08,43,1,1,1,0,0
4247,11,-5.0965067294249478,-1.6830644172044853,-1.6340250488562358,5.8306380742646811,-1.0009954593866428,-4.8980672267249794,0.665379578383,0.142055249602,6.5898162832358249e-06,0,3.2949081416179124e-06,20,1,1,1,0,0
4248,2,2.1178413605464472,5.4915682425131367,-0.81573537064739376,3.0173897534886818,4.6130277418283363,-0.40889539985320938,0.42163590357,0.0036643504334,1.8186707464710723e-07,0,9.0933537323553616e-08,30,1,1,1,0,0
4249,0,0.05049527183560322,-2.358880552105695,0.99560399999931692,2.9290140844953432,4.8700561377174418,-5.1851457313748126,0.7807100747,0.00753498789578,6.2680319233691923e-07,0,3.1340159616845961e-07,47,1,1,1,0,0
4250,9,0.47131731084009421,0.58881193007666555,0.30254397515369186,-2.3455304293625021,1.0190107980380534,-2.1300307763584803,1.36105745933,0.00311419478758,1.8554316510463568e-06,0,9.2771582552317842e-07,29,1,1,1,0,0
4251,2,1.83024239347758,-3.1661940818730687,2.6088957276682425,-3.9465299273640309,2.3666224117641552,-2.2070667602960619,0.11739820539,0.00547659416105,2.29187543680333e-08,0,1.145937718401665e-08,14,1,1,1,0,0
4252,15,-2.5843629487238875,-0.29298861913251506,1.1493024072415414,3.7245983258556246,1.3846805385166001,-0.71954448162268858,0.034592112039,0.0754898738533,1.7371263178885347e-06,0,8.6856315894426736e-07,17,1,1,1,0,0
4253,4,3.2591388147321956,-0.39136107265102615,-2.4845843182996128,-0.24301460261298172,-3.9646406027804968,1.5256094770277073,84.0109870628,1.76902958632,0.0080111357071898405,0,0.0040055678535949202,60,0,0,0,0,3
4254,9,-3.472408437511973,4.2144350896913387,2.7830929907995259,-1.6849438022409737,-2.1320519070430959,3.9451858837355038,0.397343501643,0.00504204327993,1.6562590340004177e-07,0,8.2812951700020886e-08,15,1,1,1,0,0
4255,11,-4.1837097324985928,-4.5406558857016304,0.37486759427581223,-5.0092574218463781,6.0173331528255174,5.0067042557896926,2.36406278667,0.0858751363598,7.8352059152695449e-06,0,3.9176029576347724e-06,14,1,1,1,0,0
4256,13,1.1420200148973318,2.7435092178884912,2.2879779423994431,5.9678357559904454,1.7437199005053796,3.6360859585285454,0.427153234806,0.000821863162276,1.8266564260067889e-07,0,9.1332821300339447e-08,13,1,1,1,0,0
4257,7,-1.0156334857339022,4.8457461512513547,-2.5834731875400041,-5.4949254619909027,-0.36057938410218443,-4.4946009070152222,0.271633824634,0.0390111325198,5.3737257837202098e-07,0,2.6868628918601049e-07,14,1,1,1,0,0
4258,13,-5.2111025365031498,2.8225395965090776,-0.82832462314962096,-3.4604834523077761,1.641838559886982,-2.76234928480054,0.0319860196303,0.00476600578811,7.9424326220334692e-09,0,3.9712163110167346e-09,20,1,1,1,0,0
4259,0,4.239927677961318,1.8997708683844496,0.56617459712723761,5.177858962904347,4.4775357678670655,2.8529764823306203,0.441572619902,0.136227682534,5.8480708161428241e-06,0,2.9240354080714121e-06,35,1,1,1,0,0
4260,10,-4.5993189726080166,3.0633551553411893,0.27448977546924674,-1.2616038770881941,4.7597156590074938,-5.7460130082985579,3.4624745664,0.0778607892647,1.3835413070008552e-05,0,6.9177065350042762e-06,19,1,1,1,0,0
4261,1,4.5739549868873848,5.5097566559445186,1.2353222199814973,-2.7268944875639121,1.4168141343823137,-0.35330030640511212,0.0415386664012,0.00185190925705,2.7701669299543077e-09,0,1.3850834649771539e-09,25,1,1,1,0,0
4262,5,-1.4365297890405309,5.4277723067371006,1.7313546289947634,-3.5293316470893847,0.34792145380912998,-5.6302638740434983,0.524155068621,0.000545606401036,2.7482921640686052e-07,0,1.3741460820343026e-07,17,1,1,1,0,0
4263,9,-5.5866993566763767,-3.5633815174495567,1.1056829435274314,6.0507139190797412,-5.1097200790662116,-3.3717949085006063,0.177370687944,0.00751890154847,4.8681565748861838e-08,0,2.4340782874430919e-08,55,1,1,1,0,0
4264,10,1.4804759965434244,-2.2262594098551114,0.86036532595188031,0.42832887240365713,-4.2821824741870866,2.3700202740024543,0.200351139432,0.00179295316324,4.1119826917300767e-08,0,2.0559913458650383e-08,20,1,1,1,0,0
4265,8,1.4858657786547522,-5.4750639002444368,1.2936619652989347,6.0844952279470963,-2.2824322842552216,0.28647029301745741,1.23693783444,0.095981641311,4.3362957134067328e-06,0,2.1681478567033664e-06,20,1,1,1,0,0
4266,0,-2.2567806060774349,5.5170168043593133,1.2831867908884034,-5.4892323663079248,-1.4030867623591319,3.9946330867255644,0.0181266775839,0.0286525807751,2.5041045686324065e-07,0,1.2520522843162032e-07,19,1,1,1,0,0
4267,4,-5.3179829276931692,0.40411311081563672,-1.1107835367653813,4.8781757751981552,-4.2893569055112462,3.2399489490880762,1.48135831059,0.0239717870346,2.369469800904605e-06,0,1.1847349004523025e-06,48,1,1,1,0,0
4268,8,5.1431008150112349,-4.2210698830850442,2.79966587966064,-0.95507445673946445,-5.3618553247114411,0.52296789317096803,1.20962725228,0.0154870322707,1.5362600196944344e-06,0,7.6813000984721719e-07,17,1,1,1,0,0
4269,12,4.7524611857604322,-0.50667249975543061,2.2693111120929341,-1.3516060281770572,4.8444567068985434,-4.1615218009553709,0.0232305321386,0.305105103712,2.8357108515397975e-05,0,1.4178554257698987e-05,8,1,1,1,0,0
4270,15,-3.4837340156439907,0.35677437604712314,-0.061331881562048607,-2.6806729809290188,1.033107537428803,-3.2586838489612062,4.2924282039,0.0284970498469,1.8672314163437463e-05,0,9.3361570817187313e-06,13,1,1,1,0,0
4271,3,-0.63259466492166994,0.91120972738705264,2.3769547522347887,-4.3208939755211553,1.4488654084041732,-0.80390501090062516,0.471558795389,0.0345210481521,5.8538111909332561e-07,0,2.9269055954666281e-07,28,1,1,1,0,0
4272,11,-3.0384748517633273,1.2623869648134596,2.4951089250018685,-5.7168909514098889,-4.7708050112043328,1.4630239448166378,0.0752062815497,0.0342709421045,3.6342837447373128e-07,0,1.8171418723686564e-07,13,1,1,1,0,0
4273,15,-1.1212475933876322,-4.2430763242894791,-2.2626091372524351,-0.831168929864877,-4.4195309190272969,0.35834109010292298,0.615990920061,0.0164589808723,4.6196507902660328e-07,0,2.3098253951330164e-07,23,1,1,1,0,0
4274,8,-4.7596904986313282,-3.6921489198715292,-0.38280084887219196,0.93378754974049816,0.92607338181876397,-3.2912950312070355,1.16468316842,0.00535139328464,1.365210336763621e-06,0,6.8260516838181052e-07,11,1,1,1,0,0
4275,9,-5.5668002175317692,-6.1097715714012351,-0.47523401963200984,3.6076222951514088,5.8092597838093214,4.3924033460159571,0.0334042746694,0.743129459959,0.00016822346446420121,0,8.4111732232100604e-05,58,1,1,1,0,0
4276,0,-3.7782542310682921,-4.0460153540172916,-1.3960517635908569,-2.5128331900972642,1.3560243038011195,1.7003495824131312,0.0415522453468,0.123102790599,4.6179894561640588e-06,0,2.3089947280820294e-06,11,1,1,1,0,0
4277,12,2.762415195048749,3.4989500444760009,1.4564819955216137,4.3168098362330296,-5.9547200542359855,-1.6740961352526629,0.0330161744977,0.00969530388805,2.972377548445648e-08,0,1.486188774222824e-08,23,1,1,1,0,0
4278,4,-3.945614390265594,-0.87620279332061035,-2.467986428935796,3.3785402007962402,-1.7791702942336933,0.60973406721352019,0.391305693563,0.143571180861,6.4321027528366649e-06,0,3.2160513764183324e-06,16,1,1,1,0,0
4279,4,5.3591181807374682,1.8045861215746615,0.25443038631750359,-2.7970897107159134,1.2457061428686997,-0.99074324168443884,120.130557388,2.34412382849,0.016105198111529426,0,0.0080525990557647129,60,0,0,0,0,3
4280,8,2.5268429662718273,-1.9630780792389428,-2.0111664163838872,3.0284231007998148,-4.8927140941034626,-3.7601154527106746,0.057821031009,0.00610657860258,1.4702547275168937e-08,0,7.3512736375844685e-09,40,1,1,1,0,0
4281,0,3.1089730731507865,-4.763348445034242,2.7017405323650712,1.7942383387265504,-3.4644290701546261,-2.285707645419448,0.0268107376562,0.343616661193,3.5967631651914133e-05,0,1.7983815825957067e-05,17,1,1,1,0,0
4282,15,3.517676344884042,0.16105689280201613,0.9807728291373693,3.7672622393675042,-4.6820981732697673,0.81608092136140309,0.536114466081,0.311292313978,2.9805731532944399e-05,0,1.4902865766472199e-05,18,1,1,1,0,0
4283,2,-5.199613204950718,5.1577553177221152,-1.8939000926624991,-1.0335029735513015,-1.239853655640605,0.31793792693675976,0.267011204234,0.00287009286112,7.380424878244829e-08,0,3.6902124391224145e-08,11,1,1,1,0,0
4284,8,-4.0768163762289102,0.81630736030137185,2.2544290591942096,0.71103273520883548,-3.7414993696542678,2.1126655043793203,0.0045508466274,0.495986880153,7.4936815347150068e-05,0,3.7468407673575034e-05,21,1,1,1,0,0
4285,14,3.255311078480505,3.9060009587858415,-1.4820989375213154,-0.95654705940642692,4.6953675238930916,4.601532869884803,0.113612897392,0.00461118099955,1.9384967668749602e-08,0,9.692483834374801e-09,26,1,1,1,0,0
4286,4,-0.39210759850069909,-4.195228860279312,0.040818785392838286,-1.1682223942869248,5.246068695115726,3.1899685393750987,40.347939491,0.00942752343796,0.0016279832950150787,0,0.00081399164750753936,60,0,0,0,0,3
4287,0,0.27511049582348301,-1.6281083842074353,-2.5555997907865944,-0.24232043114841109,-1.450404866179055,-4.8440777250650058,0.081886044616,4.49812714183e-05,6.7059406397813183e-09,0,3.3529703198906592e-09,25,1,1,1,0,0
4288,2,4.3687154045264114,-3.6759433626041904,0.72249860863461302,3.245406293379971,5.2572376675014674,-4.5575404560416857,0.495538659537,0.0114104205154,2.8521904941567173e-07,0,1.4260952470783587e-07,15,1,1,1,0,0
4289,0,-1.8591311924320069,4.8782665652379906,0.27287682552894332,1.6433022240148496,-2.1860564081096503,3.0843372310104993,0.11286564603,0.000289655799883,1.2764211602320325e-08,0,6.3821058011601625e-09,16,1,1,1,0,0
4290,14,3.5767506829955851,3.7179930916303494,-2.2876737055199867,-5.9008554848665904,5.8423203601809721,-1.9565731885349182,0.733910735813,0.0125414046453,5.8653727660821987e-07,0,2.9326863830410994e-07,14,1,1,1,0,0
4291,6,-3.4915710519990277,3.8960283377606095,-2.4973792151902279,3.4266740153324737,-4.5961273631921671,-4.4985401933503963,0.0667795223195,0.009528215359,3.2114772152147221e-08,0,1.6057386076073611e-08,13,1,1,1,0,0
4292,8,1.8156240985685572,2.7436474070317995,-0.86763623203591256,0.88698165042972443,-2.254624518947355,0.74087374783817239,0.0772377322979,0.0285442474001,2.541600390461881e-07,0,1.2708001952309405e-07,13,1,1,1,0,0
4293,0,-2.198352317263137,2.0633449750081057,0.96245257077581647,1.4728204655770081,1.6233347370640225,0.75014374481621204,0.0549751682448,0.110207737691,3.7028279085600302e-06,0,1.8514139542800151e-06,43,1,1,1,0,0
4294,11,2.0088558112519403,-2.8656150791028581,0.55408718621553288,3.9061175058741395,-1.3349780603152706,-0.78037586063220421,0.292764882476,0.207464712061,1.3196934468188007e-05,0,6.5984672340940037e-06,18,1,1,1,0,0
4295,1,1.3315129621582489,4.1548078076156401,-0.79933530573205414,-0.22213452218965124,3.8422889605464374,0.44939886334338347,0.0219464020601,0.81650616972,0.0002030835313614038,0,0.0001015417656807019,59,1,1,1,0,0
4296,2,1.031322354122717,0.10169702368503256,-2.2954098659848166,1.3546731573085078,2.6582962022147503,-1.8522806695508707,0.156652335467,0.00562549231261,3.4179926957832032e-08,0,1.7089963478916016e-08,25,1,1,1,0,0
4297,2,-1.552549862907467,1.0797179127857455,2.443442245448701,-0.67134247081966936,-2.5745839455357067,4.5714359150706914,0.0696752438064,0.0192706917756,1.1797723103928411e-07,0,5.8988615519642053e-08,36,1,1,1,0,0
4298,11,-3.7597885313076702,3.4805229900980579,-2.6373126053630145,1.225892456110381,-1.4865952173223755,-0.32669269800443401,0.0631113680112,0.000267681530531,4.0048716466110259e-09,0,2.0024358233055129e-09,16,1,1,1,0,0
4299,7,-0.88502751863487195,-2.3857403070493062,-2.0695824201898207,-3.2504003906787258,1.664916785516279,-0.65671937350132059,0.0291424224571,0.00979344788618,3.0065631455370098e-08,0,1.5032815727685049e-08,34,1,1,1,0,0
4300,9,-4.8602924537602092,2.3902286112079931,1.1222797753999647,1.3225832543869813,1.7426989284593157,3.3847076083982373,0.0886988919453,0.0565144969604,9.8078152678058925e-07,0,4.9039076339029462e-07,16,1,1,1,0,0
4301,12,-2.6191403203088996,3.7455659979453113,1.0387949618227816,-3.1405733953090196,4.053020087090732,3.6415399735267249,0.0700440784541,0.00964898014435,3.3266913067532214e-08,0,1.6633456533766107e-08,29,1,1,1,0,0
4302,9,3.2553320705336422,-4.9420349874670535,-0.74869095588993329,-1.8544308717682039,1.0132077010277614,-0.12231732753080871,0.0560977462899,0.242288388971,1.788530544319351e-05,0,8.9426527215967549e-06,11,1,1,1,0,0
4303,9,-1.056896138544432,-4.1072696686994812,-0.70232110768056533,6.0334589956281066,5.2399053957488233,1.3895059003259584,0.700888795616,0.0145147369175,5.554211670172038e-07,0,2.777105835086019e-07,14,1,1,1,0,0
4304,2,-2.2426077664973829,1.5745114683440724,-1.4393921849819316,2.8691618520785998,-5.5444129829017461,-4.9279310642188729,0.351299954167,0.0304917757092,4.0662921216083084e-07,0,2.0331460608041542e-07,18,1,1,1,0,0
4305,2,-5.0216927332643193,2.8050034568771824,-1.7298980947075155,-2.7245674311023071,-0.7085312903309785,3.8795170172461195,2.2752898772,0.0541708379453,6.0708376549396788e-06,0,3.0354188274698394e-06,38,1,1,1,0,0
4306,10,-5.2287869585949593,4.6767887489993916,-2.4685988320340928,-3.3609357002982496,2.1911187606437506,-2.8548876138396051,0.278653329757,0.00366299505985,8.1734892408694511e-08,0,4.0867446204347256e-08,15,1,1,1,0,0
4307,6,2.6814108768244962,0.70584711403641165,-0.64848837884354971,-6.0497895939464925,3.1404687029438905,3.0685033175763792,0.739801536928,0.139211445345,6.4507390629346699e-06,0,3.2253695314673349e-06,40,1,1,1,0,0
4308,5,3.4185393583509267,-5.8809374982531217,-0.48854329261099305,1.6086032081414712,-0.85743132478320772,-1.553482243457192,1.52067813517,0.065478956817,3.6185072851719572e-06,0,1.8092536425859786e-06,22,1,1,1,0,0
4309,14,-3.9811019838466732,1.9889342414816251,-1.5373968961290292,-2.2437569903339969,1.4924556841647172,2.4013427913692666,1.0642170008,0.0744027744143,2.8188506639949627e-06,0,1.4094253319974813e-06,20,1,1,1,0,0
4310,5,-4.1968509664706533,-0.38699823049963189,-1.2319740501561809,-3.8943070067249206,4.4297141107252065,-0.73262443549906386,0.0800495306898,0.153588761431,7.192182878091501e-06,0,3.5960914390457505e-06,13,1,1,1,0,0
4311,14,-5.7849196695552507,-0.67220314451153096,-1.1183747536415594,-2.9285861230003376,4.2970127375594647,-4.8276709366981034,0.926810338236,0.00860694980519,8.8154333508767788e-07,0,4.4077166754383894e-07,8,1,1,1,0,0
4312,3,-4.9159568740152473,2.2737041767434798,-0.57507151094452635,4.3724134561153321,1.186957266883049,3.3207602767496298,1.68632100302,0.109587875464,6.5019821740515213e-06,0,3.2509910870257606e-06,19,1,1,1,0,0
4313,6,-4.5363055382124795,5.2275966552614772,1.0235286651612674,-1.4232086964417299,-4.7606069328422356,3.0167563758398797,0.213687212071,0.0083114502723,6.6705258599617386e-08,0,3.3352629299808693e-08,15,1,1,1,0,0
4314,11,1.9652143714246131,4.5830699426844852,-1.8675344326171619,-4.7771584317659519,-4.4600589804307571,-3.658247930220957,0.556096298207,0.0455232954951,9.4052322694229854e-07,0,4.7026161347114927e-07,8,1,1,1,0,0
4315,7,4.5997004580686536,5.1798177320100987,0.57148171298092187,-4.4511025995083759,4.9696988996643388,-2.9113037529071817,0.36482536926,0.0190151337372,2.4323968836455708e-07,0,1.2161984418227854e-07,11,1,1,1,0,0
4316,3,-1.3570783476941153,-4.389011143866659,-0.053875435436898933,3.5252187157603245,-5.0096905033219743,-0.49283248185000816,153.55702271,0.0158296189788,0.023579835553623352,0,0.011789917776811676,60,0,0,0,0,3
4317,6,-5.6989685190179378,3.9493022507459958,-0.49024515266428509,4.0891279153320257,4.8723040654284731,1.5250140041284836,0.209678853049,0.0691952661927,1.502468816506221e-06,0,7.5123440825311048e-07,19,1,1,1,0,0
4318,6,4.1282229581624996,0.45351436054397548,0.45825639765136972,-4.2041944961797233,-2.1040680478224525,-4.6444575495812996,0.0231144037086,0.506111089399,7.8027809570564995e-05,0,3.9013904785282497e-05,24,1,1,1,0,0
4319,12,0.19497353985400506,1.1008879375648757,-1.3156469977064993,3.9424809492533215,-4.1165919262439097,4.5055808109262392,0.758363512924,0.00659090399271,5.8834780315373131e-07,0,2.9417390157686566e-07,20,1,1,1,0,0
4320,3,0.98345854471421668,2.4664418154994125,-2.7904355336302369,-1.5289374682552281,-4.2796217587703662,3.6173513971788278,0.163084500063,0.0132809172396,8.0325816236473383e-08,0,4.0162908118236691e-08,48,1,1,1,0,0
4321,2,0.2751224767114453,-4.6546385588816603,-1.5736016603680085,-5.3040767658061396,4.4797749781405889,1.151520653905614,0.084201233629,0.0126811930787,5.6076184663169389e-08,0,2.8038092331584695e-08,8,1,1,1,0,0
4322,6,4.3797201278353368,2.3424770525725922,1.3078854160528179,-2.8156659822601515,-0.32240498517979538,-1.5303405258504943,0.147753449086,0.0282877479727,2.6558493133438073e-07,0,1.3279246566719036e-07,18,1,1,1,0,0
4323,7,0.38992854677723598,3.0741950411528332,0.30501060267587549,5.8869638355515317,-1.7198550436081845,2.5554572449124362,1.56925064915,0.015087645841,2.5318898128250471e-06,0,1.2659449064125235e-06,12,1,1,1,0,0
4324,3,-2.4803539946463418,6.0368559564422739,1.2321611017100482,-5.4226541531539825,4.0432401534498101,-1.7821962031273457,0.276058853681,0.0580094751967,1.1012763301622486e-06,0,5.5063816508112429e-07,40,1,1,1,0,0
4325,5,-0.51802579385525815,0.050154682321111817,-1.332993820104303,5.3778847563206797,2.0119973773692723,4.1596196859135208,0.372430715667,0.0453467662026,7.6509833464249395e-07,0,3.8254916732124698e-07,20,1,1,1,0,0
4326,14,-1.3917597311151908,3.3507968817361715,-2.0142319806763496,-0.83843775129506493,2.1501708960882375,2.1685872076959787,0.0208905721776,0.125579014023,4.8042801647646941e-06,0,2.402140082382347e-06,42,1,1,1,0,0
4327,7,-1.8372946906580485,4.8376819372896094,-2.3270423397909039,5.3116302134415978,5.0170266248526758,-2.6285584387363987,0.0508645225911,0.0341460905034,3.5775755463836507e-07,0,1.7887877731918254e-07,15,1,1,1,0,0
4328,9,-0.8832099822715086,4.748460125615634,-1.8538935490023094,4.6962035510441646,-1.7685900414246651,1.6326667786278704,0.014781460225,0.0504923884653,7.7683490481441435e-07,0,3.8841745240720717e-07,17,1,1,1,0,0
4329,6,4.9121091932115082,0.89179228180101977,0.5667961414315843,0.13254303773764375,4.3878351686863475,-3.0574743292207982,0.279474160129,0.02480390329,2.655166835881784e-07,0,1.327583417940892e-07,23,1,1,1,0,0
4330,13,2.4290553628035738,-1.0649841392871342,1.9309941150108858,5.564850266789831,-1.486631708587004,-1.2292142787331086,0.547868483787,0.000578027937729,3.0026165317121789e-07,0,1.5013082658560895e-07,10,1,1,1,0,0
4331,12,1.2019451115624837,-1.9436876355965074,-1.4520148529707708,-1.5123290861424685,-2.4284067313393871,0.18541880962665677,0.0601945071012,0.00649945207398,1.6491294961054997e-08,0,8.2456474805274983e-09,44,1,1,1,0,0
4332,2,-5.5186845852535775,-1.129274092555326,-0.91155948673138454,2.0005737970672266,2.7675480414764535,-1.7175238562463386,4.77813202874,0.129567875378,2.7944412461396342e-05,0,1.3972206230698171e-05,42,1,1,1,0,0
4333,5,2.9344155173625968,-5.9973065946842761,-0.40234219841400837,5.0454850227117838,-0.77130047248898725,-2.5239754222857629,0.0295178476477,0.580390877182,0.00010261233673879815,0,5.1306168369399077e-05,38,1,1,1,0,0
4334,12,2.6129016102888243,2.741267104839487,-3.0243145571733376,1.2372103055199424,-1.3089582527624926,5.3717124947922184,1.14553397085,0.0457158211833,1.9488790835533354e-06,0,9.7443954177666771e-07,8,1,1,1,0,0
4335,13,5.5663802767669681,-0.23033066737855906,-3.0507577542335365,3.2894835042407911,2.08630598091474,0.49345653335036044,2.14025682449,0.151223509325,1.1546857900728763e-05,0,5.7734289503643816e-06,18,1,1,1,0,0
4336,14,-1.8554051339488362,-4.9149458883726167,-0.95719662783762627,-3.2019169381930417,-3.0551710123746982,0.92865027194408423,0.0713062395804,0.370781157149,4.1883481243657756e-05,0,2.0941740621828878e-05,10,1,1,1,0,0
4337,5,-3.3764627738070234,-2.544412691272945,2.8532384469793075,3.8585149847258973,-0.83756185744016043,-0.86043347894092193,0.127738396187,0.0549607263817,9.3646928545116069e-07,0,4.6823464272558034e-07,16,1,1,1,0,0
4338,2,-2.4326299437474481,1.4189277209942688,-2.5537070729165703,1.8644726148232225,4.8087356862985118,3.4124598956039054,0.025320423575,0.000848836130724,8.6060763919167427e-10,0,4.3030381959583713e-10,33,1,1,1,0,0
4339,6,0.57807387532189491,2.0084696624269847,-2.3260837766050182,-2.0673729977255402,-5.2910041487607531,3.6556793015743287,0.315880706669,0.0503580872271,8.7227119104348878e-07,0,4.3613559552174439e-07,17,1,1,1,0,0
4340,3,3.5291815614440436,1.5789119702415408,-1.8427069291426146,-1.2422719184372208,-4.6513625846424178,-4.4041067020403615,0.00109705252601,0.00856030532798,2.2323210823873662e-08,0,1.1161605411936831e-08,23,1,1,1,0,0
4341,11,-1.9365581594473857,1.2406887189759919,-2.246095503003112,-3.70807511847678,-1.6603959352260453,3.571146316114755,0.0616260467202,0.00814994605659,2.4030952357779931e-08,0,1.2015476178889965e-08,19,1,1,1,0,0
4342,10,4.0739831783376337,-2.8503660259491297,-0.29934372246993995,-1.1637148746662258,-0.84144312056321147,-1.801697586436368,0.0682262063561,0.0229199314881,1.6467743107222508e-07,0,8.2338715536112542e-08,48,1,1,1,0,0
4343,14,-0.28243772875263295,-1.642119437226953,0.61334513198876084,2.6417542441848818,-3.2258806131773321,-0.12587533424267641,2.83544824791,0.387224731144,5.3715014229541756e-05,0,2.6857507114770878e-05,35,1,1,1,0,0
4344,11,-4.2856912551938917,-1.6671000682254007,0.77242923829543408,-1.0391729166933525,-3.0894682550365089,2.5047818905766737,0.24906222431,0.0208481581829,1.9443264311750788e-07,0,9.7216321558753941e-08,22,1,1,1,0,0
4345,2,-0.30408818771428725,1.2001733443122307,2.8328008986910067,-5.5802585151848403,0.84693562593380056,5.0282449321202174,123.884324846,1.44063033925,0.01597953374074788,0,0.0079897668703739402,60,0,0,0,0,3
4346,9,-3.5600996620038696,-1.5496782574991566,0.44513434542509056,4.7519714324690243,-4.0657141078969037,3.6666383858471225,0.0100250790807,0.599710286521,0.00010955649506617426,0,5.477824753308713e-05,12,1,1,1,0,0
4347,5,0.31490151256547766,5.065132914320853,0.057254840546550501,-0.73157665254444715,-5.1535033426330497,4.0249683234652789,2.93136191434,0.012222281561,8.6383876921915463e-06,0,4.3191938460957732e-06,19,1,1,1,0,0
4348,5,5.9935038248169992,0.0017777776516908501,-0.72821496364790028,-4.6617742708065784,5.0052467728324528,-3.6827113472145818,0.0460274908466,0.0132554722239,5.564210856673122e-08,0,2.782105428336561e-08,10,1,1,1,0,0
4349,4,-5.1972048105181976,1.0191613003516959,0.52246688644954697,-1.4982763935763754,5.2917383626444963,-6.048542876295846,0.146123978465,0.0475338087146,7.0962399738525829e-07,0,3.5481199869262914e-07,21,1,1,1,0,0
4350,13,-2.5142896866344522,4.0434538887211859,-2.3857788800884832,-2.5394960984232591,-5.2114901390772346,1.3304783638552398,0.0497609654975,0.143971661639,6.3165370957702231e-06,0,3.1582685478851116e-06,19,1,1,1,0,0
4351,8,4.5160750030333796,-4.1735558914579443,-1.2243051562243061,3.8399174552082025,-5.3748442880527394,-5.4056274803300441,0.025146680412,0.245768453703,1.8400174209573552e-05,0,9.2000871047867759e-06,22,1,1,1,0,0
4352,8,-0.55476978444000791,5.7996794240692084,-2.7120001201148503,1.7486492044081303,2.6525887600835891,4.2089578827278116,0.100081646892,0.0253859085627,2.0632531222015978e-07,0,1.0316265611007989e-07,20,1,1,1,0,0
4353,3,-4.7249880131235509,0.60403112281558868,-0.80468191712943382,-2.2221340674231964,1.5151332915312707,-2.5339559744817417,0.21329223418,0.0227271168857,2.0283512791597033e-07,0,1.0141756395798516e-07,21,1,1,1,0,0
4354,5,2.0406674846900636,5.0046795015651391,-2.764928568823767,-4.817544209414665,1.3890469839903599,3.6885023321208985,0.197995707017,0.0317133676373,3.45567519162738e-07,0,1.72783759581369e-07,27,1,1,1,0,0
4355,15,-3.8987829600404185,5.0193059395290804,-2.4194969421818882,-0.38989582099671521,-2.5284486396106352,-0.20318500593514841,0.0427730596423,0.00431249560246,7.4946931383545469e-09,0,3.7473465691772735e-09,16,1,1,1,0,0
4356,2,4.0961247671465735,5.2801249779637764,0.8431974889267545,2.2288854862276879,4.5421388977008155,-2.3566872220234156,0.162342162115,0.0207630317226,1.5767660926248334e-07,0,7.8838304631241668e-08,27,1,1,1,0,0
4357,3,-0.53027135169096817,-4.7479037775399133,1.8447093005662667,-1.2778119514857489,-1.4638947447548947,-4.6810598454727268,0.540535007087,0.0193345500726,4.0605164799037941e-07,0,2.030258239951897e-07,25,1,1,1,0,0
4358,3,2.8885523686296088,-0.52497638585734407,2.1051384542520122,1.9368840541163392,-4.1686001743315027,-5.23162839769551,0.0536820432677,0.00796584541881,2.2211166696392127e-08,0,1.1105583348196064e-08,18,1,1,1,0,0
4359,14,-1.1048527758214102,1.4502841337235914,1.7527051874262174,4.6079724480421742,-1.8259131286147394,-3.4840591400503884,0.0200138741315,0.0124250481324,4.7427947160854276e-08,0,2.3713973580427138e-08,15,1,1,1,0,0
4360,3,0.45884009715799157,-4.1092693066355857,-1.9725425154045284,-5.4801312956631456,-1.6221735334834999,1.0981967280173104,0.227776868478,0.0248608833471,2.4015521678355668e-07,0,1.2007760839177834e-07,29,1,1,1,0,0
4361,7,1.0710435383398433,-2.7092043376979902,1.8010461695187403,2.6180708676129529,4.3901304546526365,0.26785871711742271,0.0484215128555,0.0240533494289,1.7858519963336027e-07,0,8.9292599816680136e-08,10,1,1,1,0,0
4362,15,4.6361591212253588,-0.15049539720844141,0.96727781862542317,3.8760715082890345,1.9113274206513771,5.6653576598572215,0.0747830093256,0.0406595832202,5.0918653705096556e-07,0,2.5459326852548278e-07,21,1,1,1,0,0
4363,10,-0.053846799409714693,0.0035352699746613518,-0.66040195969296778,5.3102489836371438,2.1429873351404329,-1.0728563388616574,0.0188832713536,0.0599683091614,1.0958211653221175e-06,0,5.4791058266105875e-07,20,1,1,1,0,0
4364,5,4.9969012367720653,-2.2859274726227126,-1.634633585180379,-1.3559723272079056,-2.7984851413246159,-3.8651798802339123,0.0660539735255,0.00068439773371,4.5058102964963209e-09,0,2.2529051482481604e-09,25,1,1,1,0,0
4365,11,0.86816596568354198,3.2637234511385147,-2.5358154164330116,1.2194314869700849,-1.1751182324793756,0.32584347465843355,0.153471978065,0.0155294301728,9.7016160237549369e-08,0,4.8508080118774685e-08,12,1,1,1,0,0
4366,9,-5.0357853793408198,2.9520521321561528,-1.0752749367029444,-3.5019813153456876,-5.2933736644811749,-2.3096344611692969,0.532126777309,0.0147561225295,3.4948726430045531e-07,0,1.7474363215022765e-07,14,1,1,1,0,0
4367,10,-0.85700808258596528,-2.1868832783442906,2.9303476540745126,-4.6174109982382658,-1.8797089444707278,2.2732656213930196,19.4167261108,0.127359339,0.00038195026963273952,0,0.00019097513481636976,60,1,0,0,0,2
4368,11,-0.5689044462604016,3.2951600323388219,1.3477465162712241,-2.7165326707133279,-1.7918390067807839,2.4845860072813921,0.420870273552,0.0205283591289,3.0550168888237181e-07,0,1.527508444411859e-07,11,1,1,1,0,0
4369,3,4.7461328989412879,-1.9741625973808967,-1.1553816263052337,-1.6400743147912942,-0.6196784237734122,3.5552940425202966,0.111887771068,0.0197867398264,1.3178118464682831e-07,0,6.5890592323414153e-08,51,1,1,1,0,0
4370,12,-2.5416828117833825,6.1337244959917054,1.943074075838009,-5.6759829858767192,-2.0694096473732873,4.5803522314005898,0.027736922537,0.0195036805573,1.1664384018566002e-07,0,5.8321920092830012e-08,27,1,1,1,0,0
4371,8,-1.6688492423414707,2.1246432474924783,2.9593343544805584,2.5952255900963599,4.7283902728536695,2.5776967280858614,0.0412391433993,0.0107432022185,3.6858511061481052e-08,0,1.8429255530740526e-08,16,1,1,1,0,0
4372,14,2.4319410862003656,-5.8840331990646417,2.7368959035634504,4.7749637272637484,4.3124021470549074,-5.6256138839087981,0.0102492712788,0.495643192284,7.4833082647997163e-05,0,3.7416541323998582e-05,24,1,1,1,0,0
4373,15,0.80928554969006028,-1.9510582516148327,-1.003433086319276,1.1065692336977597,0.40127828498106788,4.0240433983099706,0.187506075964,0.0235489520062,2.0408507534532194e-07,0,1.0204253767266097e-07,24,1,1,1,0,0
4374,14,-0.22006201369360182,-5.2055315369942639,-0.94977429331216934,-5.8927887320472463,4.0982811588562509,2.6600633725209932,0.118541792957,0.00457578126368,2.0430167422126667e-08,0,1.0215083711063333e-08,24,1,1,1,0,0
4375,9,-5.4619541951090449,4.0267642576019815,-1.3509067218051409,-2.7731143186490113,1.5761503911985169,2.9848680115289699,0.0207352111581,0.000127023080124,4.3486394207193881e-10,0,2.1743197103596941e-10,35,1,1,1,0,0
4376,0,-5.9576297936570191,1.4781105029294794,-0.89043095114026782,3.2456583242113144,-4.4170436069165904,3.9933979881200026,0.14432906921,0.0578574069244,1.0405314592701373e-06,0,5.2026572963506867e-07,17,1,1,1,0,0
4377,2,-0.73860911142100127,5.3112065557444978,-2.1995400014152229,-5.1483166363191337,-4.1861790196455768,-1.2599497137637843,0.167612670012,0.0704514016717,1.5400321077590135e-06,0,7.7001605387950675e-07,27,1,1,1,0,0
4378,0,-1.8335787371297407,-5.7914439588380837,1.8254712909336903,-4.4436165779481742,1.2818749076471698,6.1148496667391878,0.433691826932,0.0245328120609,3.7142529607527854e-07,0,1.8571264803763927e-07,17,1,1,1,0,0
4379,13,-1.9405641539384797,-3.6055476525353689,-1.9086588899682513,-1.7927926773624752,2.0401892123357777,-0.17555997616854196,0.0284300269619,0.686339780318,0.00014349458883771563,0,7.1747294418857813e-05,47,1,1,1,0,0
4380,14,4.0439958206348674,-5.0947695754338556,-1.8767787739327433,5.3343616680424475,-4.5755901719324221,-4.0541441363869168,0.0222644526087,0.0706299483884,1.5201070010229478e-06,0,7.6005350051147388e-07,8,1,1,1,0,0
4381,8,-3.4308212117548558,-3.6454644430668557,2.1520039776225262,3.2395895866149469,-1.1430164839648422,-1.4830113717662585,0.0814852920421,0.023679186916,1.7744002596949101e-07,0,8.8720012984745503e-08,10,1,1,1,0,0
4382,12,1.052744694992251,-3.2018828023090578,-2.8542517262893758,-4.7390233882639601,-1.6185601378968109,0.2461496739287439,0.0956104494325,0.0630363458961,1.2195633203115818e-06,0,6.0978166015579089e-07,8,1,1,1,0,0
4383,9,3.2713963610110359,2.8148405120903615,-0.68314829730467819,-0.86513526359391335,4.6758530489508221,-1.4797525021422429,0.0435202333053,0.0478167521088,6.9838400690477408e-07,0,3.4919200345238704e-07,18,1,1,1,0,0
4384,12,0.08465586362155425,1.2542080713113897,1.5205238029502006,3.1513270312240338,2.5743747611999357,4.803460956322013,0.16105458756,0.000739220900304,2.6105037613560346e-08,0,1.3052518806780173e-08,26,1,1,1,0,0
4385,4,-0.057350308975572514,1.3076360878984197,0.4200577707577432,-3.1387223774902537,-4.3997879820241304,-0.5097903933836041,0.333437243062,0.0204776581008,2.3891698278052671e-07,0,1.1945849139026335e-07,25,1,1,1,0,0
4386,7,-0.82901009312143936,1.3957655585645814,-0.093720386135874884,-2.950802783919356,-4.6313232394938684,-1.0383012500742477,2.94409996119,0.00072134121194,8.6678830840082388e-06,0,4.3339415420041194e-06,28,1,1,1,0,0
4387,9,0.51739230182233076,-3.9971600435034413,0.75899810871669715,-1.0847262940032545,5.2329533292353556,-5.0387583363354773,0.232866273507,0.2469951948,1.8637907780806306e-05,0,9.3189538904031532e-06,11,1,1,1,0,0
4388,6,-6.133227107503866,-3.0775710637755531,-0.68738097859977543,4.2894382287479909,3.4302456135625445,0.81518893317959407,0.390888210353,0.18948065174,1.1089447649236152e-05,0,5.5447238246180762e-06,8,1,1,1,0,0
4389,11,1.0959123451553043,2.8123162420618657,1.5598864808793869,5.5344494558380974,0.2635771002252732,4.9335174089780978,0.112471053803,0.00614164025722,2.4139829355465607e-08,0,1.2069914677732803e-08,21,1,1,1,0,0
4390,15,1.0771462421530611,2.627633881156346,-2.712008104415256,-4.3521014413916621,-1.4298729820541471,0.53922645146295289,0.425104348459,0.0330629339423,5.1370855487755986e-07,0,2.5685427743877993e-07,10,1,1,1,0,0
4391,7,-1.7580108346452723,-5.8711565647278388,-0.051657009905392376,-1.0808942129029702,-3.5077190580985991,-4.4675659024336278,2.3074787274,0.398131813335,5.3609042633791572e-05,0,2.6804521316895786e-05,13,1,1,1,0,0
4392,0,1.6909989105074477,-5.2081782632103257,1.8089995609520726,2.1611217084613461,1.3980818843802207,-3.2215445388724411,0.201561214759,0.0100395287798,7.1329964344057245e-08,0,3.5664982172028623e-08,12,1,1,1,0,0
4393,13,-4.5452289231180414,1.664923374510892,1.8233493226700168,-2.3108479029273865,3.5719219186158861,-1.3048586871319778,0.0235119717522,0.000802745414184,7.4910834190951238e-10,0,3.7455417095475619e-10,9,1,1,1,0,0
4394,13,-1.0709761294394999,-4.1253082370962186,-1.7595724927957936,-4.4031560355589709,-1.9523176692554192,-3.1150836143476734,0.372727546217,0.000924605601233,1.3918623977549906e-07,0,6.9593119887749531e-08,10,1,1,1,0,0
4395,9,4.7481685644122109,4.7175917075220868,1.7546176148419801,3.2240506425533924,2.305633121242193,4.6834628326651355,0.189591518507,0.029832949084,3.0705592521446809e-07,0,1.5352796260723405e-07,11,1,1,1,0,0
4396,0,-2.2667047063778107,2.3075099068799321,-2.7480732033238886,-2.4011306933519383,2.0919343295253729,-5.2298351847913747,0.0102590637451,0.126567843986,4.8798993706704729e-06,0,2.4399496853352364e-06,19,1,1,1,0,0
4397,0,0.32652391142936221,4.0100364123961443,1.4916086650746996,-2.6757784359311811,-1.3704895084372315,0.95577060459641672,71.736658927,3.93095159243,0.0098532124877308731,0,0.0049266062438654366,60,0,0,0,0,3
4398,9,3.8094724312618493,1.3992236220699499,-0.3760971881461298,-0.66553644549165158,-2.0173738918969506,3.9957811602494027,1.85737650701,0.301669726723,3.1171441246749828e-05,0,1.5585720623374914e-05,23,1,1,1,0,0
4399,2,3.070061071193714,1.4922598153890709,0.68894119409341681,-2.5954092370692918,0.98976526472842397,-5.2246233441233425,0.0430809094203,0.76198108979,0.00017686735435030126,0,8.8433677175150629e-05,35,1,1,1,0,0
4400,4,3.547867222716913,-2.271320618283883,-1.4140987090938966,-1.4079764475431094,0.82027209762010267,-2.6024891089025379,1.08059563875,0.0340411812412,1.5206782159589639e-06,0,7.6033910797948194e-07,10,1,1,1,0,0
4401,11,5.3922505015199036,1.9063293612489745,2.4795246836391942,-5.5043772509194762,2.3682850828615409,5.2339130947805224,0.0289219153072,0.0991750495623,2.9969591256138508e-06,0,1.4984795628069254e-06,21,1,1,1,0,0
4402,8,1.3854563104586379,3.3974778848201477,2.9180282777392827,2.3415111186400881,-1.2430537391147258,0.70224241181229097,0.05113634158,0.124333847087,4.7116668411460459e-06,0,2.3558334205730229e-06,35,1,1,1,0,0
4403,3,-4.3734589851083463,0.48237116468924301,-1.7456929294079961,4.5700052574672831,1.353736149456904,-3.4570606852558425,0.147567461445,0.00531969358952,3.0396566651585155e-08,0,1.5198283325792578e-08,10,1,1,1,0,0
4404,4,1.6216704414547163,1.5785533127041576,1.5065871566862088,2.0521923824167527,-4.3935637577891855,2.6201733267150713,0.0659349578273,0.00948942749675,3.1777984044347512e-08,0,1.5888992022173756e-08,45,1,1,1,0,0
4405,15,-0.72971320929358041,5.7123689997748883,-1.3964884915464091,-5.3164182312783588,0.97624931846273022,5.2976443959837827,0.130752155858,0.00700354903481,3.2037519037595294e-08,0,1.6018759518797647e-08,42,1,1,1,0,0
4406,13,-1.8846775011742598,0.065991812692231949,-1.1810159636395887,2.7010223039809729,5.113596374716133,-2.2123888430155949,0.70113734457,0.00147011207595,4.9225192410946802e-07,0,2.4612596205473401e-07,13,1,1,1,0,0
4407,11,-3.9980288916861566,0.65361510220846497,0.84346829189301697,2.5223414321626794,2.490013791347149,1.143805954621677,0.0644742319396,0.0140410413959,6.4212507834407689e-08,0,3.2106253917203844e-08,22,1,1,1,0,0
4408,7,-4.0520296776588003,-4.5633333277919128,-1.243151088899574,0.20415908187460821,-1.3824810725975187,4.2597095758410832,0.0193665245417,0.183759534421,1.0286564039099131e-05,0,5.1432820195495656e-06,21,1,1,1,0,0
4409,13,2.4823203995453542,-2.2835099226322817,1.5947300029703986,-5.5892394310522864,1.6152112075149829,3.8747258549049772,1.77048438527,0.0606898742254,4.2566003699826709e-06,0,2.1283001849913354e-06,21,1,1,1,0,0
4410,15,-2.8948169340808723,-3.9893620654864077,0.18466955808076468,3.6022292759226882,0.36055444917846718,-5.2188599264453774,1.45825087475,0.895721628835,0.00024652630200489766,0,0.00012326315100244883,9,1,1,1,0,0
4411,12,1.0627776805682059,-0.27452046969159022,0.94548682070731949,-0.83820687910681824,-1.797885351472166,6.1593001996006187,0.0804028863721,0.0394514630577,4.8057664033469699e-07,0,2.4028832016734849e-07,12,1,1,1,0,0
4412,8,-1.6057812848017465,-2.2435892070059782,1.6576804831272718,5.0308769779714568,1.0945005950732067,5.486534042080776,0.0093638873201,0.0514285825965,8.057700242253515e-07,0,4.0288501211267575e-07,36,1,1,1,0,0
4413,0,2.1944369176713803,1.0513871205369125,-0.41897611652675953,-4.5989968953424887,3.9929111733112919,-5.0879607475203752,0.554528199053,0.0939092083573,2.9939040931824155e-06,0,1.4969520465912077e-06,20,1,1,1,0,0
4414,10,-1.7341670729508252,2.4485317965819786,2.1824546306977908,-5.1261862748030609,-4.6457635916181079,4.346671073663753,0.0570207117148,0.166417870832,8.4396026961951565e-06,0,4.2198013480975782e-06,8,1,1,1,0,0
4415,3,4.425390110803284,1.4876123722749903,-1.9017491203622605,-4.2814150446939125,-0.99855037855767415,2.9065878883574725,0.162835345358,0.0110444688179,6.3672671350193478e-08,0,3.1836335675096739e-08,14,1,1,1,0,0
4416,5,-0.057636092101785878,3.1271339439597892,0.77356351625531394,1.0223484820470363,1.2849345592942751,-0.8290971581870501,0.475115863239,0.0206010941198,3.5501626358947951e-07,0,1.7750813179473976e-07,34,1,1,1,0,0
4417,15,2.4801685213958984,-2.5056521328262473,0.39676576915836725,1.1446139362738721,-3.8507999152181207,-3.5733860204814936,0.856991081952,0.0655605482518,2.043735887383181e-06,0,1.0218679436915905e-06,29,1,1,1,0,0
4418,13,2.3792491374634257,5.8016051498516443,-1.2422960999730803,-0.92657586228662958,2.7342590446212047,-3.7720773266956487,4.35866721004,0.241255630731,3.6728017246814238e-05,0,1.8364008623407119e-05,33,1,1,1,0,0
4419,13,2.8351228372588202,-2.2679425083629265,-2.1136759235260261,-2.6792839405141176,-4.3227870918712679,-3.9899474008550873,0.163625128613,0.0106569334825,6.1368653521664058e-08,0,3.0684326760832029e-08,27,1,1,1,0,0
4420,3,5.279817171342513,5.0487914593099852,1.0009977666873384,-1.9483699413675066,-5.5263818759920049,-0.66617914965584701,0.179926769791,0.013843600188,9.0752128981012985e-08,0,4.5376064490506492e-08,17,1,1,1,0,0
4421,5,-0.43121231794040993,4.1019410063657524,-2.7327193813364454,-5.1405134201825753,5.0012375195534791,-5.4064092433570181,0.260649001974,0.0647646975971,1.345645329239077e-06,0,6.7282266461953852e-07,32,1,1,1,0,0
4422,13,-1.8029318199167179,-0.90552186639407795,-1.3428856071738724,-5.7310101795910864,1.369642535119594,-0.0094364070544652734,0.163745191805,0.00486249192325,3.4014809628389338e-08,0,1.7007404814194669e-08,13,1,1,1,0,0
4423,10,5.8053002754862746,0.85071262969519668,-0.54109508088413016,-1.7290770467191656,-4.7361857801974336,-1.4803953121349858,0.37618849707,0.00109428143188,1.4188255002123655e-07,0,7.0941275010618277e-08,7,1,1,1,0,0
4424,9,-1.1483853855541497,-0.71081752658080011,-3.0048946175368716,-0.70651864527406549,5.2111088834367685,2.5628245093679669,0.259955179151,0.0356270525269,4.54223587010397e-07,0,2.271117935051985e-07,7,1,1,1,0,0
4425,12,2.4581593814030631,-5.4399963610122244,1.2162762317907223,-0.57166251134181179,4.6694041604763035,-0.71192723401734914,0.241242703207,0.0390587565156,5.2291825312349776e-07,0,2.6145912656174888e-07,20,1,1,1,0,0
4426,15,-2.2526052083032959,3.4620250492793958,-1.8646204536628628,3.0196771040764472,-4.4214273790627159,0.64267601767694194,0.0802192514527,0.00730918081239,2.2709047156005731e-08,0,1.1354523578002865e-08,14,1,1,1,0,0
4427,9,5.0548194116002252,1.8219578838844737,0.42597586221017708,5.9134558328493068,4.822251541226084,3.5923350837506991,0.112602391142,0.488921288927,7.2829653947459704e-05,0,3.6414826973729852e-05,15,1,1,1,0,0
4428,8,4.3340931808016672,-3.764130536194692,1.8995628258941506,-1.2436710121940104,-6.0036369676236818,3.0472828647584391,0.0380546766457,0.0501722063625,7.6824644710080363e-07,0,3.8412322355040182e-07,41,1,1,1,0,0
4429,14,-4.8077707368745966,-1.7455454886210915,-1.4298010219103294,-4.1662498830290762,1.9378271681729944,2.7642731087337769,0.424584061512,0.469772257504,6.7405063584156233e-05,0,3.3702531792078117e-05,30,1,1,1,0,0
4430,13,-6.1084546231007657,-1.6016750727768843,0.3051228712305174,5.8091440272791939,-4.2603332948187873,6.1474859531373358,0.0308891706992,0.645226663306,0.00012681850067087751,0,6.3409250335438755e-05,19,1,1,1,0,0
4431,11,-0.18150899971206513,1.71441989725083,-1.6410998152175216,-2.4669989790520819,-4.8478935175806877,-0.49214403117677596,0.0505960007122,0.0371681766847,4.233808051259389e-07,0,2.1169040256296945e-07,11,1,1,1,0,0
4432,14,1.5445609088990915,-4.1357076198467118,2.8135086534227867,3.2911427728128007,6.1918986822379525,-1.7771597229919696,0.495238559627,0.0104038585419,2.7823310348624048e-07,0,1.3911655174312024e-07,15,1,1,1,0,0
4433,10,5.4982007092324086,-2.0846577187158868,2.2891687882616938,4.6639954892097322,-4.3934043944070185,4.989587408411146,1.80393387632,0.0638607092044,4.4964652001856578e-06,0,2.2482326000928289e-06,31,1,1,1,0,0
4434,2,-5.4073074273541106,-3.0792236133789448,-2.8124175606544339,2.1619706071982474,-3.0912220960785408,-2.9916838459977293,0.285248018048,0.011178772699,1.1943293519200435e-07,0,5.9716467596002177e-08,12,1,1,1,0,0
4435,12,-0.026456905825036355,-3.1437741181769785,-2.4301576753112011,5.7783922757480779,1.2034817960845499,5.8985998081904265,0.0316503353833,0.0209375168227,1.3453980962831584e-07,0,6.726990481415792e-08,7,1,1,1,0,0
4436,14,-4.5276738050097256,0.031534046080471327,-0.42081805050341231,2.2893654129326526,-1.5675174951873119,0.087540725499249461,0.0542560380221,0.0953379638294,2.7717111617418927e-06,0,1.3858555808709463e-06,16,1,1,1,0,0
4437,2,6.1936049860846216,-4.4838311862267552,-0.04052821910293395,3.5578015135525001,1.8720151846394675,4.5510055762104784,16.1716782612,0.0504187768726,0.00026229753142893454,0,0.00013114876571446727,60,1,0,0,0,2
4438,14,-1.3012142852073916,-2.7516468398267855,-1.2303096556125985,-3.7102963579495927,1.4440743224776893,5.6919984781935584,0.0225702991145,0.0763463726747,1.7760538761365042e-06,0,8.8802693806825212e-07,28,1,1,1,0,0
4439,10,4.8638332468812031,-3.6408009501717284,-1.0921465138979833,6.0776822407426199,-1.3661869011537775,-2.9202392131923105,0.500021084051,0.124210762923,4.9497541729147141e-06,0,2.474877086457357e-06,19,1,1,1,0,0
4440,12,3.5340510566764487,-2.1128717403803168,2.0427503368347875,2.3669662790565904,5.0298386987340624,3.7943607097259835,0.0683822684883,0.0638539517582,1.2467010122693636e-06,0,6.233505061346818e-07,16,1,1,1,0,0
4441,15,3.672955415358222,0.51763311383031085,-1.907825744712691,-5.5481647157666876,0.93990224559396207,0.39416320753346246,0.0486096365845,0.0708075388347,1.5296255559902217e-06,0,7.6481277799511087e-07,35,1,1,1,0,0
4442,6,4.383562721139568,-2.5761834316509997,-0.35674538469239869,-1.5291897209270278,4.069764503357443,2.8148538724780301,0.586789648887,0.0363719932913,7.4730714657444452e-07,0,3.7365357328722226e-07,12,1,1,1,0,0
4443,5,0.88153725905121094,-1.2118978609935562,-1.2248708847421836,5.0675781113354175,-1.5705621301066908,-4.4062225510968842,0.0407093480864,0.264255187124,2.1273336563346611e-05,0,1.0636668281673305e-05,10,1,1,1,0,0
4444,10,5.4085001835453701,-2.2378814172044375,-1.51249156098364,-0.27945906609481713,5.9707004252957878,-5.206031426948214,0.250277538281,0.00194372634382,6.3789712742984418e-08,0,3.1894856371492209e-08,9,1,1,1,0,0
4445,12,2.1429743860832842,3.0927283053424337,-0.69536480522315114,2.2745654928006953,-5.2062746372669979,-3.7622641241715953,0.434216657066,0.038435761405,6.3855778176672879e-07,0,3.192788908833644e-07,32,1,1,1,0,0
4446,5,3.3032712859419369,-2.903572578290833,2.7040375917828632,-1.4850280488981498,1.3298114068572395,0.086517823926008181,1.06812788512,0.423596119582,5.579951952626659e-05,0,2.7899759763133295e-05,19,1,1,1,0,0
4447,9,-2.7971001611642494,-2.9636015624779897,-0.41874379365423053,-3.0284888744419312,-5.4898411088284762,-3.7047295899855395,0.956611821532,0.0593818553689,1.9892495687796343e-06,0,9.9462478438981715e-07,5,1,1,1,0,0
4448,14,-4.073905526931842,5.1823325855088589,2.4488589586586227,-5.5907020878822991,-2.9635082205640995,5.6504370789294773,0.115892082945,0.0891042923306,2.431963798704894e-06,0,1.215981899352447e-06,55,1,1,1,0,0
4449,12,-4.3145114145656462,-3.2100467892702902,-1.9992361954925331,-4.8328713915568358,4.7766799040308703,-0.070444734606254722,0.243770404592,0.0205087595919,1.8754890548934656e-07,0,9.3774452744673279e-08,10,1,1,1,0,0
4450,4,5.1405807768774165,-3.6130046210217057,1.7063741528359,3.1726867131202297,-0.96158194486432957,-3.0538642297816434,0.179241575888,0.193107603155,1.1391477568248825e-05,0,5.6957387841244127e-06,12,1,1,1,0,0
4451,11,-4.3427493581087182,0.95304591069162847,-2.7602233038081203,-0.27550944291439128,1.8253212089777855,2.4004248497538749,0.3256819929,0.0327789090648,4.3336704279747113e-07,0,2.1668352139873556e-07,12,1,1,1,0,0
4452,14,-1.4858910354593085,-3.5357140004848717,3.0033575034793123,2.1075381877097286,4.7028205751347496,-2.8702834871793947,1.52571905604,0.00445929032062,2.333876037643327e-06,0,1.1669380188216635e-06,12,1,1,1,0,0
4453,7,-5.8318322838619796,-5.0836302968534959,-0.58855854075871439,-4.4855518179379645,-1.5179458845646809,2.00138494569743,1.13779055871,0.0570009020232,2.2843006766338629e-06,0,1.1421503383169315e-06,31,1,1,1,0,0
4454,12,4.6280537448765493,-4.8564452488317853,2.2302854123122784,-1.7618690456025801,4.1600657230816829,2.9133513379137708,0.0498527801125,0.072085876749,1.5853912260888487e-06,0,7.9269561304442436e-07,16,1,1,1,0,0
4455,15,-1.2723714770084078,-0.91180005366593986,1.4741263214205786,-5.6708342395579772,-1.5886310579113252,2.8127245287921228,0.0482635259792,0.0166438363498,8.6713659580398727e-08,0,4.3356829790199363e-08,13,1,1,1,0,0
4456,7,3.8229592633755036,-3.3222483231676998,1.8692435224993555,3.0082172617196505,-1.6335275424215983,3.7157429026539597,0.0731364707315,0.0740059156028,1.6737006401224468e-06,0,8.3685032006122341e-07,37,1,1,1,0,0
4457,2,-1.4368834439980094,1.5606754434906256,2.8517479028956787,-0.0025012550452157903,1.4781438245878282,-6.0572119245773486,1.16446728264,0.0647539006956,2.6332655024909194e-06,0,1.3166327512454597e-06,19,1,1,1,0,0
4458,6,-3.0065928824429431,0.81057219674669145,2.4174827113575992,-1.6332786122950631,-1.8063415091412391,-1.8766423836297985,1.68049889176,0.0124134802923,2.8710163920676935e-06,0,1.4355081960338467e-06,24,1,1,1,0,0
4459,7,4.3291408468655774,-3.0580998043029455,2.3011871181356458,-5.7718143897092489,1.4941597729812459,-0.69044528087846502,0.00908100450864,0.0240887572279,1.7684227406160826e-07,0,8.8421137030804129e-08,19,1,1,1,0,0
4460,5,-0.20177241885558658,-5.8170714080161714,-0.72995590931790888,-0.88616213664712984,2.332111188878867,-3.273363176847492,0.0469312500782,0.990527926757,0.00029887623563322447,0,0.00014943811781661223,13,1,1,1,0,0
4461,2,-3.5587164600877021,-4.2624737504913606,-2.3078525835667376,4.3311993832581948,0.85490819529244944,-3.238079257128287,0.367165958759,0.0435899400923,7.1360918472117402e-07,0,3.5680459236058701e-07,7,1,1,1,0,0
4462,8,-4.0764653171277958,3.4461983166448373,1.0598849038592204,-5.2357584766496839,0.2030676782067993,3.1562787571809192,0.0953829310355,0.00491812818154,1.6465985055618538e-08,0,8.2329925278092688e-09,28,1,1,1,0,0
4463,13,5.8198274357327922,3.468144054408973,0.63551446476814122,-3.3667471371153486,-2.2520733699099642,-4.9435612301938399,0.3152016204,0.118981814302,4.4117209999077255e-06,0,2.2058604999538627e-06,22,1,1,1,0,0
4464,12,-4.4388991718722703,-0.4563954059058698,2.2493072257283697,-3.7447388793018708,1.0307640890996612,-3.8482530280605989,0.097926667812,0.00990166487656,3.9455228004355753e-08,0,1.9727614002177876e-08,41,1,1,1,0,0
4465,9,0.87028875629163183,2.0513951227720622,-1.719935262999218,4.0875950487560297,-4.6689915773233128,3.5638250681497339,0.0868264635798,0.0252665966047,2.020068709391095e-07,0,1.0100343546955475e-07,13,1,1,1,0,0
4466,1,-1.0350636378702442,1.9567373275995716,2.2764399331162197,3.7851018185115017,-2.866786448120207,-3.8461272723564286,0.0412437395091,0.00738641543805,1.8320708376107747e-08,0,9.1603541880538735e-09,19,1,1,1,0,0
4467,6,3.0278909543763453,-2.8572242162646915,-1.2510952589806132,4.3245538354066637,-1.3268072839668477,6.0554633160109583,0.559881727977,0.00643103945777,3.2606599836248282e-07,0,1.6303299918124141e-07,12,1,1,1,0,0
4468,6,-3.0098654648909311,-5.4019177581753963,1.2169228153050884,-3.3304018421043611,1.7215850484955761,-4.7310902566480308,0.0204937243122,0.0268153450509,2.1945902627455977e-07,0,1.0972951313727988e-07,34,1,1,1,0,0
4469,2,-2.4293791844955801,0.40625557650417427,1.9387445453364589,-3.4804060795068419,1.6659676336859075,-4.4066635583301474,0.0135557100736,0.00877192425743,2.3623048837151336e-08,0,1.1811524418575668e-08,33,1,1,1,0,0
4470,7,-1.5307018269366974,-0.14899017358245478,2.4494795428477989,-0.19130584332309125,-1.4658680328574378,-2.7030485797741473,0.0144076745376,0.00593331461235,1.0931400444879117e-08,0,5.4657002224395583e-09,50,1,1,1,0,0
4471,10,5.102995496722194,2.0750396701642693,0.98398552346580404,6.0796789284163255,-2.8065262093841539,4.6755077044784077,0.0962565299698,0.0192676437557,1.2235212892983004e-07,0,6.1176064464915022e-08,56,1,1,1,0,0
4472,6,1.1883375860568226,3.1655349762026894,1.3042435542966693,0.144437583519824,1.7384991075172109,-2.9695381521661277,0.18993724233,0.0293583474299,2.9862973729504124e-07,0,1.4931486864752062e-07,23,1,1,1,0,0
4473,2,-0.020494486856327584,-4.8989587142354951,2.0332150632149255,-4.2551486578842752,0.95062845719692823,3.9948826393986545,0.505849790105,0.0595557513032,1.3363277327223684e-06,0,6.6816386636118418e-07,35,1,1,1,0,0
4474,1,-5.6395185720105232,4.446869789097522,1.2066649973015982,-1.1848467894446231,1.4775914099159655,3.8482816744374495,0.202346302463,0.0321445588519,3.5569687889732864e-07,0,1.7784843944866432e-07,24,1,1,1,0,0
4475,8,1.0357367631998087,3.6441538804331297,2.2007489455995972,2.2157570610739463,3.5862065164600097,1.6746328508114052,0.576891636049,0.136105036585,5.9757140216792867e-06,0,2.9878570108396434e-06,13,1,1,1,0,0
4476,0,-3.1860387215540462,-3.2335861652764684,-2.8078095776447132,-2.8409118688631492,-4.4940120276109159,1.9965727573703214,3.70841400652,0.570761297856,0.00011298708191186708,0,5.649354095593354e-05,59,1,1,1,0,0
4477,4,-1.3532287582129954,-2.1382875309655356,-1.0103501947646576,3.7981850828005554,-1.4649193675030554,2.5485689553095998,0.105207448094,0.0340245641164,3.637153489394707e-07,0,1.8185767446973535e-07,22,1,1,1,0,0
4478,13,-4.0722069942783987,2.1422826940774886,1.7999343933103784,-3.2384517161993549,-2.8460625650419007,4.8121782399344326,0.126463318229,0.000726940639399,1.6153943707172156e-08,0,8.076971853586078e-09,39,1,1,1,0,0
4479,13,3.8812862122707386,4.6686164684648519,-1.0692206134958282,-5.0788010579273353,2.0195095574346156,-5.5004059868248847,0.175563999465,0.00082862288606,3.1031873068055284e-08,0,1.5515936534027642e-08,12,1,1,1,0,0
4480,3,1.8630566428122923,3.0441090201689365,-1.3973052447853576,3.6456171500842385,-4.0798753627076252,-3.0636154595496845,0.0177437552975,0.408245872242,5.0769283349053403e-05,0,2.5384641674526701e-05,27,1,1,1,0,0
4481,8,3.4616939385854253,6.0907244502232789,-1.3822929005494029,0.8669424916289783,-4.853631373982056,-4.5424283661346481,1.15957353984,0.118652036414,5.6331079653351746e-06,0,2.8165539826675873e-06,6,1,1,1,0,0
4482,14,-0.78734666505205686,-5.4037811746686524,2.8456142304386436,4.1412757929886332,-1.6045315341072826,1.8675471232598273,0.951457087152,0.0203734048012,1.0317098540441022e-06,0,5.1585492702205111e-07,20,1,1,1,0,0
4483,10,-2.3320065382375996,-4.5132118040939329,0.62589470770661926,5.843973363753487,4.1196976418877602,3.2129941911363482,0.870040540279,0.0964468628344,3.5905209735299677e-06,0,1.7952604867649838e-06,36,1,1,1,0,0
4484,11,0.45148818189192452,5.1822699499462637,-0.5873700529040381,0.79299651974755669,0.71326801719869937,2.8479882224301445,0.0689042076092,0.0282823071087,2.4840788125624894e-07,0,1.2420394062812447e-07,11,1,1,1,0,0
4485,8,-1.3931055049561174,4.6171832362487439,-1.739504426251254,-1.2570829447599179,4.8666091981376578,-3.5815290983705808,1.21616797942,0.337581611207,3.6193675187552214e-05,0,1.8096837593776107e-05,10,1,1,1,0,0
4486,11,-2.354355911272441,-3.8916492969482519,-0.79124607089668786,-2.0017628306057724,1.8518116876938278,1.0790394856546992,0.771100283636,0.00194932528375,5.9575315373245223e-07,0,2.9787657686622612e-07,19,1,1,1,0,0
4487,4,-1.8748852129006539,1.1385380233667344,-0.31434408705080813,-5.8438815589138375,4.6364458743789765,-2.5667355129683838,1.34678483166,0.00289449775722,1.8163815032602761e-06,0,9.0819075163013804e-07,56,1,1,1,0,0
4488,11,-4.6785519724600384,5.9209554506249757,-0.83224657178705952,-2.4041969270889645,4.1230225807471914,1.3296007086668715,0.0602580997668,0.00100084197634,3.936169184565023e-09,0,1.9680845922825115e-09,13,1,1,1,0,0
4489,1,-1.3380233745353765,4.1687484987010421,-0.9201052291827958,-0.3953723835416556,5.6489783171741914,-2.4599775264534265,0.637253082463,0.103934202681,3.6966658763204804e-06,0,1.8483329381602402e-06,10,1,1,1,0,0
4490,6,2.9003136242218335,-1.8886507851693513,-2.2335702766823626,5.3292515901846684,-0.99031238004619881,-1.6583853054356055,0.0520840906839,0.00480363835036,9.7417816136933203e-09,0,4.8708908068466601e-09,45,1,1,1,0,0
4491,5,-1.4293579871981787,-2.3109622069840121,0.61850262984094795,6.1739294584583577,1.9437502870566576,0.69664714351625878,0.0456959016118,0.0493356718716,7.4352951022651743e-07,0,3.7176475511325871e-07,54,1,1,1,0,0
4492,5,3.3044619100252781,-1.810411112483608,1.615255110131727,-4.3966006522168257,5.1222901071766005,-2.2021113542169002,0.0213081761414,0.00566853962225,1.0242109314366696e-08,0,5.1210546571833482e-09,17,1,1,1,0,0
4493,0,-1.8346644330324346,3.5197907048779089,-3.0034018702031515,-5.4519917256320083,4.5493091302763125,3.031835838649048,2.19587966248,0.00879478164252,4.8454490963537392e-06,0,2.4227245481768696e-06,20,1,1,1,0,0
4494,14,3.6043515349527429,4.3881085653929102,-1.4560303789271054,4.8291232140918572,-1.7085804990257651,-2.1487504023571997,0.194830700338,0.0247454813038,2.2448808078044757e-07,0,1.1224404039022379e-07,14,1,1,1,0,0
4495,11,4.4513162267786042,0.81452463378538942,2.9720995320224719,-2.2067827213789721,-1.9071522898250095,2.8660393201451559,0.0481920080341,0.198590293605,1.2015856168962533e-05,0,6.0079280844812667e-06,23,1,1,1,0,0
4496,15,-4.6270278867644175,-4.3753256979547217,1.3074485354415888,-3.7637429546571339,5.5848280662805116,3.7781569873515011,0.0928826578798,0.000486985679942,8.6994296949855372e-09,0,4.3497148474927686e-09,8,1,1,1,0,0
4497,1,2.9767981251868831,3.7165927744415246,-1.89226366156018,2.1875200049758106,1.2327870814256767,2.1174049458462094,0.086376403748,0.0447356008612,6.1708380054335754e-07,0,3.0854190027167877e-07,12,1,1,1,0,0
4498,3,-1.1834772563227602,-6.174351645263414,-1.9619901553245307,2.2006031264270804,-1.5742791412823962,-3.6094280296449299,0.0220434771586,0.00947773535288,2.7848926236450084e-08,0,1.3924463118225042e-08,13,1,1,1,0,0
4499,0,1.8918390325735841,2.0371106833051247,1.4486739897877376,3.8426169081668866,-2.2614709120172791,0.53422886440766471,0.033058290714,0.0392323069766,4.6995203586712999e-07,0,2.3497601793356499e-07,10,1,1,1,0,0
4500,9,-1.3494490899209921,4.0331216826564251,0.88192097632855482,4.2992885041779028,5.0049483642707546,0.67485019307919702,0.137836823101,0.0354590713009,4.0200840414678262e-07,0,2.0100420207339131e-07,56,1,1,1,0,0
4501,5,-5.4021252673307574,-5.9564236781137385,-1.8574463136297876,4.486216939525673,-1.5367821951154095,1.9454085350509485,0.0330666685202,0.0877010885272,2.3440524794524674e-06,0,1.1720262397262337e-06,16,1,1,1,0,0
4502,14,-1.5636166200044421,-1.7904915696003596,-1.8052346076016257,-4.877553585145149,2.2991830089367733,5.8819575737096743,0.158808487366,0.0191972999199,1.3748271983983799e-07,0,6.8741359919918993e-08,31,1,1,1,0,0
4503,2,-5.7806322301335893,5.9871020767071732,-0.25536006486578272,-1.4463225732540914,-4.7205790960024805,4.4357879388477803,0.544336351783,0.0038037495546,3.0070942426231231e-07,0,1.5035471213115616e-07,28,1,1,1,0,0
4504,15,5.2992992650528672,-5.6586456486335397,2.6030629946699202,0.59568318121251973,-4.4781328288290156,-0.60066013179719524,78.8974426076,0.486600717601,0.0062969338413862812,0,0.0031484669206931406,60,0,0,0,0,3
4505,15,-1.6409196787976954,-0.83520405190428448,2.757028809802514,-5.0772205233115484,4.3028885841432807,-2.5937088014616916,0.0263906005495,0.0546840156762,9.1160659727552117e-07,0,4.5580329863776058e-07,18,1,1,1,0,0
4506,14,3.1137557358691752,-1.9395748739715544,1.9553432557459061,5.2304789598287984,2.813403138798531,-5.7423013484246095,0.361491491794,0.00179055466601,1.3165272828767435e-07,0,6.5826364143837173e-08,17,1,1,1,0,0
4507,8,3.8015573877651496,-0.70496782469416241,2.4405082644880665,-0.19729608344497968,-1.1319305117005352,-2.6526512722614304,0.0524246815035,0.185133772612,1.0443362293772795e-05,0,5.2216811468863975e-06,11,1,1,1,0,0
4508,14,-5.8068739936229328,-0.50652146140711352,-0.88106591073423879,0.042703181495154771,-4.3285247882426958,3.908362424658145,0.187955278698,0.0417106447855,5.6529383816377446e-07,0,2.8264691908188723e-07,5,1,1,1,0,0
4509,4,-5.3257424202767565,0.88297988834356578,1.102578137635037,1.9735427995642407,1.5353109413810371,-2.8307657622419802,0.0613076766403,0.000724972260657,3.9187334942087593e-09,0,1.9593667471043796e-09,13,1,1,1,0,0
4510,15,-2.0143980497707128,-1.2211253494975709,-1.7443216223825762,-2.4281947548726333,-1.6455980160858314,-2.1495754752207605,0.0207009483167,0.00448563890403,6.5577230765198961e-09,0,3.2788615382599481e-09,30,1,1,1,0,0
4511,14,-6.016749548698451,2.7775505590229592,0.07450948988531042,-0.83906009355693856,3.7694284091999553,-5.1808116162183682,57.7739865623,0.0429068594127,0.0033383943235362071,0,0.0016691971617681036,60,0,0,0,0,3
4512,12,4.8257475554578697,-5.4844111651085701,-1.2673422189304684,-1.1356089011553756,-4.7748784199335006,5.9443854762753077,0.0995346980658,0.00660418684449,2.3193131356904099e-08,0,1.1596565678452049e-08,20,1,1,1,0,0
4513,11,2.5678825450865874,6.1806507346387294,1.5025309209796243,2.0562767248085274,1.4344515851600042,3.163676520369394,0.0403676270064,3.30013090452e-05,1.629877064819459e-09,0,8.1493853240972948e-10,18,1,1,1,0,0
4514,3,4.6261562752376948,1.2073219373951523,1.153419252834782,-2.0090265722293932,-0.22269495668171402,5.1503513044609166,0.360983750583,0.147230654098,6.7334601076816983e-06,0,3.3667300538408491e-06,24,1,1,1,0,0
4515,15,-1.4891330429454412,-3.6296696790285905,-2.820122816287792,0.16399992814958597,-3.5955757104327444,0.67779349947456469,46.6371173075,0.113975635906,0.0021789778267726503,0,0.0010894889133863251,60,0,0,0,0,3
4516,15,-2.8768636469824984,2.8586509242785811,2.7856018816035424,3.2823189166240887,-1.8879225533763699,-2.73267519888994,0.0107008876379,0.0425076158967,5.5052693561351035e-07,0,2.7526346780675518e-07,20,1,1,1,0,0
4517,3,-3.9261418504737247,3.0463646408475009,2.4629930232849797,3.4379426245744562,-0.99050516365305274,-1.5318738992677543,0.0710506931083,0.00430018874451,1.0681071549717265e-08,0,5.3405357748586325e-09,48,1,1,1,0,0
4518,5,1.8608914435484427,0.88199534192495255,-1.2564407672306017,-4.7786520078400248,4.4696287048073513,-0.72560551604369961,0.0505885230214,0.006089690064,1.3855730080542214e-08,0,6.927865040271107e-09,13,1,1,1,0,0
4519,6,0.11484532907295501,-2.959495532503523,-2.1822790293384622,3.8630448422739825,-4.2485619190628867,4.3527337704627556,0.0242820879916,0.0906162114915,2.5018939641878133e-06,0,1.2509469820939067e-06,35,1,1,1,0,0
4520,2,2.8210703141326832,3.3596252883695441,-2.3160973101584994,-1.0167855514445332,-4.4179390956365028,2.0470229542212075,0.143814813765,0.000650611513789,2.0811643793011347e-08,0,1.0405821896505673e-08,9,1,1,1,0,0
4521,12,-4.2200382998176913,-2.5965076349292491,-1.1308675633353655,5.6114404774916578,-2.216278069214781,-0.069834413978038232,0.238460099678,0.000644800471511,5.6989869206857143e-08,0,2.8494934603428571e-08,9,1,1,1,0,0
4522,13,3.1342333541927343,-1.5118010925123477,1.9096040556820357,-2.3303393803608317,2.3705888755291364,-4.5794375795738782,0.539118091089,0.183431429449,1.05401378450381e-05,0,5.2700689225190502e-06,7,1,1,1,0,0
4523,6,4.7054124955327747,-2.8215872625352652,0.9869457427462186,-2.715880615893056,4.8285189222169809,3.2951258763456202,0.0131223427396,0.0154504813106,7.2889666018017415e-08,0,3.6444833009008708e-08,17,1,1,1,0,0
4524,13,-0.65764240082256653,2.4899608270387295,-2.4267384281902529,-4.6498205013780396,4.6196723626273553,-5.1224055543148594,0.224624089627,0.764647366786,0.0001781558734793467,0,8.9077936739673352e-05,27,1,1,1,0,0
4525,10,1.6822232828390846,3.8810956758401614,-2.6768960543403768,-6.1741865481575298,-1.5122045376519493,0.48976601607183301,0.0520106712804,0.000127538144052,2.710064827339964e-09,0,1.355032413669982e-09,24,1,1,1,0,0
4526,9,-4.8504595663283556,-5.649387401213108,-0.073715794609162194,3.5258176908474721,1.46422560887564,3.5457245620552684,2.70400565576,0.023524265429,7.4802191444026947e-06,0,3.7401095722013473e-06,17,1,1,1,0,0
4527,2,4.9344964571478398,-3.0225688775968735,1.2877405187494999,-2.1330786716423971,-1.4660289408825191,-2.6875610494029258,0.00815558727082,0.163948056627,8.1878675612132138e-06,0,4.0939337806066069e-06,24,1,1,1,0,0
4528,8,-5.6599022439726836,0.67046533155716748,0.42258465343983226,-2.7222104348494529,-4.6763417296052321,-2.3477941315821109,0.291268552444,0.00766735874086,1.02745337336701e-07,0,5.13726686683505e-08,25,1,1,1,0,0
4529,0,-6.1105252741958598,2.2747467303556692,1.2645383081412174,-2.8294273760987463,2.1923350531361327,3.1079528117852924,0.223903760597,0.0227295111982,2.0750759852336345e-07,0,1.0375379926168173e-07,6,1,1,1,0,0
4530,7,-3.1769998419267824,-3.8125697166792141,0.49527012862623476,4.6095658073920083,-1.9921133703711285,-1.8011373448467858,0.23319589753,0.00151389871845,5.5078476039037887e-08,0,2.7539238019518944e-08,22,1,1,1,0,0
4531,10,-2.4739419041496791,-1.1082591336860304,0.54018832295503871,-1.270801848347294,-4.536627399225992,-4.8674775621670632,2.38988005936,0.24637170805,2.4201505105551553e-05,0,1.2100752552775776e-05,15,1,1,1,0,0
4532,0,-2.4139616007612763,1.7944073690650846,2.3620717454740898,-2.4327896151176054,-1.9527515209996045,-2.4933858481359317,0.599004699195,0.0230442875571,5.2057041722145304e-07,0,2.6028520861072652e-07,50,1,1,1,0,0
4533,1,-0.26315080928383544,4.3938432731294972,2.7832279481718181,4.8705022476350273,2.1376455811811805,5.1831323037205381,0.136335772419,0.000893110762825,1.8830419961894375e-08,0,9.4152099809471877e-09,15,1,1,1,0,0
4534,8,4.6737707754016204,-2.5911447712269169,2.1769782661131627,-1.0534437734796347,1.6557985038038749,-6.1860265895907887,0.962077767518,0.0394610262244,1.3999355274891841e-06,0,6.9996776374459207e-07,50,1,1,1,0,0
4535,4,-1.3624025292169148,2.5607234017666816,0.79535321359775157,-2.3833071433467099,-3.840035607740738,3.6766220246430974,0.159798292805,0.0149257969976,9.3397985270731846e-08,0,4.6698992635365923e-08,25,1,1,1,0,0
4536,10,-1.4988360248366124,3.078585530500249,-1.1093557368432747,-2.2005716700229825,-2.4129337066382583,-4.0731935179233778,0.135283493401,0.175431380769,9.3932589245203315e-06,0,4.6966294622601657e-06,21,1,1,1,0,0
4537,5,-4.6768917408580517,-4.7193204752873532,-0.36804858452026001,4.6762299550281146,4.5989675684663247,6.1930713498058747,0.0253553010045,0.863769814772,0.00022727517978511264,0,0.00011363758989255632,27,1,1,1,0,0
4538,0,4.5901659805360548,-4.0071364513385026,-2.7623883668972971,2.3920047858794722,-1.5740512606044139,-3.2756981664050495,90.5676435811,0.00122682325968,0.0082024985223063621,0,0.0041012492611531811,60,0,0,0,0,3
4539,11,3.0386365733496827,1.0688334523406937,-0.1202422444591002,-0.1337135589948866,4.1109123154147404,-2.1255741217971686,0.568098670244,0.576461820149,0.00010154961172274458,0,5.0774805861372288e-05,37,1,1,1,0,0
4540,2,-1.2980505608725426,-5.8046734557485902,-0.72643149282174524,1.5546343379923488,4.7223215487109078,3.462802096399888,0.142084339646,0.0236654073199,1.907894035515719e-07,0,9.5394701775785951e-08,56,1,1,1,0,0
4541,11,5.3747836030438894,-0.74205163957250375,2.5636265941247718,1.1506417991549054,-4.7451019371186876,-0.73636315785463158,0.676360862863,0.0273114269323,6.8468242738827268e-07,0,3.4234121369413634e-07,15,1,1,1,0,0
4542,2,-4.2645033472026288,2.167808794616608,-0.99081424770794002,-3.0605499134339382,1.8292343229514136,2.6504528053682352,3.57744402327,0.338339221829,4.766870632431046e-05,0,2.383435316215523e-05,45,1,1,1,0,0
4543,6,-2.0593100066344139,-2.0167768308942202,2.3247406746852675,-5.215465297436884,4.6036717649723711,-2.7309447052950153,0.363770762793,0.00861934771804,1.5496015707260784e-07,0,7.7480078536303921e-08,14,1,1,1,0,0
4544,3,-2.8514421456910726,0.34291983388876734,1.0102413792681562,-0.65857076088646138,3.3649750509471783,-3.702626871703798,0.161289291144,0.00375693925831,3.031378621411193e-08,0,1.5156893107055965e-08,10,1,1,1,0,0
4545,11,1.3874870319549859,-2.1478448991169947,2.2989151581526359,4.1879985892753577,1.6008235111927678,3.3907042483449734,0.0616544681617,0.0122095164891,4.9211290668427292e-08,0,2.4605645334213646e-08,29,1,1,1,0,0
4546,12,-0.38345795335557847,1.005597966520245,1.5131279676927361,5.9949116410561993,-2.1091649615807886,3.8727490392572701,0.0664956160489,0.000621625850432,4.5393768204364569e-09,0,2.2696884102182284e-09,8,1,1,1,0,0
4547,0,3.3421129045691433,-4.4732270290409781,1.2078563879732445,2.3931632579319064,-3.8173228513696489,-4.1622456553281149,0.0994800535266,0.0726481208881,1.617590706448322e-06,0,8.0879535322416099e-07,19,1,1,1,0,0
4548,1,3.44891605815386,-0.21712658238266014,0.82846404270263496,-3.0837871835420261,-3.165894911659707,0.57271979042345189,0.0572673445073,0.000139824202352,3.2855042634670173e-09,0,1.6427521317335087e-09,40,1,1,1,0,0
4549,12,-5.9471613211032794,1.9423285409832689,-1.5476757739196463,5.4853084461417483,1.806256652342382,4.7293280333116625,0.200595907803,0.00719138318654,5.5992310313247642e-08,0,2.7996155156623821e-08,18,1,1,1,0,0
4550,14,-1.5376845370612777,0.064681589693945066,0.96264695971587633,5.2055190873125996,4.7746281546100127,-2.3550190979454966,0.135286403574,0.00337225500295,2.1766551910469552e-08,0,1.0883275955234776e-08,30,1,1,1,0,0
4551,10,1.6029315203398886,5.8735729876799798,-0.7752475518363553,-3.8494066556616686,-2.9621432877386091,5.812289705794476,0.647965999319,0.0285794293216,6.6866650396787266e-07,0,3.3433325198393633e-07,26,1,1,1,0,0
4552,13,5.9040128839035795,3.9023407450741625,2.9905768233654539,-5.9445446191984352,-2.1256399512964093,4.1583074938009554,1.40162298634,0.012643067507,2.0132392240444549e-06,0,1.0066196120222274e-06,15,1,1,1,0,0
4553,12,-0.261912829828234,-4.3103126708773942,2.2075731615503389,3.9652792601616706,-0.57344750691317126,-5.3528630302004823,0.586811739409,0.0256152889366,5.4422061349682001e-07,0,2.7211030674841001e-07,23,1,1,1,0,0
4554,7,-2.304487390965944,0.54326385033962088,0.53057518344837595,6.0443828546227154,-1.5404171961537354,3.2003271842917367,0.452548898296,0.0409073278492,7.1455018088286468e-07,0,3.5727509044143234e-07,13,1,1,1,0,0
4555,12,-4.4158354137095488,2.8031181681273587,-1.6650732185615509,0.50965078696682675,4.993210168128404,-0.42913889440567748,0.0305901235645,0.0108986605083,3.7118456742223177e-08,0,1.8559228371111588e-08,18,1,1,1,0,0
4556,14,-1.9109111720850545,-3.655754606042477,-1.8779845818861882,1.4622443423809617,-0.98333087288761711,3.7428946778732568,0.0408755158556,0.0105526338047,3.5592418864318957e-08,0,1.7796209432159478e-08,36,1,1,1,0,0
4557,11,0.71973460980054305,-2.3503507527277794,2.2864870658276883,5.8694722494717686,-2.7111721832553082,4.8708318994232629,1.31238318627,0.504958431143,7.9394618411046431e-05,0,3.9697309205523215e-05,12,1,1,1,0,0
4558,3,-2.2203944310208223,-5.6583368011151638,2.3484502858813148,2.0261966440282642,-3.5892182913557473,5.9330020547506637,3.30266441235,0.131677541905,1.6189346059707553e-05,0,8.0946730298537763e-06,25,1,1,1,0,0
4559,7,-1.9151704312102098,1.5329871175145786,2.7121750843514127,2.0939637031367697,-3.8081046086888071,-4.4287402033981262,0.783377091466,0.016355823169,6.9516877249034562e-07,0,3.4758438624517281e-07,11,1,1,1,0,0
4560,13,-4.8598863373711483,4.7798133913327217,1.0896137209235188,-1.1774266280936836,1.6207950938676345,-3.0920390384673935,0.842489259282,0.0176832346325,8.0504104045723826e-07,0,4.0252052022861913e-07,17,1,1,1,0,0
4561,9,-2.7042041993616044,5.7685973288981272,-1.6267961776783417,-0.9944006684523985,2.7849441127345824,3.465676224413178,0.221427108521,0.0593098265852,1.1205691155030577e-06,0,5.6028455775152887e-07,6,1,1,1,0,0
4562,1,5.8913764437802438,1.2083623319422268,-0.94286277673171803,-5.0714196095840904,5.6694410203563104,1.0731148648261353,0.0500126919588,0.00710687389443,1.7886781375091385e-08,0,8.9433906875456923e-09,12,1,1,1,0,0
4563,6,-1.0901259758067812,2.2897097861608406,-2.0042845250603811,4.3530264919993806,2.6700723317118729,6.1579417016244395,0.900133896966,0.0188998483038,9.1905167428398849e-07,0,4.5952583714199425e-07,15,1,1,1,0,0
4564,4,2.0786398149578802,1.6669481809880866,1.7869586512736089,-4.7299139351647472,-5.2191275864949924,2.8653657620056472,0.0309464561346,0.00740579314812,1.7664660746678777e-08,0,8.8323303733393886e-09,15,1,1,1,0,0
4565,2,-2.5020004768496795,4.9495185182283512,0.48682994306142147,1.2229937835417812,2.9002620739019052,2.0010092647187063,0.408264158611,0.00838410945671,1.8809218425585035e-07,0,9.4046092127925173e-08,13,1,1,1,0,0
4566,9,0.84621738760860588,4.3652029304052089,-1.3886448933075555,-6.1569201020820667,-0.23631047947317638,-1.3850040410636095,0.260697332224,0.0648387769976,1.3485951419549646e-06,0,6.7429757097748229e-07,13,1,1,1,0,0
4567,8,-1.4000204916949128,0.60941107689238183,-2.2287768104312891,0.44420794151437581,2.2102867411958407,-5.5417347745184733,0.0128963590745,0.0297988084016,2.7065713627165072e-07,0,1.3532856813582536e-07,25,1,1,1,0,0
4568,4,-4.4748686618938143,-0.89560289194176035,-2.1805020574738339,-0.95105123725050544,-1.8777333985775984,0.22971863592812194,0.295728666901,0.121940210208,4.6169382345504014e-06,0,2.3084691172752007e-06,37,1,1,1,0,0
4569,11,-1.6277098763407185,1.7946620565792577,0.68178140625334283,2.516079531545937,-3.8771710966200037,-5.0864967328621535,0.477333156239,0.00423702098242,2.3331553960826205e-07,0,1.1665776980413103e-07,45,1,1,1,0,0
4570,14,-0.13578393453755941,5.5542419555604789,2.3036503881468993,3.329869959531552,1.636488516093614,5.1430458091581537,0.870254623711,0.00147488611113,7.580057410250536e-07,0,3.790028705125268e-07,8,1,1,1,0,0
4571,2,0.91331347614459257,2.5826475990527702,1.0603616552273163,0.90467649364720815,1.7811968076777489,3.3651319531462791,0.00691108982391,0.0162116802564,8.0106879879940272e-08,0,4.0053439939970136e-08,22,1,1,1,0,0
4572,6,-0.35280238547160703,0.88463404571255844,1.0319084344469667,6.2027632570807336,4.0260044873186791,0.38326103054387117,0.745407158818,0.517869901786,8.2250744666337389e-05,4.3269424902004805e-05,4.2423455080228841e-05,28,1,1,1,1,0
4573,3,-2.221598974639853,1.9149448426720799,-1.5734838832612297,3.9718278378352871,-4.4734411574077351,-5.0769677401120807,0.125405077833,0.050896816745,8.0483358108231282e-07,0,4.0241679054115641e-07,32,1,1,1,0,0
4574,8,3.252389777490579,3.2707644771741533,-0.67178855490310263,-0.33729675310653096,4.4947507603691044,4.254525565346567,0.0334852975395,0.0503345331336,7.7288936708934886e-07,0,3.8644468354467443e-07,12,1,1,1,0,0
4575,13,-3.0604865846553455,3.02697691098856,1.9799187794219599,-2.9465315672177339,4.9694941628560629,4.4928811138554829,0.0274789217197,0.066943003068,1.3658571355353424e-06,0,6.8292856776767118e-07,36,1,1,1,0,0
4576,7,-5.1209121982261738,-2.7926589554418464,2.6526002438363858,1.9263656393158959,5.2963906735112696,-4.0694826384955141,0.168963125691,0.00398090516646,3.3375994675710527e-08,0,1.6687997337855263e-08,34,1,1,1,0,0
4577,7,3.3211449841983978,4.7310231656155661,2.8763915629280157,-3.4639939278876852,1.695893791301061,1.5545584440818816,0.130600520172,0.0420129268714,5.5473244629227541e-07,0,2.7736622314613771e-07,10,1,1,1,0,0
4578,3,-0.79870354848489677,3.3659587062281426,2.4071771534145543,4.6218856116482412,2.8619753359130722,-0.28239534517076659,4.53051675288,0.271489757079,4.2977923228368313e-05,0,2.1488961614184156e-05,56,1,1,1,0,0
4579,6,3.1541034966860892,-5.7350688167885782,2.8218487973777977,-3.6567043296117698,-4.8575226932015543,-4.4643845914901101,1.08961294555,0.0164370737017,1.2695571111119427e-06,0,6.3477855555597133e-07,41,1,1,1,0,0
4580,14,3.4509783043156834,-2.354816728186762,-1.9437172983017865,-2.7938322887310987,-5.0983019014616122,0.99484416914695106,0.013456495753,0.371971597849,4.2147921410944202e-05,0,2.1073960705472101e-05,14,1,1,1,0,0
4581,2,-4.7627508385284756,3.2197963494017232,-0.62995688773159098,-2.0245740737516109,-5.6918280379989445,2.9517008665858002,0.281847664607,0.302871259405,2.8022298571541216e-05,0,1.4011149285770608e-05,7,1,1,1,0,0
4582,1,1.0894879229793049,0.31701860828319051,2.8197102810228345,-1.4415195437330079,4.5363553787489872,-5.8091721931951579,0.0429654648482,0.000278153917067,1.8695992980292716e-09,0,9.3479964901463579e-10,20,1,1,1,0,0
4583,6,4.3600745995885175,-3.0425940027718785,-0.63399227928737245,-0.45670350194797055,4.6000984152662632,3.9260368341504894,1.94123737582,0.00720316877259,3.7842078191857516e-06,0,1.8921039095928758e-06,28,1,1,1,0,0
4584,8,4.2974854454647744,-3.1211626647867581,-1.8145367791980886,-2.7439614188175434,-5.2565180996307763,0.75728147828876502,0.0168087936037,0.0270345031247,2.2291655085536187e-07,0,1.1145827542768093e-07,13,1,1,1,0,0
4585,4,1.4461933376949074,5.9388915758259531,1.7530827595392837,-3.1446222256265428,-4.9722330581318639,-2.4652059206611954,0.107564954406,0.0593513315431,1.084609619356589e-06,0,5.4230480967829451e-07,22,1,1,1,0,0
4586,8,-5.1589344109437789,-4.024842931619717,-0.69820907195497595,-6.0831642299727751,-1.9864240141299596,0.9227877734960559,0.408439169499,0.039615415935,6.4488340080398471e-07,0,3.2244170040199235e-07,18,1,1,1,0,0
4587,14,3.9292279731280986,1.6688395485998226,1.7462575896996175,-4.7756762971396274,-5.4343009320990641,5.6798232268244124,0.0114892008307,0.10417566401,3.30601356004561e-06,0,1.653006780022805e-06,24,1,1,1,0,0
4588,2,3.9559422899624486,-3.675425901950848,2.4811928474567995,-3.6703202310798835,4.712386929638785,-2.3435807109440105,0.0420395530903,0.000593809046743,1.8747349238548079e-09,0,9.3736746192740393e-10,26,1,1,1,0,0
4589,2,5.0117696820221989,2.49267508311579,1.8442212916150225,0.6289264860891014,-5.1552675154490215,5.7702716550883668,0.376141583664,0.00506626985145,1.4930113375342321e-07,0,7.4650566876711604e-08,22,1,1,1,0,0
4590,6,1.097230736128763,5.8274347516605349,2.6141003927608399,1.7294447992889757,0.69052888276482005,-3.0177336352371222,0.041835769658,0.00278468208965,4.1123734959114437e-09,0,2.0561867479557219e-09,10,1,1,1,0,0
4591,8,-2.8638383546433963,-2.0835366186452933,-0.015015382174700109,-1.4458773927819091,4.2212779648660472,-1.2460912682095933,3.57063842666,0.0323933290977,1.3069102291738625e-05,0,6.5345511458693127e-06,30,1,1,1,0,0
4592,0,4.0883718982214994,1.9593050660170366,-2.2954699096282849,1.6030047016938596,4.4813260546774352,3.4037121571083402,1.07443268881,0.185029244098,1.1583233112313296e-05,0,5.7916165561566478e-06,13,1,1,1,0,0
4593,2,-4.1359191638835062,-3.5097270440252868,-0.51075166653591753,4.4126180957482326,4.2668150550266972,5.8720720479974258,0.0354229576913,0.951470853757,0.00027577042574115408,0,0.00013788521287057704,16,1,1,1,0,0
4594,1,1.9797629352178832,2.6423106481407577,-2.5041706889740123,6.1299189619910743,-2.1076377955618466,-4.3778911740934081,146.683317376,1.48777014309,0.022190254070163014,0,0.011095127035081507,60,0,0,0,0,3
4595,12,5.3548943757195042,1.2863254272827527,0.96604418719412954,5.625434817354928,-2.0244538670812178,2.4483691710328173,0.0215060275842,0.0645915937518,1.2713489212040258e-06,0,6.356744606020129e-07,24,1,1,1,0,0
4596,1,-0.62400528423346913,-2.4456987341200556,-1.9185091410606638,2.7908999699666164,-4.5053397658795324,4.718259639878239,0.155102225902,0.00895910080301,4.8506966088161884e-08,0,2.4253483044080942e-08,17,1,1,1,0,0
4597,5,4.1973429129692956,4.2854922249401017,1.4896635636833404,0.22904199896631039,-1.5582864480660925,-3.0030055597319509,0.0499394506544,0.0148642615321,6.9798031683106721e-08,0,3.4899015841553361e-08,6,1,1,1,0,0
4598,6,-4.1001605038801561,-0.65595224066334845,-0.78757040764590391,-5.4528895361861149,1.2125701263106174,2.8188573733238385,0.226696127452,0.0163354941421,1.3267779579982827e-07,0,6.6338897899914134e-08,17,1,1,1,0,0
4599,0,-1.1352964931181957,4.9954430501848952,1.4078121209593577,-2.1152693519273571,-4.9369387399476139,-5.9045918493505525,0.0465559891861,0.0177903992293,9.8578357085706032e-08,0,4.9289178542853016e-08,46,1,1,1,0,0
4600,2,-4.6127003830261888,-2.3407981016489727,-1.4050755530569476,4.7888840112355648,5.6858038848156998,6.0866115511974543,0.0373785517127,0.0444626964784,6.0360489162985781e-07,0,3.0180244581492891e-07,27,1,1,1,0,0
4601,15,1.2577516463545027,-1.1867701593350859,-2.1978206788899297,1.8113930030063834,1.4039836342683383,3.466143452267739,1.54478293837,0.11893431429,6.6952807778571695e-06,0,3.3476403889285848e-06,27,1,1,1,0,0
4602,2,0.15457846581199891,-4.5661096514133988,3.0549769688309731,-6.1916376697454796,-4.3113053892346977,-3.6002290226066602,2.44711326088,0.406372433073,5.6292443648499288e-05,1.4769820460325433e-07,2.8150652770387741e-05,39,1,1,1,1,0
4603,8,-4.3769357274721203,2.1663589600045268,0.079122425141835873,6.0070180586190585,-2.7822212906839114,6.0496599938821092,84.1245957949,0.328451249306,0.0071098098128754075,0,0.0035549049064377038,60,0,0,0,0,3
4604,1,-4.6370890033570769,-1.2383187928445678,-1.3907743926270943,-3.5645434935475291,2.1516255889253548,-2.6738278155075941,0.173703132027,0.00256089771992,3.2170519164700646e-08,0,1.6085259582350323e-08,5,1,1,1,0,0
4605,12,1.7450835927800266,-1.3390600624868558,-2.3108336973553141,-0.74374933026410195,-0.89262631191083408,-0.040170873978872874,1.17942004417,0.0336363379328,1.7356767730987766e-06,0,8.6783838654938831e-07,21,1,1,1,0,0
4606,15,4.7219469802605154,4.4940480300963781,2.2198840954168406,-1.9117783289545722,-4.3642269635529987,6.0893068730000097,0.0346842690126,0.086759315951,2.2941128146130637e-06,0,1.1470564073065318e-06,15,1,1,1,0,0
4607,14,3.2147541685007743,-6.1866831814303609,2.6484815815815614,-3.6290537318080585,1.4591232669684109,1.1726873158065658,0.416724202884,0.0145746522619,2.3836604240326982e-07,0,1.1918302120163491e-07,25,1,1,1,0,0
4608,6,-3.9597353210734685,-3.9215610411324833,0.22569652485656388,5.3465632470110505,1.389794061634632,-6.2722751647960466,4.78833365844,0.162989985898,3.102052502823686e-05,0.005789666432093216,0.0001892002554769149,20,1,1,1,1,0
4609,12,6.0673435333141459,-2.5592655576279699,1.0133552172355769,0.57874990398273662,-3.4445727923040903,-0.18239926792143352,0.416079764065,0.00232550041938,1.7476972651001181e-07,0,8.7384863255005903e-08,14,1,1,1,0,0
4610,2,0.47582588285799421,0.7608380812172435,-2.2740822932847542,2.2719111225775919,-1.6189918789766511,-5.2885421794180747,0.044171669967,0.00292309288211,4.5539314409745946e-09,0,2.2769657204872973e-09,15,1,1,1,0,0
4611,14,1.0574542248447028,3.2257387437685856,-0.40048217966589628,-0.27713939040144248,-0.15122414658217814,0.25861649683205035,0.0358617258321,0.000885454777464,1.5248926249231939e-09,0,7.6244631246159695e-10,57,1,1,1,0,0
4612,10,-0.15514614185213438,-4.8467081316320106,-2.6443466139640188,4.411542102745897,-4.6371384532543711,4.0421084208426334,0.143247644275,0.063067503263,1.2321387111652707e-06,0,6.1606935558263534e-07,10,1,1,1,0,0
4613,4,-0.66572001146700621,3.1932212906128208,2.3036110791122177,-3.9570838892308497,-1.6719252210983901,1.8373350703422722,0.188495389018,0.0551257381953,9.6121624747321546e-07,0,4.8060812373660773e-07,16,1,1,1,0,0
4614,8,-1.7204590807712163,2.8295764920434752,-2.4477154076438916,-4.7060902677646768,-1.7749053454086214,3.0972486014953025,0.419826797172,0.0143930522278,2.3935906981694549e-07,0,1.1967953490847275e-07,27,1,1,1,0,0
4615,0,-2.5384362986480236,-1.2437883476932896,2.3689936361127133,3.5643326567569553,2.0237789770702821,-4.6565650490528734,0.0115567369033,0.174773023783,9.3048584141332338e-06,0,4.6524292070666169e-06,36,1,1,1,0,0
4616,10,1.8186154918893043,-1.6928253967797733,1.3550881878857677,5.1393083991419406,1.6410273052744249,-3.6675561735018669,0.411504362323,0.0323532800472,4.8818947280842928e-07,0,2.4409473640421464e-07,8,1,1,1,0,0
4617,11,0.34027580513510797,1.2869957797375864,-1.9788513547789364,-2.4246867462080055,3.7749299766585547,2.3045980532097428,0.219922410463,0.0854921796573,2.2747880198924327e-06,0,1.1373940099462164e-06,12,1,1,1,0,0
4618,12,-5.0538277419471909,0.029090172825547964,-1.0277132561112696,-0.64632219529155499,2.0261116629660103,3.0763797095812171,0.1007921599,0.340159533895,3.5256986366043973e-05,0,1.7628493183021987e-05,26,1,1,1,0,0
4619,13,0.70971273720630879,-5.749878775984496,-0.29891057367580171,4.8910634806017264,1.1645851253706974,3.6158474090194761,0.145060236685,0.46610957753,6.6201655978228644e-05,0,3.3100827989114322e-05,52,1,1,1,0,0
4620,3,-1.3714717836027974,-4.0418010325274265,-1.7546356584155045,5.1438727777410067,-1.8552768773262609,-2.141859600646224,0.119307469148,0.058721442842,1.0646184501822423e-06,0,5.3230922509112113e-07,10,1,1,1,0,0
4621,11,-2.8543404073715832,5.178653547717281,2.1009530498130098,-2.7266962576248193,-4.5963516043601844,1.4597669909543234,0.188736525399,0.00712351486926,5.1079123739918047e-08,0,2.5539561869959024e-08,15,1,1,1,0,0
4622,6,2.3577803642916209,3.8710966028710221,1.0006879722950173,-0.29049854312361867,-4.9010540199029684,-4.0728439416208291,0.219232612984,0.00732896123738,6.4425059017270272e-08,0,3.2212529508635136e-08,10,1,1,1,0,0
4623,15,-2.9446371745127231,-4.734986749738785,2.6341935472849491,-1.2295307189712321,2.1363061943829096,-0.20250138374331136,1.10482314065,0.000720703191788,1.2207923943915941e-06,0,6.1039619719579705e-07,11,1,1,1,0,0
4624,0,-4.6195464743503178,5.8569537670979406,1.0598546998835248,1.2580294064294524,4.702910649685224,0.065920882410857126,0.275228174447,0.0603617784741,1.1856376117228362e-06,0,5.928188058614181e-07,17,1,1,1,0,0
4625,11,-4.8944749466126893,-5.0649594190162173,0.09659459061783647,6.1366408534750647,-1.6961163913561799,-5.563963054061583,0.599282160663,0.0799959993643,2.30849561346557e-06,0,1.154247806732785e-06,19,1,1,1,0,0
4626,7,-1.5966976437052443,-3.8448221774440485,1.8433174118415949,0.40893262293483229,-5.0462802027562894,0.074350981660338961,0.0383819038894,0.00327856218679,4.747494056800417e-09,0,2.3737470284002085e-09,20,1,1,1,0,0
4627,4,-3.2237567049822009,0.83002250448374382,2.0681250575385386,4.8477161735416967,-1.0505431849231657,-0.73416810797946674,0.179758737524,0.0200461450765,1.5472308403883595e-07,0,7.7361542019417973e-08,11,1,1,1,0,0
4628,11,1.8515937219422742,0.5961878083203147,-1.0154437982306723,1.5934467084254422,-2.4962390734730704,5.9609264838062979,0.245059835774,0.0606948920433,1.1822252730162475e-06,0,5.9111263650812377e-07,22,1,1,1,0,0
4629,12,2.308982528230894,-2.9569617651841704,-0.54035386748007541,1.8009065927865133,1.6187036636510483,2.4100905341554277,0.0782794663374,0.0898483234801,2.4652191872545986e-06,0,1.2326095936272993e-06,13,1,1,1,0,0
4630,14,-2.6729819656914984,2.1081995320763549,1.3944246700905452,3.8290651997946905,4.8624318284405694,4.7667635744711667,0.024485157412,0.00167713684415,1.456347154631121e-09,0,7.2817357731556048e-10,18,1,1,1,0,0
4631,0,-0.16310378336106593,1.4635397525218696,1.8186424445745633,-1.9660971714180853,5.0628196406476791,1.880332106452373,0.0749361767974,0.00117619035018,6.0368455631205454e-09,0,3.0184227815602727e-09,13,1,1,1,0,0
4632,10,-0.53665385815379363,1.6062099533432324,-0.3181514371353944,-0.81026305770743778,5.9273311184374391,2.9540459567761457,0.577652599547,0.0139995410231,3.9338362535973046e-07,0,1.9669181267986523e-07,10,1,1,1,0,0
4633,2,-2.1229665452365007,-0.75329438697379458,1.4168130340461826,-0.99125440750983729,-0.39214310344473219,-0.86576637195463124,0.210417718018,0.0703467393794,1.5517247963284106e-06,0,7.7586239816420531e-07,14,1,1,1,0,0
4634,10,5.2544739102403,-4.7891331142554359,-0.47260076480163232,1.1961715052517763,-0.67959711927765687,4.2539147766876413,0.385966757626,0.00168711054866,1.498373833489104e-07,0,7.49186916744552e-08,13,1,1,1,0,0
4635,13,0.66680470428859884,4.1111090453283303,2.2849993344647479,-5.7128080865824735,4.6249637390853771,0.92220465972123855,0.166247837461,0.0354412309608,4.1026245164527411e-07,0,2.0513122582263706e-07,39,1,1,1,0,0
4636,6,2.4312657951875525,-6.1081057707885966,0.22877174915516865,6.0127261412761586,-1.2022627442918574,-0.23098674426754487,2.47256483363,0.00259604541834,6.115629810942911e-06,0,3.0578149054714555e-06,18,1,1,1,0,0
4637,7,-3.2983424648823454,4.0428582785531075,-1.8387274562313864,-3.5690983755380201,1.4234655681154564,1.6287048897700751,2.54310392393,0.0533551367564,7.334553488368289e-06,0,3.6672767441841445e-06,7,1,1,1,0,0
4638,3,-3.431144802676839,1.0958666639820871,2.7947236204075585,-4.2922593833839473,-5.2210482023084088,1.5248616253092968,0.369384017924,0.00546873315689,1.4555475876900727e-07,0,7.2777379384503634e-08,14,1,1,1,0,0
4639,9,4.2296984739014718,4.849567908176275,-2.6905588679875789,3.5084676069905552,1.1677749594583127,-5.1304264322557929,0.53683867153,0.0868042218145,2.5834797697736842e-06,0,1.2917398848868421e-06,10,1,1,1,0,0
4640,9,-5.7291411771531999,-3.8476715062731812,-2.7294530761004636,-2.7550959918418458,2.6722518164619564,-6.115918907628128,25.2562779307,4.93854912852,0.008067275309657845,0,0.0040336376548289225,60,1,0,0,0,2
4641,15,5.9668931767698421,3.7575736491008365,-2.9230909272924164,0.84623557505306235,-1.9511719997278514,-4.3718675535131251,0.0976074515829,0.0065174396721,2.2466454800410034e-08,0,1.1233227400205017e-08,21,1,1,1,0,0
4642,2,-3.3713462282772886,4.6714122240809095,2.6631364541062998,0.14275153082019904,-2.0635254974136554,-0.84797448447326562,0.178610259256,0.0333347685266,3.7039457076069337e-07,0,1.8519728538034669e-07,22,1,1,1,0,0
4643,2,3.0603706905749051,1.8664225444365834,-1.1845738704378712,-0.93066072655936904,-2.3268049189968125,4.8761212790155595,0.0418754322605,0.00107218587686,2.103734698598591e-09,0,1.0518673492992955e-09,12,1,1,1,0,0
4644,2,4.6221490512949117,0.83071921638395185,1.8849890323262022,2.2382388652619194,1.4823923591879835,5.7199122800532969,4.12605019787,0.172311587757,2.6068772336910726e-05,0,1.3034386168455363e-05,14,1,1,1,0,0
4645,4,-0.97651176359535929,-3.1234924532919321,-1.7395886865837979,3.9473338912825247,0.12150228462002122,-0.37242247058536065,0.0436408107496,0.0464044594055,6.5785970721239196e-07,0,3.2892985360619598e-07,19,1,1,1,0,0
4646,0,3.777216355332381,-3.6321640598795004,-1.6849650571851518,3.1551357484188354,-3.8543882327213161,-5.5679135109123985,0.320226300037,0.182262440567,1.0221812881233333e-05,0,5.1109064406166664e-06,16,1,1,1,0,0
4647,6,1.0186170013693032,-1.4438197048163908,0.15925396549758475,-0.25815854505814445,-4.5148982299967404,3.0480077750281604,1.99237449631,0.00129067351611,3.9700635768683455e-06,0,1.9850317884341727e-06,51,1,1,1,0,0
4648,2,5.0539861858821533,-3.4509894784812642,-3.0040167133536722,5.3375131078919384,1.1151055234742122,6.132799081429547,0.584884501325,0.00253247741731,3.4404352600378781e-07,0,1.720217630018939e-07,24,1,1,1,0,0
4649,13,3.3665557819878278,3.3665029397343016,-2.0679407919764827,-1.8872008155809803,1.4154031781480636,1.5457781061644948,0.0301606856685,0.0606792634378,1.1225027854018895e-06,0,5.6125139270094474e-07,18,1,1,1,0,0
4650,6,-1.1632907692932526,2.6466982806660218,-2.1435012260260859,-0.9027225399414458,1.0185476271036367,-0.8571709111219018,4.28541137392,0.958977148091,0.00029850225267969772,0,0.00014925112633984886,53,1,1,1,0,0
4651,11,3.2266768875726632,-5.3737540406341324,-2.6472129700208029,-2.4915323891407799,-1.9133816128960333,-1.6441281232307252,1.59850468967,0.130680244971,7.7572683555275718e-06,0,3.8786341777637859e-06,21,1,1,1,0,0
4652,10,4.2056348998609439,0.42013742034547258,2.7171748925407364,-1.0082310876523848,4.2959485499353374,3.3305728222778486,0.0682189542479,0.304522244598,2.8252983933542755e-05,0,1.4126491966771378e-05,11,1,1,1,0,0
4653,5,3.5307835748118621,-0.43308940890765757,0.64385080357030855,1.2166346458316486,-2.0717261831254001,-1.7616334860151035,0.0269595505053,0.0735024349231,1.6464553080494575e-06,0,8.2322765402472876e-07,19,1,1,1,0,0
4654,4,-1.9012042436297465,0.30634616733248421,-1.3978889425127858,-0.24257222920498633,1.6167407824974391,-5.6786662620926238,1.38556457321,0.0498746647927,2.6775195924697307e-06,0,1.3387597962348654e-06,43,1,1,1,0,0
4655,3,-5.9299600343674621,0.38776814357165523,-2.9827586429208028,-1.8387457475001128,-1.3864393163957043,2.1328786847040901,4.05817768083,0.109658373555,2.0131818039468691e-05,0,1.0065909019734346e-05,19,1,1,1,0,0
4656,5,-4.5148677681037377,-4.6166362172664019,2.9784397957400675,-2.7620290288016025,-2.0962110231369961,-5.8264032761943687,0.374641996516,0.014186542929,2.0166331830947356e-07,0,1.0083165915473678e-07,24,1,1,1,0,0
4657,3,3.63286655480238,-4.3242879254911148,1.4729574107170638,4.5528300133571733,4.504276958413854,-2.1933329047111001,0.0415259330816,0.00419029864554,7.0730593796408019e-09,0,3.5365296898204009e-09,26,1,1,1,0,0
4658,0,2.3333482473165463,3.4019553056088894,-1.2571951543681099,-2.4871675105809965,1.0541295038763443,1.1508856302832289,0.0249938933773,0.178124613733,9.6656413404085925e-06,0,4.8328206702042962e-06,16,1,1,1,0,0
4659,2,1.9908459767332485,4.9566691269070491,-1.2514009505868418,3.9037557919040355,5.1347025257231254,0.21573172637574742,0.0548435057463,0.00358842892716,6.9303144655852689e-09,0,3.4651572327926345e-09,57,1,1,1,0,0
4660,4,-1.3728297508799061,4.2188406012173711,2.4303476400430912,2.1991943376276097,-0.9343716888400645,-4.5885235226682672,2.49985305697,0.0305291981039,6.5331784702261193e-06,0,3.2665892351130596e-06,21,1,1,1,0,0
4661,12,-2.389279054638231,-3.2689169626666121,0.73479303724643041,4.0662311751443534,-1.4242952208807751,-1.6537031513975007,0.0380134200293,0.269191740138,2.2075300505986277e-05,0,1.1037650252993138e-05,15,1,1,1,0,0
4662,7,-0.45707743188831962,-0.262687876050055,2.8947182275439953,-4.3455123763937067,-4.814945796641215,-1.2195815125214315,0.183691787968,0.00513587903557,4.17776438594178e-08,0,2.08888219297089e-08,17,1,1,1,0,0
4663,6,0.73765797029185021,2.9450506820918956,2.849986653600233,2.2597200177326608,1.646810018173825,0.73239487341617859,0.219714251786,0.0197066528556,1.665731874478402e-07,0,8.3286593723920099e-08,10,1,1,1,0,0
4664,9,2.533564370192428,2.5567965336199956,1.9075354553724451,-0.1642613841150278,-4.8556087580256113,-6.1223643681548996,0.0152319765425,0.179303061146,9.7935564765519307e-06,0,4.8967782382759654e-06,10,1,1,1,0,0
4665,10,2.0858489332138062,-0.90084192788791573,-2.5683487111648104,-1.4319487147681602,4.7613678014647602,-0.010674549330119756,0.0493480817997,0.00175751901944,3.3761577322118765e-09,0,1.6880788661059382e-09,26,1,1,1,0,0
4666,12,-0.38178789857873829,2.5563721502890844,-0.87549129781104962,5.8885306580570065,-1.3757605376839606,-3.9631436439285737,0.261734190304,0.000381095713892,6.8549027163183934e-08,0,3.4274513581591967e-08,17,1,1,1,0,0
4667,2,3.8053416333494545,-1.9616137918018515,-1.6436101813098605,5.466103856748882,4.5666998563823222,3.5773105601618749,0.0610711064736,0.0278046299689,2.3922862980979395e-07,0,1.1961431490489697e-07,22,1,1,1,0,0
4668,3,2.7571915523664865,1.8070031685451464,-2.1313327357848957,4.9735376443813504,-5.2942808990002082,-5.1304171284393609,0.0892642193293,0.0186125830842,1.1349618022423459e-07,0,5.6748090112117293e-08,13,1,1,1,0,0
4669,10,2.9650800999253581,-0.831862514641034,0.79485371231499424,2.0353826805818382,4.9673504093608178,4.5266519655894006,0.0958812271204,0.00978838126785,3.8379338175358555e-08,0,1.9189669087679278e-08,25,1,1,1,0,0
4670,10,-0.72413500906548722,-1.9126122454580436,2.3022039566596857,-4.6363861573299578,-1.7953501803048681,2.5264636022866802,0.0816264349463,0.00160641549744,7.4489616856114038e-09,0,3.7244808428057019e-09,42,1,1,1,0,0
4671,13,4.3757617154253072,0.91442114963930954,2.1940602848342907,2.3251836719582206,-4.3946939076822531,5.7969093653148454,1.56771636659,0.0210207061488,2.592335931862693e-06,0,1.2961679659313465e-06,22,1,1,1,0,0
4672,13,-5.391122747833248,-4.8042678833897536,0.95077265361548557,-3.9556280687392475,-4.7602713760814321,-2.5526088059218139,0.0867904351721,0.00964084545039,3.5845520179234535e-08,0,1.7922760089617268e-08,16,1,1,1,0,0
4673,7,-4.3106137304774341,-5.8653243583987287,-2.5745770723100221,-2.325728967264248,-1.7421511819928062,-0.47150842027981482,0.339604651259,0.0166847364775,2.0013084786581424e-07,0,1.0006542393290712e-07,9,1,1,1,0,0
4674,14,0.035711061031195493,-1.1033408397463618,-0.78248355129279057,3.1279528354192387,-0.72723524096243108,-4.5664595614083412,0.042330696782,0.0219430369438,1.4846422216142106e-07,0,7.4232111080710532e-08,22,1,1,1,0,0
4675,9,-4.4796976040430563,-0.39233495491933756,0.94240838558315065,1.0958773625327451,-2.5231457584813746,-0.39591667957267107,0.432560659256,0.0703863371193,1.6962554492837427e-06,0,8.4812772464187136e-07,18,1,1,1,0,0
4676,10,-2.1497296181420502,2.0881546833584688,2.4375964166179287,3.4317072647101501,-1.6235188722900677,3.6552948887122652,0.161195515137,0.00649205529185,3.8822638058615017e-08,0,1.9411319029307509e-08,24,1,1,1,0,0
4677,4,5.7327830345121118,0.99417384637672435,1.7760365246162377,-2.8071663058322844,0.74992095045480156,-3.7311193467916501,0.224451722917,0.0363324591318,4.5248806573502895e-07,0,2.2624403286751448e-07,50,1,1,1,0,0
4678,8,-1.3773722917466273,5.7916076072496203,0.98523181001489535,-2.5175680440832089,-4.7752239924849285,-5.9815645122509586,0.246150716717,0.0302728001076,3.3975450263983125e-07,0,1.6987725131991563e-07,17,1,1,1,0,0
4679,12,4.1493145710357355,-2.885816530389179,1.9439667946135983,-6.0774564099818926,2.5367109085314903,0.42397472805746433,0.00670384528549,0.698714687192,0.000148714943734007,0,7.4357471867003499e-05,15,1,1,1,0,0
4680,6,1.1152741141431277,2.1989593782824883,-2.6084340883867743,2.3567957508802708,-1.9396012390801054,-6.1310794951655341,0.040696280465,0.145659176577,6.4646008324365366e-06,0,3.2323004162182683e-06,25,1,1,1,0,0
4681,0,-4.4899679642626351,5.0653128604893194,2.7469489998605581,-5.867354819044599,-1.7718056030684577,-0.20508872606461312,0.375497445726,0.0693673291173,1.606764458602484e-06,0,8.03382229301242e-07,20,1,1,1,0,0
4682,0,-6.0650270164218023,0.46254889497098961,-2.9238320245064608,-3.8226497487940221,-2.3517176700783549,-3.8385302541061739,36.8536477749,0.244307908037,0.0013763728574492063,0,0.00068818642872460316,60,0,0,0,0,3
4683,12,2.9696451713694016,5.7944994650517065,-2.8846248633156191,-0.89581788460450595,-1.9340240702796734,4.188855667242505,0.00208691015566,0.229345939179,1.6022746548900424e-05,0,8.0113732744502119e-06,52,1,1,1,0,0
4684,9,-4.2522058147448742,2.5133122070998493,-0.1229562731910141,-0.75520139485571458,-2.4343911189799745,-5.4327038394621949,42.6295589282,0.000448965073189,0.0018172793558178292,0,0.00090863967790891459,60,0,0,0,0,3
4685,10,-4.6509514839875061,0.34878898593279628,2.6672584612680437,0.38930719410733672,2.0864340426044725,1.8667890110261531,65.7448656427,4.22778635847,0.0097671731870727085,0,0.0048835865935363543,60,0,0,0,0,3
4686,12,5.1724550476621571,-4.0713824184494252,2.6263822631481615,2.7944239959885939,4.9184639900173881,-3.5039341058780336,0.953435255165,0.144357344189,7.2569742408483144e-06,0,3.6284871204241572e-06,20,1,1,1,0,0
4687,0,3.4744425219773727,-0.82431315169528896,2.0763540222125267,0.13096431615928983,-1.399757613095044,4.1080111877544798,0.0474021768382,0.0434116378051,5.7631990762278626e-07,0,2.8815995381139313e-07,31,1,1,1,0,0
4688,2,-3.7339540290557465,2.5456341890761873,2.8004912645814941,-6.072539407496528,-4.9152870807309581,2.2344176075824334,0.82769470708,0.150650060348,7.5985051098880581e-06,0,3.7992525549440291e-06,16,1,1,1,0,0
4689,7,0.18298227730024069,-4.1266802251488048,-0.27355080236377738,-6.133662300122829,4.7219582352079819,2.1133059987439182,0.00755950896059,0.303406798719,2.8041822542664895e-05,0,1.4020911271332448e-05,10,1,1,1,0,0
4690,1,-4.8452311312720182,0.24819400666031449,2.8123449473254305,-0.84287594478794081,-0.99542141252031802,5.4918235724049476,4.91566114995,0.299401081151,5.1469936920563862e-05,0,2.5734968460281931e-05,16,1,1,1,0,0
4691,8,-2.0606892842160063,5.6064155685037607,1.058571872335861,4.4112204190002355,-4.0876128435156831,1.1783479591548129,0.239070153931,0.115563907828,4.1253252950473382e-06,0,2.0626626475236691e-06,17,1,1,1,0,0
4692,15,6.05891163230892,-3.8803103719623175,0.47046580999324139,-2.5573705378898581,5.4329380793785012,-1.110603315644336,0.212293928257,0.0211739339048,1.8163950817939281e-07,0,9.0819754089696405e-08,29,1,1,1,0,0
4693,3,0.43074225224072932,-3.9970620587020815,-2.7022831987146105,3.598613332709879,3.8786830702738646,3.0062205696379634,0.74277524322,0.0372056527569,9.7338495333188976e-07,0,4.8669247666594488e-07,39,1,1,1,0,0
4694,5,3.4811457143134747,3.5909201314564725,-1.556444215331598,-1.8130782893777837,-3.6324510657495863,-4.7684711996189364,0.737842515848,0.00650341799751,5.57295203098765e-07,0,2.786476015493825e-07,15,1,1,1,0,0
4695,4,-0.40400870396244298,-2.6144455222087126,-1.5462199882436825,4.9971334528600186,4.0682653326854181,1.4870743722216897,0.0347761805475,0.00885077440712,2.507195617020473e-08,0,1.2535978085102365e-08,36,1,1,1,0,0
4696,4,3.2237147294511299,-0.78528033933956332,2.6283311348641893,-2.0615974946634674,4.3230736317813863,-2.5302590645564287,0.0531059867042,0.10222490479,3.1860513125495942e-06,0,1.5930256562747971e-06,18,1,1,1,0,0
4697,5,2.2482838072018394,-2.7711092837937392,-1.3440478352070155,-0.083482640130704333,3.972591366627185,5.0583792544985613,0.0289143652226,0.00205135679717,2.1178903302718645e-09,0,1.0589451651359323e-09,13,1,1,1,0,0
4698,2,-3.3942105414335009,-4.1000468207800518,-1.4867188414765906,0.67886590261600144,-2.0980435488109093,-0.62483487874653576,4.07260478756,0.0301034881974,1.6862160154304517e-05,0,8.4310800771522585e-06,16,1,1,1,0,0
4699,12,-4.6374843821682044,1.0240074968172861,-1.1251038885885556,-2.7063192498622697,4.2854166276442172,5.6791846399309422,0.231078545074,0.00118506254467,5.3825090544798671e-08,0,2.6912545272399335e-08,29,1,1,1,0,0
4700,13,5.6465960561840189,-3.7172038372430332,1.6913136210799051,-0.18367740334510269,1.7919875451943306,4.6007275802761054,0.0612113761992,0.000337149135537,3.7814582980583645e-09,0,1.8907291490291822e-09,7,1,1,1,0,0
4701,15,-3.506896999156583,1.0837762500724517,-0.26410922969620548,-2.5686711380428897,-4.1473266543761325,-4.4582777629612034,129.51334785,0.0854217497925,0.016775930026603415,0,0.0083879650133017077,60,0,0,0,0,3
4702,7,0.87583208954126246,-5.895089425280946,0.5001144941701533,-2.109052465585707,-4.011904398165659,-1.9962020119585888,0.189120678003,0.00336134115898,3.9208385610116148e-08,0,1.9604192805058074e-08,20,1,1,1,0,0
4703,12,0.9051425368953161,-6.1427420429492141,2.4274360842892881,1.5230300485247263,1.6317803883636384,-2.6884586509108135,0.0725154349899,0.00360516818238,9.2176733009350155e-09,0,4.6088366504675077e-09,24,1,1,1,0,0
4704,9,-1.4270015108180305,-3.1567588790891969,-2.5648561971431549,1.1096502627728575,4.5252502337137299,-3.4174748096497325,0.064047572844,0.00138395150376,4.6855319612506393e-09,0,2.3427659806253196e-09,16,1,1,1,0,0
4705,13,3.7462218278130712,5.2021448805078574,0.81643530076768311,4.3419781785120275,0.78548754815166388,-0.64555914233962819,0.354075302614,0.00152319544884,1.2607607022226858e-07,0,6.3038035111134289e-08,9,1,1,1,0,0
4706,0,-0.96592548638542874,3.8163813852240005,-2.3657968294220275,3.7574662871878792,1.7317683676294646,-1.0764406762062384,0.92047531084,0.0716371082886,2.4105334055308313e-06,0,1.2052667027654157e-06,11,1,1,1,0,0
4707,8,4.348131698492101,4.8718596476356071,2.3949746128629461,-1.1770357888600158,4.4129642336758419,-1.7458280379586499,0.253976251177,0.0605744689207,1.1822263644168184e-06,0,5.9111318220840918e-07,14,1,1,1,0,0
4708,9,0.14938186397108422,-4.7092007109722642,-0.89547140476825082,-5.4365796461909284,5.0510525276733507,-4.9957900364464205,0.0367523195765,0.0895236057444,2.4426997286355269e-06,0,1.2213498643177635e-06,13,1,1,1,0,0
4709,7,4.2377091892674255,4.0420795279244324,0.3440968597321683,-1.7457012577867463,-1.8000769299671804,3.8132373485119788,0.173824863128,0.0659104022265,1.3535283274080196e-06,0,6.7676416370400979e-07,11,1,1,1,0,0
4710,12,-5.7344236861198725,3.0406329980430042,-2.3429755458020485,1.2056656304283806,-1.6518902013429391,1.405988684941313,0.290824516042,0.00739313001352,1.0122879119590107e-07,0,5.0614395597950537e-08,32,1,1,1,0,0
4711,2,6.1612769613232423,0.54599477346401748,0.19282177481624585,-2.6907490438045976,1.9870844457776027,5.2755065297901069,117.101636262,0.0198417722819,0.013712913141981814,0,0.0068564565709909068,60,0,0,0,0,3
4712,12,-4.1151532852036663,-4.2288186247964275,0.90660066709651399,5.249246871419234,-0.92600431234376568,-0.97781860653488428,0.0306962373361,0.282929498363,2.4385292875294449e-05,0,1.2192646437647224e-05,11,1,1,1,0,0
4713,1,2.0469132819237865,-1.2041942127893885,0.55201696098234121,-1.1680293417943743,-5.1708684885635314,2.0165074042974571,0.215217027845,0.0451690794456,6.6781276150263814e-07,0,3.3390638075131907e-07,25,1,1,1,0,0
4714,0,0.55673755424284788,-5.7188366670696693,-0.69285636136025341,4.7109499589087953,0.43877068476165859,-2.3532636311663713,1.11832468616,0.0532166895934,2.1133315260138456e-06,0,1.0566657630069228e-06,24,1,1,1,0,0
4715,13,-2.171157115619001,-3.4230798914450031,1.2665142867490571,-2.766954656301281,4.7635318971905454,-2.8107443747780589,0.220482895604,0.193179809185,1.1416459207477111e-05,0,5.7082296037385557e-06,18,1,1,1,0,0
4716,1,-5.2999298149890777,4.0528319067938767,0.69785049361453544,3.6954674057516677,4.6684807561289752,-0.09040749944494203,2.50515564913,0.775238535145,0.00018934928595698658,0,9.4674642978493292e-05,20,1,1,1,0,0
4717,0,-3.6777398258567144,-4.676646774772407,1.7304585096627561,1.5033264591242903,1.3480246294970439,2.2868051130233722,3.03032686407,0.0299072808735,9.455344567970839e-06,0,4.7276722839854195e-06,13,1,1,1,0,0
4718,3,0.45679556137709165,3.647974782749611,-1.2861529707384378,-0.80356025305562417,4.5155136494890504,1.2957739473837635,0.215797861524,0.0438431492502,6.3211094256956469e-07,0,3.1605547128478234e-07,39,1,1,1,0,0
4719,4,-0.69889326446194355,-0.46619236999525016,2.1882836034482254,-0.26718560102982558,4.5300129715458324,-3.51107422053729,0.0173726696043,0.0424117367158,5.4823404185070973e-07,0,2.7411702092535487e-07,12,1,1,1,0,0
4720,8,-2.2414128067668329,-1.2658786288604076,-1.9358232680125447,-5.9183444454886933,-0.9178953728632302,2.8253786009795796,0.0688291776732,0.0397832383171,4.8685728923461692e-07,0,2.4342864461730846e-07,10,1,1,1,0,0
4721,11,1.37244024605141,2.844826931401053,-0.74508232609547842,4.7776690315846118,4.4736124077667778,5.6146834979710771,1.63217764292,0.0474293907403,3.3492550931558722e-06,0,1.6746275465779361e-06,19,1,1,1,0,0
4722,13,5.8994101571659083,-4.2660030650290723,2.7148648923438325,-1.5780080799569429,3.4872582641719738,-3.3364655065066544,1.00749654702,0.39007876067,4.7366074391724741e-05,0,2.3683037195862371e-05,13,1,1,1,0,0
4723,10,-2.3258982493664102,0.23442092338372489,2.66611633970057,-3.2458525062900252,2.3137815653933633,0.40158848877659337,0.176668017719,0.0283809560926,2.7657442224575109e-07,0,1.3828721112287555e-07,8,1,1,1,0,0
4724,11,5.2161084809629878,-4.4249041714840045,0.29385547552936925,3.0951231040459941,-4.4023667789492027,5.482080214143064,0.96076939408,0.0335988807245,1.2669557993311884e-06,0,6.3347789966559418e-07,18,1,1,1,0,0
4725,15,1.7130218964861599,4.1717430334710341,-2.6678811631830754,-2.9501401967293956,-4.7292424003955,2.8942825102808425,0.201875360601,0.0633113852889,1.2617612625895529e-06,0,6.3088063129477647e-07,18,1,1,1,0,0
4726,7,2.0847300976096252,1.3980934178120012,-1.7118582477600177,0.31043428625721747,-5.4355762888768,-0.35909950655901934,0.0950131477778,0.207400410549,1.3112124577264426e-05,0,6.5560622886322129e-06,19,1,1,1,0,0
4727,8,-5.5340715927444801,0.88765436237341588,-1.2899377212083074,5.44073879113866,-4.9248353383373917,3.6846748967957419,0.0841725404879,0.110144182984,3.7026246713038283e-06,0,1.8513123356519142e-06,9,1,1,1,0,0
4728,10,-3.894711662746472,-0.11746452433017285,0.024473957437657012,3.9045300954629325,1.1957452483459599,1.5830325472895366,4.45113467696,0.00421375001493,1.9818008604653766e-05,0,9.9090043023268828e-06,23,1,1,1,0,0
4729,6,-2.8109710598739532,0.90770410500495879,0.81915350752533034,-3.084540365032022,2.7583417385760107,1.5120824125178598,0.177490800767,0.00467149436398,3.8150607538386111e-08,0,1.9075303769193056e-08,29,1,1,1,0,0
4730,6,4.2839492463819715,-5.0105441505210093,-0.59448231262161633,0.032273987055776346,-3.3601302214384181,3.6604630103635833,0.263608689649,0.326265128609,3.2495689199959079e-05,0,1.624784459997954e-05,13,1,1,1,0,0
4731,1,-1.3472429802895483,1.6295428122765603,-0.037202939369102107,-1.6594672574177134,-4.4918923034135361,-0.32394281102135319,39.2101333121,2.73352440592,0.0038135833371597126,0,0.0019067916685798563,60,0,0,0,0,3
4732,7,3.0503048646952848,0.97187026300618951,0.0013931492678864177,-0.35105501746272372,-2.3236186292163539,-2.3228887755976482,44.9645074285,0.0268021833167,0.0020220257523482915,0,0.0010110128761741458,60,0,0,0,0,3
4733,14,2.3489899150210376,-4.4562208602295774,-0.17714347547475567,-0.43256971344356859,4.6968492771387877,-1.5029361501602276,1.20206313786,0.0162277151447,1.5251733545506893e-06,0,7.6258667727534465e-07,31,1,1,1,0,0
4734,3,-5.5294634350498537,4.7923342295285618,2.1549793623280467,-2.3803575688478849,1.6607471389574715,3.7113782750661506,0.0146266196493,0.029428106708,2.6401672503407982e-07,0,1.3200836251703991e-07,22,1,1,1,0,0
4735,15,3.0696796112027966,0.089389399644087764,2.605343811380386,-1.6142569023355404,4.3879342851424292,5.0939384616663075,2.51914019201,0.166649522616,1.4805921598434753e-05,0,7.4029607992173765e-06,28,1,1,1,0,0
4736,7,-3.7075707613463176,-0.17609866946975797,1.7504958234190384,4.3008557528466707,-2.7119779857356101,2.3039924082851013,0.91575152085,0.00788926345005,8.5756038168807569e-07,0,4.2878019084403785e-07,30,1,1,1,0,0
4737,4,-0.34020728492010816,2.755247143861931,2.4695962105127416,-5.7123878935124726,1.3755520652472628,-1.4678010998152897,0.0538185735126,0.00440490151265,8.8069785783666268e-09,0,4.4034892891833134e-09,12,1,1,1,0,0
4738,6,-3.5179041684905652,-3.0610711527911345,2.644453429017692,2.5905589926640635,3.7933291813184922,4.4913846076293282,0.298697533369,0.0560814053244,1.0472797812850795e-06,0,5.2363989064253973e-07,47,1,1,1,0,0
4739,3,-2.1081713546076166,1.4069874752757077,2.356473613604114,0.91972375216663049,-4.7528567096398131,-5.7779420888745081,1.34446822616,0.00136664643815,1.8081637519536583e-06,0,9.0408187597682916e-07,17,1,1,1,0,0
4740,4,2.5355476139287783,-3.8526090797497119,2.2589767061894506,-6.1477156966958377,1.7740758323428154,2.1197215177515387,0.109028793823,0.0042484757862,1.738548416735879e-08,0,8.692742083679395e-09,17,1,1,1,0,0
4741,9,2.6848739483802282,0.17214374690731421,-2.7458892487790956,-4.230730612128685,-3.934154811401295,2.8719132495979096,0.11247582109,0.0102015157919,4.4352626811158157e-08,0,2.2176313405579079e-08,13,1,1,1,0,0
4742,14,6.0444852918133005,-0.37042146765019157,-1.3901452037522704,-2.9068453497000362,5.0505518404459027,2.0173235001877656,0.422066882608,0.00565485240984,1.8788131300262925e-07,0,9.3940656501314627e-08,8,1,1,1,0,0
4743,14,1.2065926756245047,2.8549945904807212,0.64078547469303915,4.2029978149930924,4.7128532706818156,0.63773535680035187,0.427885977275,0.165896140978,8.5666237422695659e-06,0,4.283311871134783e-06,46,1,1,1,0,0
4744,7,-0.21239887075030822,-2.5478915823460873,0.94805211658288002,3.127298436089299,-1.2647844909220953,0.59669499408929705,0.646110313971,0.182821751326,1.0598928047192396e-05,0,5.299464023596198e-06,34,1,1,1,0,0
4745,3,-3.4378855692018324,-1.6810258465416532,1.5000557370939955,0.98210225956659258,-1.5634853839414891,4.2155398291273496,0.0676749439175,0.0172140554139,9.4845260105146147e-08,0,4.7422630052573074e-08,30,1,1,1,0,0
4746,2,-1.3497230522582513,1.0566392538007161,1.6731843064646743,-2.8449121928739385,-0.50892773358402232,5.8919340882416833,0.0356666375415,0.0337506664991,3.4826409323323682e-07,0,1.7413204661661841e-07,25,1,1,1,0,0
4747,13,2.15171539026074,-3.719616103966922,-1.1320145938550423,-1.3790298634172982,1.2874133473975755,3.0832312859142239,0.437803020795,0.0334337194686,5.3217697889171032e-07,0,2.6608848944585516e-07,46,1,1,1,0,0
4748,6,5.1321578244312471,-0.56333409107627508,2.4986020105018234,-0.88450926346511949,4.4243106731377244,-3.6483277657142863,0.151938223885,0.00535589740751,3.1823368617212512e-08,0,1.5911684308606256e-08,17,1,1,1,0,0
4749,2,-2.7020672438148496,3.1251606018900167,-2.7478162533360364,1.1934726313926665,4.6509839244477025,-1.8631051344914109,0.13909355763,0.0136397959509,7.6019271250528302e-08,0,3.8009635625264151e-08,17,1,1,1,0,0
4750,4,3.8368678516156369,-1.0384411579185195,2.1719637535933174,-5.1834952546449662,5.0800874488506222,-2.8101853284424858,0.0471180035907,0.0252813268313,1.969149551830883e-07,0,9.8457477591544149e-08,11,1,1,1,0,0
4751,15,-5.992035218919268,-4.7681780321841405,2.0475750973999602,5.3220761436116941,-2.4387959465858242,-3.8580730215236225,0.0509526084303,0.011594196523,4.3544484679696458e-08,0,2.1772242339848229e-08,9,1,1,1,0,0
4752,12,-2.4225311622632155,2.6286479482495722,2.2565923567310229,-2.1664591384721312,3.8713375556491489,-1.1238849291048316,0.0766779533948,0.0140665761946,6.6153720519427816e-08,0,3.3076860259713908e-08,9,1,1,1,0,0
4753,13,-4.4438810256903416,-5.2922178142007281,2.9247534441058658,-3.5431583930600605,3.8568363702894208,-0.014490327249651026,0.0515492801327,0.795022223179,0.00019253924583188079,0,9.6269622915940396e-05,39,1,1,1,0,0
4754,13,1.3133151268522756,2.4923883866112995,-2.2038335660118964,-1.7158464687715216,2.1537956217473808,-2.7275378345908381,0.187736130192,0.0141036917928,9.583756123896206e-08,0,4.791878061948103e-08,26,1,1,1,0,0
4755,13,3.3606066970614257,-5.1967658975960855,1.9393718147353103,5.3003895993516323,-1.5351233792050312,-1.7928068753759081,0.119661160002,0.0428897867051,5.7467283407965668e-07,0,2.8733641703982834e-07,13,1,1,1,0,0
4756,9,-2.9357156486395515,3.9691925549700025,1.2154436283430929,-4.1831943465651467,5.0233408366619683,-1.992866605502041,0.044566388147,0.00721217646066,1.7830987091892611e-08,0,8.9154935459463055e-09,7,1,1,1,0,0
4757,7,2.2775943904229967,-5.9194016972560712,2.8006209217248008,-6.2831853071795862,-4.0376903060275442,2.9501851871921843,23.7449631746,0.494445210847,0.00063829494475048691,0.0075689999999999993,0.0005462174723752434,60,1,0,0,1,2
4758,10,-1.8764772791619879,-4.805421891236092,0.87364452815516425,1.2456519581559842,-3.6800532669936796,-0.74541574800510813,0.0845185693948,0.118666479799,4.2966846914937452e-06,0,2.1483423457468726e-06,15,1,1,1,0,0
4759,12,4.5023461270660281,2.301373171439729,-2.5482447547587501,-1.304645406314783,2.0770040804266272,0.63492659362165671,0.496890564709,0.00848764560523,2.6884491118486297e-07,0,1.3442245559243149e-07,20,1,1,1,0,0
4760,15,2.3615806820018999,-2.0090341881209288,2.275517851173583,4.6127858257857044,4.1616280189838486,-3.5010292669618459,0.0696177642679,0.00982397439327,3.4245404332642017e-08,0,1.7122702166321009e-08,5,1,1,1,0,0
4761,12,-0.38378587652307461,5.1256831997534125,-1.0320358909235339,-1.2279515211235466,1.282277966580579,-2.0262893266518391,0.0604092620075,0.00142808737147,4.270525919243122e-09,0,2.135262959621561e-09,13,1,1,1,0,0
4762,12,-4.2163564110733649,4.0080960980954803,1.3561932785327073,2.8179967110867925,-0.29459496704511867,5.9804262218037758,0.147985254697,0.0318738462556,3.3137328918588091e-07,0,1.6568664459294045e-07,32,1,1,1,0,0
4763,15,-4.6100206943923299,-2.7690046228315413,-0.34206008858505788,5.2773173442889165,-1.9134413576313904,0.98877281266503891,2.76408552341,0.699349160709,0.00015662527372983293,0,7.8312636864916467e-05,40,1,1,1,0,0
4764,9,-1.2466633007409331,-2.0011251045940153,-0.64312680000743927,4.998323895061187,4.8559570229448656,-3.1808606899477052,0.589690678749,0.095790387431,3.1428431066008222e-06,0,1.5714215533004111e-06,30,1,1,1,0,0
4765,0,-2.4324189649449695,4.8861605570883899,0.27031485408205341,1.4104169426458488,4.3616510902747958,4.539641775102857,1.05262368377,0.0201722847943,1.2319718671942822e-06,0,6.1598593359714109e-07,8,1,1,1,0,0
4766,9,-1.7070352833219824,-4.3916068818391381,-2.4407599046898505,-0.86906459164257199,-4.4840359003455958,0.42897684328138996,0.0486271962447,0.000888162898809,2.6048965897178552e-09,0,1.3024482948589276e-09,16,1,1,1,0,0
4767,8,4.1604060608392377,5.911620815025544,-2.5112066518125267,3.6254842363133548,2.3067080195635326,-6.0648802338845327,0.0109013567505,0.537660822712,8.8058666758028878e-05,0,4.4029333379014439e-05,42,1,1,1,0,0
4768,6,-2.5122460387161416,2.4765713423184383,-0.64284276754501524,-1.7131356060093745,4.605550023981972,3.6925056757408075,0.0793085889112,0.942662692351,0.00027069327434248701,0,0.0001353466371712435,35,1,1,1,0,0
4769,12,2.2186651408607978,-0.24000717906093233,-1.5718217862156785,3.785901709404722,-1.782403337163464,-0.58423058152739993,0.168811867907,0.0048156244435,3.5561597447909856e-08,0,1.7780798723954928e-08,19,1,1,1,0,0
4770,9,0.42597783148663426,3.5284529127605295,-2.9848432589218405,5.9331853071795866,-2.1991561525264487,5.1739501541511279,95.1662697345,3.70260164379,0.013232697978420287,0,0.0066163489892101437,60,0,0,0,0,3
4771,3,-4.0147521519759444,-3.5055233555719845,-2.964967798379655,1.3220099785961295,-1.9657548667822144,5.2444047803430207,0.159720153875,0.00116641312901,2.5924965520289115e-08,0,1.2962482760144558e-08,14,1,1,1,0,0
4772,2,-4.5506163012746121,-0.81540350666045247,-0.66614109237319907,-4.4714980444499881,4.6959873348373664,6.0345587349537064,0.192693060776,0.000390872614847,3.7177155547338313e-08,0,1.8588577773669157e-08,16,1,1,1,0,0
4773,3,0.087594664760649171,2.4139219789899604,-2.6740094208039995,4.8604412585725498,1.8930084479700138,-1.2578624235314875,0.137273777566,0.00541125722621,2.7763807360626647e-08,0,1.3881903680313324e-08,40,1,1,1,0,0
4774,15,2.8399949967252205,4.2578623229569974,-1.8079043922976046,-3.3092508145364317,-4.5019238320513333,1.1294304787764473,0.0179314002698,0.00342368822883,3.892151179597158e-09,0,1.946075589798579e-09,18,1,1,1,0,0
4775,14,-0.53858977946675002,4.1914261655057681,2.5275144434223238,-4.8993022060283842,-1.5505840073412622,-4.0484586046953446,0.267415420061,0.00431349770226,7.7178798538815248e-08,0,3.8589399269407624e-08,22,1,1,1,0,0
4776,7,3.9990698938190286,-0.18981925210349626,1.1986697908680595,3.4342435239232292,1.5698985976888644,0.72619214554798539,0.312608109088,0.00104729824717,9.8057944494195284e-08,0,4.9028972247097642e-08,19,1,1,1,0,0
4777,0,-1.7785088193931595,-5.9019236104404431,-1.685968851954178,2.3103757295336478,3.8722739965729152,-2.3792005164833601,0.0546360766837,0.0781843766474,1.8650494750709675e-06,0,9.3252473753548377e-07,24,1,1,1,0,0
4778,13,4.8704454840541356,-1.2598668555356265,1.9750068563887984,5.6013821993274178,-0.95914873581145932,-4.8458470709487971,0.0253577937879,0.076097243205,1.7646186550064449e-06,0,8.8230932750322244e-07,38,1,1,1,0,0
4779,14,1.1395447073968266,1.739431483817681,1.1717679215803543,4.5698223891086798,-1.8778604656643603,0.43529204308107927,0.577922410403,0.129969372054,5.479603243080275e-06,0,2.7398016215401375e-06,14,1,1,1,0,0
4780,3,1.5810682374652669,-3.2867686282443236,1.8640322150613808,-3.7344434021795441,-1.2224080822762091,0.60601231236377318,0.0579188131944,0.00751582592929,2.0561707885527662e-08,0,1.0280853942763831e-08,32,1,1,1,0,0
4781,4,-4.2148135511700096,3.9993209896839139,2.3059052043853292,2.2439151171988243,1.1744898953338796,-0.45706832984095896,1.04600582978,0.0455281896617,1.7255440739551992e-06,0,8.627720369775996e-07,6,1,1,1,0,0
4782,11,6.0377819553639469,2.4286009964753177,-0.45141546678962235,-1.9357991114088118,1.0580275357235809,3.2992822798871511,0.630700998502,0.00603579145845,4.0888119926752969e-07,0,2.0444059963376485e-07,7,1,1,1,0,0
4783,7,-5.0623928428057097,-2.4006445024300231,1.1181384563681591,-2.7816946412858958,-0.97471758697577182,0.56108033488366682,0.0436996251572,0.00365765932531,5.9849727810118804e-09,0,2.9924863905059402e-09,31,1,1,1,0,0
4784,6,-4.8324726885074778,3.1202039208835397,-2.5447801894610413,1.4586255428160622,4.7780726215290823,-0.12910480276831135,0.0377807188691,0.242774503145,1.7955413421821621e-05,0,8.9777067109108107e-06,28,1,1,1,0,0
4785,3,-2.4461971578794901,-3.1850448440555348,-1.7761502986386242,-5.8363383142160012,4.6881375894196538,4.7048288753478715,0.55702601978,0.185155946587,1.0753393084433383e-05,0,5.3766965422166914e-06,14,1,1,1,0,0
4786,3,5.0692960788724024,5.885889776905743,2.2241232082495945,2.9199792502965511,0.7526005924948731,0.12691048459479853,0.157750425237,0.0313731568454,3.2471249852061171e-07,0,1.6235624926030586e-07,26,1,1,1,0,0
4787,8,1.5640149393456908,-5.3573574316359043,-2.3153735213310589,-6.0512684114181265,2.9359507256410153,2.9688011811294666,1.90216849085,0.16680348645,1.2093738227077249e-05,0,6.0468691135386246e-06,31,1,1,1,0,0
4788,1,-0.77012894676285115,4.7027301278519333,-2.007270404363831,5.7090157329908315,-3.7664167242882187,-3.2270571599781075,1.37222430883,0.0725783605219,3.4876078840707489e-06,0,1.7438039420353745e-06,38,1,1,1,0,0
4789,8,-3.1744114647956878,-0.43692219173477476,0.061634919169353292,4.0283085811204646,2.1996256357126063,1.4709769485017239,4.9658634067,0.115320380665,2.8710842530024817e-05,0,1.4355421265012408e-05,16,1,1,1,0,0
4790,8,-0.80088921025917892,3.8284083057430083,-2.2997078130192783,-3.1102155813824521,1.1921902352698381,-1.1195968804823095,1.25050878396,0.0930739487508,4.2025997987213736e-06,0,2.1012998993606868e-06,7,1,1,1,0,0
4791,4,-2.4753343381057178,2.8745603564721072,0.80505117367241008,1.4782789385635891,1.4888497386877202,0.49264532168841257,0.180575013807,0.0290560878674,2.8978249373643658e-07,0,1.4489124686821829e-07,10,1,1,1,0,0
4792,0,1.9248658157461165,3.1501933479843927,1.2806655714318045,-3.0175982058873014,-3.2477714655115459,-6.1676698857696293,0.0290480020612,0.0713595067256,1.5520102754563678e-06,0,7.7600513772818391e-07,30,1,1,1,0,0
4793,6,3.3344350370241624,6.1900436389197528,0.21108341263677796,0.46902780217723117,5.4004670309321865,-1.5061389899806463,2.39806575251,0.381814925634,5.0158650218996033e-05,0,2.5079325109498016e-05,15,1,1,1,0,0
4794,3,3.7249124968390523,-5.2682212443653391,-1.8971501473833285,1.5972342160137651,-4.9438679311495299,0.70181730407203391,0.0739723677321,0.0969096595837,2.8662809627480116e-06,0,1.4331404813740058e-06,7,1,1,1,0,0
4795,5,-0.02791681814861716,4.6149227021627066,-0.81890530063658451,3.9008362411531183,-1.3354232687230383,-4.4634142191578983,0.272162048705,0.000972006879989,7.4359982493739303e-08,0,3.7179991246869652e-08,17,1,1,1,0,0
4796,0,1.6300769367891739,-0.057867781924683448,-1.5301773630388926,-2.6026254467749044,4.390082506059005,-0.2733688408380438,0.104393041686,0.0300474621293,2.8592173863975119e-07,0,1.4296086931987559e-07,29,1,1,1,0,0
4797,2,-0.19107276845825816,-1.4425302938152103,-2.0988362993005349,-4.6603358912163859,-4.2122620314518118,4.9287376495827289,1.32133700969,0.0249415912671,1.9354288038990989e-06,0,9.6771440194954946e-07,9,1,1,1,0,0
4798,9,5.8074006622434613,-2.9023389791403069,1.0774501671836991,-2.2460880403083108,-1.8499117518898902,1.7924476317195086,0.602232347584,0.00711415856533,3.7810086950166909e-07,0,1.8905043475083454e-07,51,1,1,1,0,0
4799,1,-5.6899631147628016,1.8588187209494498,-2.0008614811489163,-2.5884962246893717,1.9959098252626848,4.5737166012796102,0.033827105259,0.00314775323711,4.1625291961050524e-09,0,2.0812645980525262e-09,12,1,1,1,0,0
4800,13,-0.76614350341240356,3.1771180913832042,-1.2644320894189711,5.3748242217951008,5.0834303039535413,2.8610974909193287,0.0474917038743,0.0102125348409,3.4025800103664642e-08,0,1.7012900051832321e-08,17,1,1,1,0,0
4801,4,5.1258113658805753,3.2408105812890868,-1.1816966986015658,4.1047581348912896,2.4704165805280018,-5.2833320892045341,0.693963951734,0.0529043047741,1.3341691421686889e-06,0,6.6708457108434444e-07,28,1,1,1,0,0
4802,1,4.2847551946490459,-2.7502542488847967,-1.3289352999385136,-0.88934268590807497,4.587313493809555,-3.5820977762450346,0.0106363628626,0.250581017894,1.9127298788095988e-05,0,9.5636493940479942e-06,14,1,1,1,0,0
4803,15,0.22087887635856793,-2.4757345104131274,-2.4318659695863261,3.5728149588839,2.0690210871453232,4.9010378339240264,0.115428177419,0.181499166205,1.0048014663492079e-05,0,5.0240073317460396e-06,13,1,1,1,0,0
4804,11,-2.0103011833414617,-3.1903911511296119,2.0177605157371619,-0.22420554528069658,2.1257360066865956,6.0103433004779436,0.283736164349,0.0113392706007,1.1967363177185086e-07,0,5.983681588592543e-08,41,1,1,1,0,0
4805,5,-5.1433143497561087,-3.0827290462288444,-0.21772496288281684,-1.057962321967246,5.9080411333446916,-0.2326692979041535,36.0536964057,0.0171859510481,0.0012999589953746299,0,0.00064997949768731494,60,0,0,0,0,3
4806,11,1.9482151216870802,-0.4508043555173919,-2.3201061353218844,1.1551991197139482,1.1187415373109624,2.6173092694598217,0.803581345182,0.02746635108,8.7554649434470029e-07,0,4.3777324717235014e-07,15,1,1,1,0,0
4807,4,2.9849141557704608,0.98167926417290852,-0.055490546415720043,-0.46382333235149187,-2.1321227649449419,-1.6402089005231524,121.545060442,0.488129807044,0.014845783126224229,0,0.0074228915631121143,60,0,0,0,0,3
4808,3,-5.7275183032609451,-1.7398514494956672,1.1740307701579107,-1.218931746864615,1.7074895590802435,-2.6948405111448879,0.126260801491,0.0157979158855,9.1966422491765822e-08,0,4.5983211245882911e-08,12,1,1,1,0,0
4809,14,5.5535324746031414,1.3380060683657136,-1.6472477572964841,1.6311938780604303,-1.8502725250596921,-4.1232981598685559,0.0509391515168,0.165052891749,8.3011217799378429e-06,0,4.1505608899689214e-06,7,1,1,1,0,0
4810,1,-1.1622770861297707,-1.9625989432234181,2.6274892436576507,5.5150621927808459,2.2976353582884044,-1.4729739714472885,0.293423430429,0.0127930854464,1.3595192103304035e-07,0,6.7975960516520175e-08,12,1,1,1,0,0
4811,11,-3.5547818516681176,-1.8748010330228837,-1.5317289376523067,-0.1844084246040327,-1.9220198304128455,5.8447950515274147,0.0223912932022,0.00487561283102,7.7426136130660121e-09,0,3.8713068065330061e-09,10,1,1,1,0,0
4812,0,-2.8605345722523188,-1.8580286894480524,3.0064150760451129,-2.6035904513195449,-3.7932225548107672,4.4980500380140143,0.170467343806,0.121286813949,4.5101309999559043e-06,0,2.2550654999779522e-06,14,1,1,1,0,0
4813,9,3.0583734547473598,-2.7166195764293897,1.5842808051541883,-4.3092407714825001,-1.2175425091485346,-2.4753757554578195,0.0209767006873,0.0690986289011,1.4548726040207021e-06,0,7.2743630201035105e-07,18,1,1,1,0,0
4814,5,-2.0185593692419421,-3.2740730890397702,-2.7719100550898594,-3.9785096584880311,4.4315727266285405,-3.0075361156142542,0.117025017401,0.0127438896974,6.3166772107184468e-08,0,3.1583386053592234e-08,9,1,1,1,0,0
4815,0,1.2120290832426668,-2.1536449038855343,-1.3958592033040378,-1.9901064316348649,3.5041077392711717,4.9840550683089626,0.222304927025,0.00281816084069,5.1838761425735427e-08,0,2.5919380712867714e-08,15,1,1,1,0,0
4816,8,-2.085342069485526,4.5871993450082202,-0.35453513277332138,-0.93723981332469486,4.8412717586970873,-3.0555514654809581,0.200018682382,0.249259677512,1.8966005600762717e-05,0,9.4830028003813585e-06,46,1,1,1,0,0
4817,6,5.9027455246519684,-1.832213622405314,0.83175330689497262,5.6912623769896298,1.3861941674579896,-0.97015885707117633,0.117017208477,0.0461503594695,6.6248416858416439e-07,0,3.312420842920822e-07,18,1,1,1,0,0
4818,9,4.2985400068009589,-2.2276360325755902,-2.339836391525985,0.43841109676143486,-1.970303287327277,-2.9625346148004241,0.119222725937,0.00288673151236,1.675250199677491e-08,0,8.376250998387455e-09,17,1,1,1,0,0
4819,1,5.8521110550564561,2.6771111218019117,-3.0231105734155777,-0.70383223034489506,1.9817434991769052,-0.78826710776477926,0.220453897099,0.0820842531603,2.101058670515643e-06,0,1.0505293352578215e-06,30,1,1,1,0,0
4820,2,-4.1859246421241467,1.0039581792469983,-2.3715796300664596,2.6574634515782027,3.8997109475357692,-0.9969354113292942,0.131357018441,0.0198116819563,1.3681783880170908e-07,0,6.8408919400854542e-08,39,1,1,1,0,0
4821,12,-0.60809273468248837,0.14916761447731094,-1.0929136842505578,3.4209515080726134,-1.7364983583641489,-4.3767197529792741,0.146075016859,0.0849005763362,2.2170531290826891e-06,0,1.1085265645413445e-06,30,1,1,1,0,0
4822,8,1.7782644196268274,-2.0758514953652734,0.85621523836145219,3.2544137612098507,-2.1749965512737401,4.5384939598813379,0.115846871658,5.66713413929e-06,1.3420507456051631e-08,0,6.7102537280258155e-09,30,1,1,1,0,0
4823,6,4.8129752298612649,0.57413112200925265,-2.2558746070597007,3.2146739971514471,4.8566861039259512,-3.360110932679492,0.854509752047,0.00904631669557,7.551155405232343e-07,0,3.7755777026161715e-07,9,1,1,1,0,0
4824,9,-1.7215880964272059,4.6579321877417756,-1.7561824298302804,3.5262877437368565,-3.0102818458537435,-4.6717862533028294,0.0994788508944,0.00236871817862,1.1605197056312599e-08,0,5.8025985281562993e-09,9,1,1,1,0,0
4825,6,-4.9092775333434799,4.811074122754432,-1.4970821720769991,1.0753980555146108,2.2277004276788746,2.702291519839934,0.395917569026,0.0167089539708,2.417965977746652e-07,0,1.208982988873326e-07,21,1,1,1,0,0
4826,5,-1.2289146105003899,1.5592721829939407,1.0253073437399634,4.9757250078218727,4.5696087169100315,-3.528466178203268,0.482073953316,0.000548840079752,2.3248705497963423e-07,0,1.1624352748981711e-07,20,1,1,1,0,0
4827,7,-5.212557155092485,5.0293529046612999,2.6757218781150716,0.47102092416631164,-3.7702434253028225,-0.31915580095191398,0.0652329746052,0.00430527781152,9.9015518875398171e-09,0,4.9507759437699086e-09,12,1,1,1,0,0
4828,7,-5.781864603909983,5.7141459041489204,2.7380416781342878,-4.0048025753288048,1.638913400007711,3.6513389402867396,0.0893872975731,0.0204386109579,1.3524000058241073e-07,0,6.7620000291205367e-08,18,1,1,1,0,0
4829,11,-5.6438886250254052,5.9889352957278383,0.20807155242634251,5.0816918178533355,-4.3430884393992315,-2.1848995566291043,0.6621807352,0.313236035498,3.0326574024510112e-05,0,1.5163287012255056e-05,20,1,1,1,0,0
4830,4,1.5212939305441102,-4.7678515791018157,0.96105151231555186,-2.3897145434166118,-4.6242297883553469,-3.8999227942881096,0.230094576403,0.0450308662798,6.7064029596015191e-07,0,3.3532014798007595e-07,12,1,1,1,0,0
4831,5,3.3512725479314076,4.1234580538303378,-2.6423043284117207,0.63101344678202509,4.4723993415719079,4.30422864104158,0.0452049265756,0.178011904357,9.6548328107693529e-06,0,4.8274164053846765e-06,20,1,1,1,0,0
4832,7,-5.90532239416987,-4.0237795901475195,-0.84657299011369169,3.9544856830608999,-4.0214012782950768,5.0860162084859297,0.0480902557854,0.0523505077293,8.3713975883322548e-07,0,4.1856987941661274e-07,14,1,1,1,0,0
4833,8,0.87157135132089791,0.44003552651629119,2.348333652252006,-3.0980930287106694,-4.0068485518754624,-2.1425862388840593,3.79918630282,0.0345311794066,1.4797043091111213e-05,0,7.3985215455556063e-06,26,1,1,1,0,0
4834,5,3.6517346031762266,-1.7942076857827374,1.4494889382530123,1.959997230651912,-1.9653693114664803,-1.9713730924336224,0.227052255164,0.0181392509989,1.5178173545390769e-07,0,7.5890867726953846e-08,20,1,1,1,0,0
4835,3,4.5401740034496907,0.81182486334840609,-2.0755274870639959,-1.0765711665897626,1.9143859841469359,5.6684152353978225,0.630207982973,0.0449588380434,1.0128844145753413e-06,0,5.0644220728767064e-07,54,1,1,1,0,0
4836,0,4.6389855995744496,-4.3657714377401549,1.9288563453450716,3.5297735827410746,5.4469038936429524,-2.5718746610950793,0.102147745539,0.0260484665143,2.1712396795764774e-07,0,1.0856198397882387e-07,20,1,1,1,0,0
4837,6,-2.179708357072407,-1.1500023645301818,-1.3424874899597763,-3.0263713415935674,4.7237370711270232,-2.7630921435206854,1.10064308441,0.113139772386,5.1107034090232723e-06,0,2.5553517045116361e-06,16,1,1,1,0,0
4838,0,-5.5713403485744655,-1.6028563574481629,1.2336035615711494,-4.3744530151001735,-2.2456669685706143,0.99988962433552442,0.0494823624574,0.00475705267568,9.3418593747859815e-09,0,4.6709296873929908e-09,41,1,1,1,0,0
4839,14,2.0868983190330264,-3.562848264878939,-1.7005000092130911,0.79928987908112825,4.88678080113118,-0.55273313672320101,0.227864182134,0.0214747212783,1.924005678750746e-07,0,9.6200283937537301e-08,39,1,1,1,0,0
4840,11,1.1219597457153625,-1.2141879251216621,-2.1655832981250742,-3.8593288710064098,-4.8647943140547891,-0.87921001911059682,0.0629239703045,0.00059806861745,4.0683834469734531e-09,0,2.0341917234867265e-09,14,1,1,1,0,0
4841,0,0.21532905431984345,-5.671949288881919,-1.9672568553401431,5.7791873904198736,2.3734661045625014,4.2990736139986261,0.0653519525317,0.0092925047366,3.0574788157111284e-08,0,1.5287394078555642e-08,19,1,1,1,0,0
4842,0,-5.6716548354088276,2.6541820271051231,-1.340362141386555,-0.26050511641371588,4.1540118395949879,1.0110853135415383,0.0512671586263,0.00739291756068,1.9277256712040036e-08,0,9.638628356020018e-09,14,1,1,1,0,0
4843,3,-2.9138313888808312,2.2477238819200056,-0.87371257215649134,0.12822988864523877,-1.4649382342305666,-1.951279635688951,0.243276450115,0.0398523812015,5.4298056025183097e-07,0,2.7149028012591549e-07,12,1,1,1,0,0
4844,11,-1.4748348653961632,1.9057354031777267,-2.5967105430546953,4.5411776467016631,1.9268293779926953,-6.0749446144849832,0.1051483909,0.0123457035071,5.7484873113223156e-08,0,2.8742436556611578e-08,23,1,1,1,0,0
4845,0,5.1714049220025817,1.1848512744991044,-2.1801382002980594,3.5455926024147093,-4.7152668936600532,-2.2895129806770402,0.0276445450117,0.00705039913132,1.590618253556389e-08,0,7.9530912677819449e-09,11,1,1,1,0,0
4846,2,4.8591313267846843,2.5407820105059367,-2.8524875200116218,4.0571352720781588,1.981346781189822,-2.2550492050696089,0.013059920927,0.568847774136,9.8570648268147211e-05,0,4.9285324134073606e-05,44,1,1,1,0,0
4847,14,1.0648883414675192,-1.335633656675306,2.5283046557225974,-2.8605289762190651,1.6058034421514351,-2.4962320074427868,0.159439473903,0.00181638366885,2.6425954748637404e-08,0,1.3212977374318702e-08,20,1,1,1,0,0
4848,3,-1.6171861870794919,-4.1358438929271344,1.1329718313916781,2.5902341110235767,2.3907441022892866,1.185040211769911,0.0143470105267,0.00192738224463,1.3374302078474148e-09,0,6.6871510392370738e-10,8,1,1,1,0,0
4849,5,-1.4843283352989021,-1.6551885849409984,-1.2204363198430468,-1.3885581202448725,5.4664888925216477,-3.3210612781562499,0.0598742942566,0.0122873248242,4.9575566940150416e-08,0,2.4787783470075208e-08,15,1,1,1,0,0
4850,13,1.2175905437689565,5.6481477161479141,-0.90595065995023272,0.69765212239681007,1.103104250263377,2.8609661909542465,0.0715117408054,0.00511783235483,1.3092531896187265e-08,0,6.5462659480936323e-09,56,1,1,1,0,0
4851,15,1.0395004824092144,-4.2851311463741233,2.0053870646264427,2.1970567301576573,-4.489899055720378,4.7784447279272042,0.613451841608,0.0180805245394,4.7590423157152459e-07,0,2.379521157857623e-07,5,1,1,1,0,0
4852,8,1.6462053407121624,-0.69947567054145754,-2.2768458729900578,0.7398154666945469,-3.7770064602114881,3.36291469035331,2.57171506399,0.564865101547,0.00010380878531207991,0,5.1904392656039956e-05,18,1,1,1,0,0
4853,3,-3.1701454869449566,4.4553278308804565,-2.567950037860864,3.6621855985960763,1.4942543362296079,0.89358918475076221,0.0210184904064,0.0158157031594,7.6637701936368389e-08,0,3.8318850968184194e-08,15,1,1,1,0,0
4854,7,0.60084423669483011,4.6536445747538755,0.8147461377892532,2.5318974575475206,4.3555119472624497,1.1930177960645179,0.0727783019743,0.00208447980163,6.6202609990258091e-09,0,3.3101304995129045e-09,24,1,1,1,0,0
4855,7,-4.8522546347160507,-0.80620391093341282,0.2344944306224695,4.5875232684078542,1.5343475692899333,2.7311092569575735,2.85080204714,0.00631363793623,8.1392149788575555e-06,0,4.0696074894287777e-06,12,1,1,1,0,0
4856,10,1.5458058832654673,-3.3040942760011842,1.7200236958542436,-0.024894705793177312,-5.2079073393698136,3.1629900617134989,0.10814913247,0.0196617297983,1.294563393029749e-07,0,6.472816965148745e-08,29,1,1,1,0,0
4857,8,3.0327307847015197,-0.87587161725177787,-1.8631674401312963,4.0895319812913806,4.4809031167266626,5.820845853155669,0.122933620519,0.00660062245089,2.8384312821589022e-08,0,1.4192156410794511e-08,18,1,1,1,0,0
4858,1,-2.9920725873582446,2.3612097354960864,-1.0154911041767358,-0.82575775140235652,-3.5732486006321271,-2.5797241553960633,0.464471269636,0.0843329237489,2.3821854523121401e-06,0,1.1910927261560701e-06,19,1,1,1,0,0
4859,11,-1.7386786490232851,2.1891913626416653,-3.00531826208818,3.6838134676424126,4.3187945459887889,3.2305527784843902,4.89854039113,0.0700274660288,2.5489494878582296e-05,0,1.2744747439291148e-05,28,1,1,1,0,0
4860,2,3.8994000983005743,-3.7855342781943722,-2.0728455926880023,4.2279651899625863,0.98309457897234664,-5.6474964100919358,0.0646363176296,0.0028615026086,6.6721210540979196e-09,0,3.3360605270489598e-09,19,1,1,1,0,0
4861,7,-1.4571476509155989,1.9254060586103663,-2.1205843215400066,-4.6935551552924499,4.0342562170635805,-3.5404118895544188,1.36492134344,0.0847416505643,4.0505128477098807e-06,0,2.0252564238549403e-06,49,1,1,1,0,0
4862,12,-1.6830718408854015,0.82811399929943152,-1.4358250942734487,-1.9995731239449885,2.211158315166839,1.2646157868495558,0.0269864590233,0.00200075973565,1.9476645404447864e-09,0,9.7383227022239321e-10,11,1,1,1,0,0
4863,13,5.8261113199693986,3.8332831944086871,1.8026664539881099,-5.4925924758808904,-1.6544339396034178,-4.1972368785475025,108.360062423,2.2342262402,0.013262482279320326,0,0.0066312411396601632,60,0,0,0,0,3
4864,7,0.11863714070093534,-3.1692185531823251,-0.92688760700205319,0.92012319893529959,2.1502204896401418,-2.8090109933839984,0.160317555381,0.00669281265976,3.9346672460307961e-08,0,1.9673336230153981e-08,12,1,1,1,0,0
4865,14,3.6913638333200374,1.4176148931787096,2.2794404818028409,2.1888705289183044,2.5034890082741725,1.1796440787216824,0.014484392237,0.0891990126493,2.4238872885512222e-06,0,1.2119436442756111e-06,19,1,1,1,0,0
4866,12,-4.4342490319187586,-0.35496556059949308,-1.8200517218265595,-0.049770054243585382,-4.6546874105794993,2.2872572298543248,0.0568630634441,0.00415787610718,8.4996137482891723e-09,0,4.2498068741445861e-09,16,1,1,1,0,0
4867,1,1.0835671540675871,2.858731848737571,1.14646618540337,2.9328240890736339,4.3344788201736648,5.9261315429810821,0.039892726634,0.00332260048896,4.9543066502757375e-09,0,2.4771533251378688e-09,27,1,1,1,0,0
4868,6,2.0529481351133043,-0.74614554775876507,-0.98584384847513351,-0.28871070497650336,5.0565772942513263,1.8345649763075462,0.09878451236,0.50500528283,7.7696441204100851e-05,0,3.8848220602050426e-05,20,1,1,1,0,0
4869,10,0.20685357650392369,-0.36729577915261347,1.2122014490973256,-5.2578872265301779,4.5833208397679881,0.8091108712351186,0.13201110202,0.219893540954,1.4746644617989376e-05,0,7.373322308994688e-06,26,1,1,1,0,0
4870,5,-3.790589164464623,-4.2431323529346638,-1.6484272135433886,-5.989332714939624,-1.6728962263881404,-0.9961712836498402,0.0827411754679,0.0026671426205,9.0130437523799981e-09,0,4.506521876189999e-09,22,1,1,1,0,0
4871,13,-2.429975873449628,1.7359477422075109,2.7353899584779771,-6.2831853071795862,2.5903554412818686,-4.735980598767096,2.55078450294,0.452945153629,6.9001601906680068e-05,0.0075689999999999993,0.00026157080095334003,23,1,1,1,1,0
4872,5,4.1674012194513921,-1.8215565964215521,-1.2931827042331818,1.4886905896427844,-4.8291340090988903,0.69577770566968367,0.0528758507072,0.00562655907495,1.2439484742006505e-08,0,6.2197423710032525e-09,16,1,1,1,0,0
4873,11,-4.3419686860970081,1.059447786713771,0.065611304383913355,-5.8439764220289607,-1.127978126790695,5.7502945132393091,0.508863134426,0.153690261689,7.4542173225403779e-06,0,3.7271086612701889e-06,16,1,1,1,0,0
4874,14,5.1220749711914433,-5.0448067290521257,-0.15292366165214216,-1.5664252582037854,2.2272276416435512,-0.5308371023249322,25.0766300906,0.000381348095481,0.00062883742099928549,0,0.00031441871049964275,60,1,0,0,0,2
4875,6,2.3636844544600666,-2.5583530647075468,-2.9656056912864304,-5.2603799072324957,4.4374049557397992,-0.95421315935124318,0.339015360094,0.00964051604818,1.4324242019819755e-07,0,7.1621210099098776e-08,12,1,1,1,0,0
4876,1,-2.4401208219328141,-3.307592512503184,2.6436283816781851,-5.5441739346352827,1.6188781064285154,-0.40413835324858366,0.154753812553,0.0193359237424,1.378384780216791e-07,0,6.891923901083955e-08,6,1,1,1,0,0
4877,10,-1.1049571498685109,-1.8855232444917014,-2.5828217379374472,-2.1402668248949679,1.8718523613432065,4.8069881428183932,0.215614282892,0.0299353694403,3.194652135555563e-07,0,1.5973260677777815e-07,21,1,1,1,0,0
4878,10,5.881286417163305,0.81322130790372293,0.53602049349685021,-2.7417384488838654,1.7145026274332582,-0.4212568901023977,0.382064186262,0.1414332882,6.2393495253262819e-06,0,3.1196747626631409e-06,13,1,1,1,0,0
4879,10,-2.2299720389486013,-5.7726545727974328,-0.72855045061765722,-4.7073955036826014,-1.4371490224029371,-2.0255532977845334,0.0372090689202,0.209558401107,1.3378574270217615e-05,0,6.6892871351088074e-06,14,1,1,1,0,0
4880,0,-1.5983095105730323,2.1968565023479489,-2.3014879463007318,3.768734059300098,-4.8473503552592527,-0.75865515366163405,0.244346891198,0.0228161665652,2.1828236490747451e-07,0,1.0914118245373726e-07,29,1,1,1,0,0
4881,1,2.3304676897463961,-4.5155574213666183,0.99549973129036062,-4.3112675252298853,1.6430424234630117,-3.7626668879622551,0.291142939254,0.0298944268423,3.5699371868292451e-07,0,1.7849685934146225e-07,16,1,1,1,0,0
4882,6,0.13331324247603271,5.4710296629338897,-1.8679683512234655,-5.596244240820595,-2.844783003631572,1.2324065163952105,1.8547205154,0.60746279707,0.00011584718206034604,0,5.7923591030173019e-05,27,1,1,1,0,0
4883,15,0.17136142868742532,2.0570526351867056,0.54355152037015142,-0.02680167267913007,-1.4956378892035058,0.48436420680947739,0.0154946484788,0.108254415548,3.5700572576279116e-06,0,1.7850286288139558e-06,10,1,1,1,0,0
4884,8,-5.2106217687277621,4.0897979951348953,-0.44834891381493763,-5.0329858605745015,-4.7955092610520538,3.684797187629886,0.182165316903,6.1952170031e-06,3.3184214373683947e-08,0,1.6592107186841974e-08,17,1,1,1,0,0
4885,4,-3.1959731166746455,-5.5472988282630178,-2.114666404585734,2.1978778757255459,4.6307712013602966,-1.0967515424344885,0.134376919377,0.00413499807985,2.3265568806439726e-08,0,1.1632784403219863e-08,32,1,1,1,0,0
4886,7,-2.8739886145783839,-0.70953022530370113,-2.3867944019471259,1.6322873471465369,2.882824868187833,-5.077841535082773,4.5107503381,0.142059895201,2.649435697253451e-05,0,1.3247178486267255e-05,41,1,1,1,0,0
4887,0,0.64741050606869088,-4.2654779836507686,1.945313402351373,-5.2955278322978323,-4.3968940603267477,4.1619621147716392,0.0557163312088,0.00153178645749,3.8190546628867992e-09,0,1.9095273314433996e-09,11,1,1,1,0,0
4888,2,6.0383047542741961,2.4533498328330596,-0.85741497797936084,0.8915838327304102,1.1191135229444105,5.5479247064242987,0.305959816738,0.147761412258,6.7444560297827652e-06,0,3.3722280148913826e-06,10,1,1,1,0,0
4889,5,-4.2439998533642651,1.2745104521249744,2.8655256043488402,-2.6873508870648042,-0.79380768471032037,-0.39830888193849318,0.048205019152,0.342871298914,3.5813369239414351e-05,0,1.7906684619707175e-05,59,1,1,1,0,0
4890,6,4.1420137872055536,-3.0417912723212406,-2.7534324393043059,-2.3705525818660833,-4.7079547292501811,0.058093684938096316,4.24829428275,0.0168658942828,1.8134655293599341e-05,0,9.0673276467996704e-06,18,1,1,1,0,0
4891,8,-6.1412205057401277,-2.2960813200191179,1.7280725145468661,1.0754702641362806,4.6189553947552096,1.0961521742157405,2.85569986561,0.275760457223,3.1319296936929834e-05,0,1.5659648468464917e-05,28,1,1,1,0,0
4892,7,4.1669390959571446,-4.8881020189254132,-2.5304893876602299,2.1624789559740578,4.6942800691526951,-2.7781820932232142,0.459708667072,0.109568914786,3.8683699119950798e-06,0,1.9341849559975399e-06,14,1,1,1,0,0
4893,1,-2.0343359479004204,4.886815287980963,-0.55478279640768158,3.9249883421838789,5.6034441633402174,-2.221259324095588,0.0463617086679,0.0789088841498,1.8988838888012904e-06,0,9.4944194440064518e-07,26,1,1,1,0,0
4894,15,0.15910720639895143,5.0927381395726616,-1.3380690197920375,1.639564342908812,1.8132331073291015,-1.8348528308611738,0.71309219999,0.0128177529663,5.5854754103679311e-07,0,2.7927377051839655e-07,15,1,1,1,0,0
4895,0,2.510255047567953,1.7189041156438676,-1.0321744348027384,5.9389972735400614,5.0253723675197159,4.2395714129185862,0.0897769820665,0.420515659824,5.3874600086903128e-05,0,2.6937300043451564e-05,7,1,1,1,0,0
4896,9,-2.103112399180771,1.7889828907369942,2.6658627248527749,-0.016009475804367956,1.8655030594496842,6.0532452095046105,0.349452233709,0.0374195168009,5.4864833955851324e-07,0,2.7432416977925662e-07,56,1,1,1,0,0
4897,3,3.363139616548259,-3.6645204188321778,0.75477959076291712,-2.2478861976832247,4.5371521673105351,4.5452038768086833,1.71559401922,0.0187417241731,3.0502603852584188e-06,0,1.5251301926292094e-06,58,1,1,1,0,0
4898,1,-5.9726932748976553,-1.9276409677033659,0.94690688025574576,-5.302928019351171,3.7677133990968468,-3.1393223250009994,0.349191631864,7.83237811819,0.018687226943605154,0,0.0093436134718025768,60,1,0,0,0,2
4899,0,0.39351116671380298,3.0188973531773264,1.1161054456583406,-3.2096573470404919,-2.2740680846522681,0.24774076818117546,0.442434576105,0.00449514970948,2.0190356670291899e-07,0,1.009517833514595e-07,44,1,1,1,0,0
4900,4,3.9569409397841944,3.7245269511992021,-1.5056865252258371,4.138260390684569,-2.3437686536770359,-1.9245331541076844,2.62318936061,0.0113241876832,6.9201857147217677e-06,0,3.4600928573608838e-06,8,1,1,1,0,0
4901,12,3.4164816743797051,2.0502501980676544,-1.7772766708296637,1.1876302573379578,5.0029939952342266,2.9300371793944722,0.0385500156716,0.495817706077,7.4887169707352653e-05,0,3.7443584853676326e-05,9,1,1,1,0,0
4902,0,-5.9581994989588924,2.8072647472213275,0.51792791291759754,-4.0684680666728541,-0.059804801497379843,3.080651662727214,0.358797052117,0.0242542155678,3.0793169201088805e-07,0,1.5396584600544403e-07,13,1,1,1,0,0
4903,5,0.72670974647026954,0.89458292981453047,2.0079575926837281,1.4835558587077289,-4.5691760257984537,3.2881304225712906,0.0170356756682,0.236713339429,1.7068980563161385e-05,0,8.5344902815806927e-06,27,1,1,1,0,0
4904,12,-4.8900036338004256,1.8943466824443758,2.6554439966800136,-1.7499675909408987,5.8776702069983537,-0.69771592689024275,0.242616534282,0.0175222455128,1.5238919123507272e-07,0,7.619459561753636e-08,12,1,1,1,0,0
4905,2,4.9098111967589988,3.6526984524477544,-0.52494106516372208,1.0981575424155803,1.6943548941186564,-0.16842986707847549,0.0404203922942,0.145110592933,6.4159884597041874e-06,0,3.2079942298520937e-06,20,1,1,1,0,0
4906,14,-0.34370387070757663,3.1353663317317055,-1.4427064267238066,-3.4874552261770622,-4.9083555599795581,-0.89969298994910152,0.0223527117559,0.00361370170822,4.4775938800246346e-09,0,2.2387969400123173e-09,24,1,1,1,0,0
4907,7,4.9729529898812705,-3.2017457911832867,-2.3620775211876777,3.5838227127259383,1.9734290708375852,-0.11374574205550365,0.753919203001,0.0960212764489,3.3769928292815454e-06,0,1.6884964146407727e-06,11,1,1,1,0,0
4908,2,-2.6182582047233138,0.92698666175242816,-0.47911055750781972,0.60921450731648619,-1.798001497684961,-2.3556519121635051,0.261163396763,0.0217867569017,2.1279686999271941e-07,0,1.063984349963597e-07,9,1,1,1,0,0
4909,7,-3.2514881416042698,1.0103713879837164,-1.8866923716076356,2.6414237270143919,4.7845031596972438,-1.5256963261760206,0.23962536634,0.00113867252056,5.7815275557720318e-08,0,2.8907637778860159e-08,33,1,1,1,0,0
4910,6,5.8641047002559521,-3.4719302471158118,2.292080271787817,-5.7132295218552374,0.42599388062476867,5.1223845465537119,0.0444426968316,0.00488818062971,9.2537763214283879e-09,0,4.626888160714194e-09,22,1,1,1,0,0
4911,11,-3.4463277851483189,5.0301677256756721,-1.195116899303416,4.4612137154427147,4.2666344030853223,-1.5860331745542864,0.431541600724,0.0438926405245,7.7309307505525358e-07,0,3.8654653752762679e-07,29,1,1,1,0,0
4912,14,-1.579016601497643,0.88425551939587654,-0.45243556115229433,5.6662337943212258,-0.12800407455251261,-1.6274606176826951,2.36022030249,0.356355092077,4.425368666898707e-05,0,2.2126843334493535e-05,10,1,1,1,0,0
4913,14,1.1143976097639821,-1.2375786609952382,-1.3713204660289933,1.8465426205370692,-5.5670192242240013,-3.2754939750945735,0.0408002792737,0.00504378142416,9.4140480227492366e-09,0,4.7070240113746183e-09,16,1,1,1,0,0
4914,8,-3.4161396122587644,2.0010313535341924,1.7453192928712777,-1.6320549442669015,5.0628233914331249,4.7835272094398382,0.0582110368211,0.000197753350466,3.4004372946770653e-09,0,1.7002186473385327e-09,9,1,1,1,0,0
4915,11,6.111047007398402,-4.2305952891181775,-1.908580478511837,3.8185164325596448,1.6205818298161097,-0.20076404397529846,0.428822344324,0.0389595277076,6.4625056935968598e-07,0,3.2312528467984299e-07,6,1,1,1,0,0
4916,0,3.2398994223919262,1.5284198595067693,1.4337474087199071,5.125380789463561,-1.8082010998340654,-2.4833672017567885,0.318661843342,0.0207544498925,2.327584681040216e-07,0,1.163792340520108e-07,7,1,1,1,0,0
4917,2,-0.47516853238979839,4.9702561237251528,-0.3070309582624598,2.6100469604393055,3.9224737137193424,-4.845530344924466,4.12241274241,0.0282967897913,1.7238196518956744e-05,0,8.6190982594783719e-06,60,1,1,1,0,0
4918,0,-3.2538712771736247,-0.31800606628973427,0.85855940845576606,1.4155084732995573,5.9728207518084444,-2.3209436923969493,0.115696461966,0.0547319735112,9.2589424021434271e-07,0,4.6294712010717135e-07,10,1,1,1,0,0
4919,11,-5.8936292293807471,-2.2574896473653254,-1.7559943125370929,1.992993425401967,2.0811607783293677,4.2866906768952457,0.0420341654642,0.0140566861261,6.1956356458063424e-08,0,3.0978178229031712e-08,17,1,1,1,0,0
4920,14,-2.3933956997032042,0.16951738756155213,0.68124627343297528,3.696767328075468,1.5173738926393774,-5.9720974830244975,0.0430480632336,0.27461104868,2.2973426849396061e-05,0,1.1486713424698031e-05,41,1,1,1,0,0
4921,1,2.8075580669791984,-0.55415416159956576,0.3035126986697157,2.0217142261690548,4.4950751751840565,4.9438935430810398,0.0227296380292,0.0143487197835,6.3233025252153495e-08,0,3.1616512626076748e-08,24,1,1,1,0,0
4922,12,5.3367863386738712,-2.4323018241913337,0.86384721990540769,-1.7478125621087264,-1.6261647166930719,1.9132275752242467,0.211762506278,0.154204440988,7.2883439147017626e-06,0,3.6441719573508813e-06,19,1,1,1,0,0
4923,14,-0.30289478034322481,-3.9886899778398797,2.3327890702547314,-5.3932348956624683,1.960186682254917,-1.324507468516845,0.0772819428725,0.0025732912328,7.9896227833653843e-09,0,3.9948113916826921e-09,11,1,1,1,0,0
4924,13,2.0192061130683299,5.4991786843295465,-1.1941489261562146,5.7387569499531006,-4.7617580138780315,-4.5031523346155238,2.9788919497,0.0377805021105,9.3085978994745098e-06,0,4.6542989497372549e-06,8,1,1,1,0,0
4925,3,1.0539135316780255,0.35125937553960729,1.2972552247438314,3.5784087351536971,1.5636913302855366,3.6098699173529298,0.0758090322433,0.0424731388861,5.5526694277469267e-07,0,2.7763347138734634e-07,29,1,1,1,0,0
4926,1,-4.671982198611234,1.351544211153753,1.6464471783637151,1.604976940895229,-4.4489975384131002,-3.537594919308817,0.749993441353,0.0596449564781,1.6461729791430225e-06,0,8.2308648957151125e-07,10,1,1,1,0,0
4927,2,5.69426278378406,-1.0076727123564535,1.9842978975559207,3.0761975952105152,0.51244558539229856,-6.1551405760444569,0.482777028525,0.143842689565,6.5358271985337891e-06,0,3.2679135992668945e-06,10,1,1,1,0,0
4928,2,0.52158785248722472,0.079896827615847543,-2.4392386828365691,1.9529409355122316,0.65181929018052831,-3.5903257612941664,0.666187723893,0.0325941573102,7.6742526092858051e-07,0,3.8371263046429025e-07,9,1,1,1,0,0
4929,5,-0.31069848169174669,6.0882221543815973,0.81380396152856194,-3.2428799182895154,-4.1931153054315953,-2.0535903809656935,0.870893342321,0.0153310901444,8.3005320028618677e-07,0,4.1502660014309338e-07,19,1,1,1,0,0
4930,11,5.2030779613018909,4.5648850431480321,-0.66910313411175792,4.0690128863939723,4.0332178843337863,2.5562728392750493,0.179970097943,0.0371892522265,4.5368745898719612e-07,0,2.2684372949359806e-07,12,1,1,1,0,0
4931,15,-0.54466730895788962,5.9324986746691133,2.7938219827855586,1.6463590119978262,1.6434252138399725,-1.7118511512167531,0.059400699597,0.0211685580302,1.4002989988554581e-07,0,7.0014949942772905e-08,18,1,1,1,0,0
4932,5,-5.3093466384967707,4.7967084980039658,0.85460340496594689,4.13664283197045,-4.7988843602290761,4.623119138732581,0.267466518858,0.181533307421,1.0110004879087638e-05,0,5.0550024395438188e-06,21,1,1,1,0,0
4933,2,2.9748529595481794,3.1126514875851874,1.0053366162333586,4.7963893729546587,5.6700552481549265,-0.532757579825059,0.0127338322389,0.109904432143,3.6796311525430229e-06,0,1.8398155762715114e-06,15,1,1,1,0,0
4934,2,-1.1895494822744803,0.12421391065497447,-0.4710891833865446,-4.2733390408516749,4.67818965816745,2.659883367344408,0.695577683729,0.00416307842565,4.891077062219922e-07,0,2.445538531109961e-07,23,1,1,1,0,0
4935,0,1.7210943289183798,-0.33488344736067166,-1.544560471372993,1.2307957213349663,1.1642402493423452,-2.6201200171772219,0.0671714481728,0.0243476156899,1.8509115633900126e-07,0,9.2545578169500628e-08,14,1,1,1,0,0
4936,7,2.2894656524375998,-0.93405986595783386,0.52228219176270074,5.4156077771709725,1.9087065853429774,2.9582134552848478,0.275485756804,0.0132504880469,1.2937573772654845e-07,0,6.4687868863274223e-08,43,1,1,1,0,0
4937,7,3.0266769948398884,4.7264146736893906,-2.5140296833969566,4.0210158852583113,2.4444882822441398,1.8017827715963897,0.0687899584352,0.0236856284843,1.75625171432614e-07,0,8.7812585716307001e-08,10,1,1,1,0,0
4938,11,2.3262983981324816,1.4868811239428257,-1.5487329955343099,0.62287057093713016,4.6807642445985982,4.8428531577422111,0.0491258496167,0.0235499020035,1.7135352565719088e-07,0,8.5676762828595439e-08,23,1,1,1,0,0
4939,15,-5.481285922376208,-4.8849979655642253,-0.75570255041003498,5.2670289863706907,-5.7328872909270832,-2.4696279701025747,0.223777421423,0.127170807085,4.9764754119046189e-06,0,2.4882377059523094e-06,7,1,1,1,0,0
4940,14,-0.94641098019887115,1.3474509717386334,2.8896186713152758,0.56913599737947307,1.655663943960632,-0.63338343561861576,15.2491622149,0.107153691381,0.00023603453914550942,0,0.00011801726957275471,60,1,0,0,0,2
4941,8,4.3270623076555967,-4.6357961285037046,2.0841245713120444,0.065637046111637481,2.3565141544532882,-0.21601088042027305,0.259638204453,0.0297118289396,3.3632605573785493e-07,0,1.6816302786892747e-07,25,1,1,1,0,0
4942,10,-0.46986727674151241,-3.8187115833744358,2.0866274702886041,-1.8042953452970389,-0.9462947629569074,2.4902085576982804,0.177759090013,0.268253187295,2.1951798519617488e-05,0,1.0975899259808744e-05,34,1,1,1,0,0
4943,12,-5.9001063606951689,-3.2365188568626304,-1.081142103750103,-0.75747919370184036,-1.7462361116185647,1.341284770208472,0.0224828793809,0.0627399227616,1.1995703921536991e-06,0,5.9978519607684954e-07,18,1,1,1,0,0
4944,14,-4.6311598023517462,-0.26363461354232698,1.4416902753514138,0.51579019013132432,-1.4005672783380756,5.946135117297918,0.0196587396671,0.00159366486109,1.1601235257190203e-09,0,5.8006176285951017e-10,22,1,1,1,0,0
4945,12,0.36143094827830546,-2.9615040031547379,1.1899595520921915,1.0761388929117015,1.6180993075185452,3.2718908992719569,0.00438659782928,0.0219660151127,1.4699892014026321e-07,0,7.3499460070131605e-08,19,1,1,1,0,0
4946,13,0.27179065577056083,1.2221858529059511,-0.751996793974124,-3.5322504579993477,5.6526416558637065,-0.58019863593589049,0.231195546188,0.000839449434935,5.3666036965201651e-08,0,2.6833018482600825e-08,13,1,1,1,0,0
4947,0,1.5369882818049361,-1.3205719060036551,-3.0179646163954441,2.7113376899501835,-4.1824155020456351,-3.8092477104496707,0.125750170451,0.0677503566294,1.4140408209299342e-06,0,7.0702041046496708e-07,9,1,1,1,0,0
4948,15,2.7307048184716152,-2.4214054674399321,-1.7463269177284264,-0.48674450834232302,-1.2658660301532119,4.6269143544880302,0.0447906433712,0.0141216550309,6.2753355098176105e-08,0,3.1376677549088053e-08,21,1,1,1,0,0
4949,11,-0.93419154052226616,0.68879862020438853,-1.7243973486132484,-0.42410815994002293,2.0269556112117941,-0.60149781843511285,0.491838157354,0.278069920363,2.3795801155154196e-05,0,1.1897900577577098e-05,10,1,1,1,0,0
4950,15,-1.7424558723434727,-1.1966094222589769,-2.8577101778376677,5.2816881151055011,-2.6647501892927177,2.5962663009956874,0.101781375747,0.0188364050512,1.1844080245611606e-07,0,5.9220401228058032e-08,14,1,1,1,0,0
4951,11,-2.9645864094638199,3.6856749548009646,-0.99651177945005509,-5.3500906640055677,-4.1497752229446192,-5.1241005327067848,0.16158601112,0.0105388202604,5.9942900462095758e-08,0,2.9971450231047879e-08,5,1,1,1,0,0
4952,5,-5.1451358975179566,-4.0078187253034736,-1.7117839802538577,-2.3725263816916184,1.1130887503776756,3.2959628874029789,0.181676781206,0.0217475988414,1.7707771532238555e-07,0,8.8538857661192774e-08,25,1,1,1,0,0
4953,1,0.2885576347398518,-1.4739534948424478,-1.0735252039528427,-4.7694044859700364,1.5001388822057995,5.248575786658435,2.14624517066,0.0173433991776,4.6979952709275576e-06,0,2.3489976354637788e-06,6,1,1,1,0,0
4954,2,-1.5907043669548853,-4.9115839472746687,2.0895591318189743,-1.6778195631757413,-1.4133826008838015,-3.0514716140548397,0.0265406295849,0.0226117958134,1.56453253836842e-07,0,7.8226626918420999e-08,19,1,1,1,0,0
4955,1,5.6017999953262594,-3.8177849327925806,2.491513924642311,-0.30562225125958797,-3.638037716139114,5.0088890271049449,0.138772582863,0.0871104875523,2.3307670180984267e-06,0,1.1653835090492133e-06,24,1,1,1,0,0
4956,7,-0.77444151929136018,-3.3425443727175517,-0.85241169161309449,2.6778290901860138,-5.4627138204944119,-0.57265275284366879,0.860302218826,0.0100627834023,7.7096534878345792e-07,0,3.8548267439172896e-07,24,1,1,1,0,0
4957,1,4.6203776351504011,1.0847194878228588,-2.763745752637178,-3.4867560107706215,4.4947674708285241,-2.8536508375854202,1.08915198044,0.0596535282471,2.2702463550476473e-06,0,1.1351231775238237e-06,16,1,1,1,0,0
4958,9,-0.40124591691713113,1.8028639789756495,-0.33692280700327437,5.3664600775662956,-1.9126003366275219,-5.453347111081813,2.61481089793,0.0240520460158,7.0134574887738618e-06,0,3.5067287443869309e-06,13,1,1,1,0,0
4959,5,-1.9989280355321475,2.8076416353252474,2.4716072938769598,-2.2176768336308936,4.0640553838976263,4.6358337721006198,0.0495961541436,0.00525596506837,1.0874886146838468e-08,0,5.4374430734192342e-09,15,1,1,1,0,0
4960,13,4.6178738995330813,1.8319906983558947,0.97042279656030117,2.1971676698256326,0.0099486271245456497,5.9323484979779453,3.71859612346,0.032078182514,1.4141411437575369e-05,0,7.0707057187876844e-06,25,1,1,1,0,0
4961,6,4.4954669690173867,2.1281791730073998,0.73918648949799515,-2.8354131349461134,2.8469749467014327,-4.1704169840590515,0.415064673537,0.132650307085,5.5323584727561885e-06,0,2.7661792363780943e-06,6,1,1,1,0,0
4962,7,-3.3435638400818579,1.0201597230210637,1.1489358327428874,2.3408815510837755,-4.2888228745184254,3.8789760428672282,0.846342138865,0.0305328707669,1.0002764934102555e-06,0,5.0013824670512774e-07,9,1,1,1,0,0
4963,5,-1.6680062325522809,-3.1996111733022503,2.3655239981644107,4.8421101507654303,-5.1683379792800181,-5.2855701707398666,0.0406207393132,0.00309220937927,4.5627227704058511e-09,0,2.2813613852029255e-09,31,1,1,1,0,0
4964,3,2.0959614752957041,5.5416179891732487,0.98075548999145912,3.5937543434486368,3.0454677525047482,1.848347515281809,0.0426474773304,0.000659058576139,1.9511203988603555e-09,0,9.7556019943017777e-10,50,1,1,1,0,0
4965,2,1.5484249982005818,2.3719842123197155,-0.33176503894148462,-1.3587746262801021,-1.07549716220618,-6.0262239144582521,3.08372025074,0.264701724184,3.0852960185732643e-05,0,1.5426480092866321e-05,17,1,1,1,0,0
4966,4,-3.7076163576142314,-1.4690094128357216,1.2889466393375444,2.1910395372443339,4.8007516004790878,5.2901852424493763,0.119764899751,0.00228475092151,1.5933760576262701e-08,0,7.9668802881313506e-09,27,1,1,1,0,0
4967,3,-2.5259400280653432,-5.5742110167469479,-1.5681917080647461,-0.48965197829738388,-4.8981743815306302,-5.355968507770922,0.0403088031291,0.0136968758845,5.8772370618119326e-08,0,2.9386185309059663e-08,23,1,1,1,0,0
4968,12,6.0335637896504153,4.5757835533467341,-1.7642084701555019,1.5290670833025082,0.96740759091800843,4.9713509098661532,0.0250019126822,0.00166554781622,1.4701194473840503e-09,0,7.3505972369202516e-10,19,1,1,1,0,0
4969,0,3.3464066575289064,1.2965319376523561,1.574683820747421,-6.1442733677347308,4.1940002922198572,-1.0085478977301785,0.0514975437296,0.000923795780478,2.9119571031779707e-09,0,1.4559785515889853e-09,5,1,1,1,0,0
4970,2,5.6490362106818983,-0.1235144851172767,0.8243586885596238,0.86038409137513239,4.8828982031032027,-4.3118879178658034,0.184796043029,0.0694022426863,1.5013915578062438e-06,0,7.5069577890312188e-07,19,1,1,1,0,0
4971,3,5.8354315057583301,-0.33470511301302275,-1.3216420598580148,-3.6485386932784363,4.7195575461690851,-3.5381698340547438,0.0580303779917,0.0191980006065,1.1563830409447883e-07,0,5.7819152047239417e-08,41,1,1,1,0,0
4972,15,2.0846544728169958,4.5411548878173242,1.4920688311078407,4.1797734461545781,-5.5863103386923214,3.957773480639351,0.6774701782,0.00591235619779,4.6961403541474127e-07,0,2.3480701770737064e-07,7,1,1,1,0,0
4973,9,5.0266345906936776,2.2554111705416298,2.7252449883948828,-4.6901577820880513,1.171972707058889,-0.066726736177501772,0.0387756738949,0.189887279635,1.0985148374710873e-05,0,5.4925741873554364e-06,10,1,1,1,0,0
4974,1,4.929975478502743,3.5506163002515958,-2.94561672550173,0.93559855762196309,-1.896672701688507,3.1251552754344067,0.561766812992,0.000516164840786,3.1566311022378866e-07,0,1.5783155511189433e-07,19,1,1,1,0,0
4975,14,1.1516280389246156,-3.140415018232527,1.2160749277154248,-2.4377343669736118,4.7616019328284693,0.81446409896612937,0.0451928470525,0.00878581042853,2.5555953670434322e-08,0,1.2777976835217161e-08,23,1,1,1,0,0
4976,5,2.3995988112196427,-5.103221514194936,0.60899484765461875,-3.0389225220269367,-4.2257548176742423,-3.2222143550873166,2.12034702678,0.126712480175,9.3868248387076928e-06,0,4.6934124193538464e-06,11,1,1,1,0,0
4977,11,3.8229162674129351,-1.5617246957782174,0.40113685316157277,-2.0406976703272393,0.44076762023702942,-3.6140794123847324,1.34056060457,0.224311495426,1.7124125292523129e-05,0,8.5620626462615646e-06,23,1,1,1,0,0
4978,0,-4.1751710777584909,-1.7343843792330687,-0.74486456131840995,-3.8713407257582717,2.2681610917199548,-1.4643698393769071,2.69147914177,0.0100119223355,7.2745943908604169e-06,0,3.6372971954302084e-06,20,1,1,1,0,0
4979,13,-4.1607092158366275,1.8696883594205183,1.0458351173028486,5.536291097490583,4.713372159802395,-0.44359622298776186,0.238173217823,0.0285938804674,3.0578473033637746e-07,0,1.5289236516818873e-07,9,1,1,1,0,0
4980,15,-0.030324244638153912,-1.9588284492929404,0.99164746096434053,-0.23545591893435411,2.4905513811463109,5.0534651862842965,0.128523251932,0.00870833512,3.9618918949585078e-08,0,1.9809459474792539e-08,43,1,1,1,0,0
4981,11,-3.6092137888922551,4.0016869986792862,-2.5117909790566437,-0.54254229996459047,-0.2701297295105517,-0.65893655413582342,1.446657296,0.0326439396822,2.4174258177221759e-06,0,1.208712908861088e-06,16,1,1,1,0,0
4982,13,2.5316676628376329,-4.8945952708991252,-0.76770857572539863,1.1427217655174549,5.1034310535084568,-0.31438860970872556,0.216506299796,0.0288150989053,2.998018448040664e-07,0,1.499009224020332e-07,11,1,1,1,0,0
4983,3,1.1986056877133784,1.3977252979143076,1.2948031473218615,-3.736532405114775,2.2028170712870914,2.7336861450169776,0.109611428371,0.0262492675902,2.2190339321365278e-07,0,1.1095169660682639e-07,13,1,1,1,0,0
4984,2,4.4094318171621891,-4.1655986398132541,1.2591274121310976,-1.8979816832478356,4.9203206964930821,3.0301219977225657,0.16945410746,0.00137360125983,2.9289440718602129e-08,0,1.4644720359301064e-08,12,1,1,1,0,0
4985,11,5.7116560536536962,-1.0464559184895852,-2.037230241607237,-0.15386982935008178,5.0713185641527687,-2.8753782891897535,0.203970063984,0.0492112467696,7.793100512187518e-07,0,3.896550256093759e-07,14,1,1,1,0,0
4986,5,3.3011857139548848,-3.4611522945927855,2.6391281834478426,1.7817164089306812,2.4584115416804075,3.316770479522138,0.040291601523,0.0518180721507,8.1955548563192178e-07,0,4.0977774281596089e-07,8,1,1,1,0,0
4987,2,5.4004959028306043,-2.0984618651708091,-2.2681564053550107,1.1718868255839836,2.745794065855947,5.1284218869596998,0.348984239535,0.0551116604284,1.0470030005611021e-06,0,5.2350150028055106e-07,18,1,1,1,0,0
4988,7,-4.7231328437147546,-3.2253999315323685,-1.0960477150545673,-3.4199876987771778,1.8115419694745756,3.0231905985881933,0.298784045071,0.0671932296533,1.4645982665908806e-06,0,7.3229913329544032e-07,35,1,1,1,0,0
4989,8,-2.5849096616368596,2.3834345859609618,2.7227826218159183,-0.30964505554538413,2.8073468527843026,3.3865730461557777,1.92303358442,0.569070632494,0.00010234578521464662,0,5.1172892607323312e-05,20,1,1,1,0,0
4990,15,-0.022297075810210672,-0.1983110997774768,-0.71970798744484099,-1.1230804403197074,-4.5778359154232717,-1.0338127854184642,0.0296971976073,0.227124183445,1.57146917574267e-05,0,7.8573458787133499e-06,9,1,1,1,0,0
4991,3,-5.0663589767042501,2.1388693953203846,0.31400076173948199,5.2049502305205797,4.0519148786450963,1.2620007478062814,95.3638439591,8.03566295659,0.028763981952669795,0,0.014381990976334897,60,0,0,0,0,3
4992,0,-0.30232831692084822,-1.5685675291408314,-1.7213982717061636,1.1886822929416281,-4.2107342169898168,4.4528762751907696,0.0321044360433,0.181438633192,1.0029029335179132e-05,0,5.0145146675895662e-06,20,1,1,1,0,0
4993,7,4.8297832856301168,-2.8969590414258861,-2.8034821154435159,1.537396465003704,-1.9384096299062576,-5.0390619216532553,0.0111151567816,0.13470714634,5.5277158991933867e-06,0,2.7638579495966934e-06,27,1,1,1,0,0
4994,9,3.4344926852270898,5.6246686201277116,-1.3890623874873449,-2.450615129703015,4.7281909900271772,4.2858748205753034,0.211123874783,0.00369801599099,4.8739031887721012e-08,0,2.4369515943860506e-08,27,1,1,1,0,0
4995,9,-1.8224446926016531,-0.83912409667916554,-2.1407459817415626,-4.7201587941731669,-4.5649302525727711,-0.67823051834405157,0.16214808928,0.536985598027,8.7863801055705881e-05,0,4.393190052785294e-05,55,1,1,1,0,0
4996,2,3.5276704363518685,-0.12442774764199421,-0.71083906560162047,-0.36265273263719516,1.8802813354996655,1.7429512711539425,0.338884366625,0.0275526714689,3.4609283833339611e-07,0,1.7304641916669805e-07,26,1,1,1,0,0
4997,10,-1.2987229543472734,1.0588371580290423,-2.1714296859339428,-1.2204878942343655,-4.8216559520726676,6.0600393788974358,2.48367583613,0.0586068388338,7.2149338623823231e-06,0,3.6074669311911616e-06,12,1,1,1,0,0
4998,2,-0.043116169970446643,1.0759432782553104,2.4446914894076004,3.9438172998807501,-2.307785090298057,1.4200321152333748,0.0480601060428,0.00319004735422,5.4096831500190252e-09,0,2.7048415750095126e-09,25,1,1,1,0,0
4999,9,-5.9726921991510427,1.0263919111316704,2.0510984537983998,-4.5022884695010594,-5.4087613320922951,-2.1307618361393357,0.0101724629751,0.122087880319,4.5405633573687873e-06,0,2.2702816786843936e-06,19,1,1,1,0,0
